new_label original_label
1 0
2 1
3 2
4 3
5 4
6 5
7 6
8 7
9 8
10 9
11 10
12 11
13 12
14 13
15 14
16 15
17 16
18 17
19 18
20 19
21 20
22 21
23 22
24 23
25 24
26 25
27 26
28 27
29 28
30 29
31 30
32 31
33 32
34 33
35 34
36 35
37 36
38 37
39 38
40 39
41 40
42 41
43 42
44 43
45 44
46 45
47 46
48 47
49 48
50 49
51 50
52 51
53 52
54 53
55 54
56 55
57 56
58 57
59 58
60 59
61 60
62 61
63 62
64 63
65 64
66 65
67 66
68 67
69 68
70 69
71 70
72 71
73 72
74 73
75 83
76 84
77 85
78 86
79 87
80 88
81 89
82 90
83 91
84 92
85 121
86 123
87 124
88 125
89 126
90 127
91 128
92 129
93 130
94 131
95 132
96 133
97 134
98 135
99 138
100 140
101 141
102 142
103 143
104 144
105 145
106 146
107 160
108 161
109 176
110 177
111 179
112 180
113 182
114 183
115 184
116 185
117 187
118 195
119 198
120 214
121 215
122 216
123 217
124 218
125 219
126 220
127 221
128 222
129 223
130 224
131 237
132 238
133 239
134 240
135 242
136 243
137 264
138 268
139 269
140 270
141 287
142 288
143 289
144 290
145 291
146 292
147 293
148 294
149 295
150 296
151 297
152 298
153 299
154 300
155 301
156 303
157 304
158 305
159 306
160 307
161 308
162 309
163 310
164 311
165 312
166 314
167 315
168 316
169 317
170 318
171 319
172 320
173 321
174 322
175 323
176 324
177 325
178 326
179 328
180 329
181 330
182 331
183 332
184 333
185 335
186 341
187 342
188 343
189 351
190 352
191 353
192 354
193 355
194 356
195 357
196 358
197 359
198 360
199 361
200 362
201 363
202 364
203 365
204 366
205 367
206 368
207 369
208 370
209 371
210 379
211 380
212 381
213 382
214 420
215 421
216 422
217 423
218 424
219 425
220 426
221 427
222 428
223 429
224 430
225 431
226 432
227 453
228 454
229 455
230 456
231 457
232 458
233 459
234 460
235 461
236 462
237 473
238 474
239 475
240 476
241 477
242 478
243 479
244 480
245 481
246 482
247 483
248 504
249 505
250 506
251 507
252 508
253 509
254 510
255 511
256 512
257 513
258 514
259 520
260 521
261 548
262 549
263 550
264 551
265 552
266 553
267 556
268 557
269 558
270 559
271 565
272 574
273 575
274 576
275 577
276 578
277 579
278 580
279 581
280 582
281 583
282 584
283 585
284 586
285 587
286 588
287 589
288 590
289 591
290 592
291 593
292 594
293 595
294 616
295 617
296 627
297 628
298 629
299 633
300 638
301 640
302 641
303 642
304 643
305 644
306 648
307 649
308 650
309 651
310 652
311 653
312 654
313 658
314 673
315 674
316 675
317 676
318 677
319 678
320 679
321 680
322 681
323 682
324 683
325 684
326 685
327 686
328 696
329 697
330 698
331 699
332 700
333 701
334 702
335 703
336 704
337 705
338 706
339 707
340 708
341 709
342 710
343 711
344 712
345 713
346 714
347 715
348 734
349 735
350 736
351 737
352 738
353 739
354 740
355 741
356 742
357 743
358 744
359 745
360 746
361 747
362 748
363 749
364 750
365 751
366 752
367 753
368 754
369 755
370 756
371 757
372 758
373 759
374 760
375 761
376 764
377 765
378 773
379 774
380 775
381 776
382 777
383 792
384 804
385 805
386 807
387 808
388 809
389 810
390 811
391 812
392 813
393 814
394 815
395 816
396 817
397 818
398 819
399 820
400 821
401 822
402 842
403 850
404 851
405 852
406 853
407 854
408 855
409 856
410 857
411 888
412 889
413 890
414 892
415 893
416 894
417 895
418 898
419 899
420 900
421 901
422 902
423 903
424 904
425 905
426 927
427 928
428 929
429 930
430 931
431 932
432 933
433 934
434 935
435 936
436 937
437 938
438 939
439 940
440 945
441 946
442 947
443 948
444 950
445 951
446 952
447 953
448 954
449 955
450 967
451 968
452 969
453 970
454 971
455 972
456 973
457 974
458 975
459 976
460 977
461 978
462 979
463 984
464 985
465 997
466 998
467 999
468 1000
469 1001
470 1002
471 1003
472 1004
473 1005
474 1006
475 1011
476 1012
477 1013
478 1014
479 1015
480 1016
481 1017
482 1020
483 1021
484 1032
485 1034
486 1035
487 1036
488 1037
489 1038
490 1039
491 1040
492 1041
493 1042
494 1043
495 1045
496 1046
497 1049
498 1050
499 1051
500 1052
501 1053
502 1054
503 1055
504 1058
505 1059
506 1060
507 1063
508 1064
509 1065
510 1066
511 1067
512 1079
513 1080
514 1081
515 1082
516 1083
517 1084
518 1085
519 1086
520 1087
521 1088
522 1089
523 1090
524 1093
525 1094
526 1095
527 1096
528 1097
529 1098
530 1099
531 1100
532 1101
533 1102
534 1103
535 1104
536 1105
537 1106
538 1109
539 1110
540 1111
541 1112
542 1113
543 1121
544 1125
545 1138
546 1139
547 1140
548 1142
549 1144
550 1145
551 1146
552 1147
553 1148
554 1149
555 1153
556 1154
557 1155
558 1156
559 1157
560 1158
561 1159
562 1160
563 1161
564 1162
565 1163
566 1164
567 1165
568 1186
569 1187
570 1188
571 1189
572 1190
573 1191
574 1192
575 1194
576 1210
577 1211
578 1212
579 1213
580 1214
581 1215
582 1216
583 1217
584 1218
585 1219
586 1220
587 1222
588 1224
589 1225
590 1231
591 1232
592 1233
593 1234
594 1235
595 1236
596 1239
597 1241
598 1242
599 1243
600 1244
601 1245
602 1246
603 1247
604 1248
605 1249
606 1250
607 1251
608 1252
609 1253
610 1260
611 1261
612 1262
613 1263
614 1264
615 1265
616 1266
617 1267
618 1268
619 1269
620 1270
621 1271
622 1272
623 1273
624 1274
625 1275
626 1276
627 1277
628 1278
629 1279
630 1280
631 1281
632 1282
633 1283
634 1284
635 1285
636 1286
637 1287
638 1295
639 1296
640 1297
641 1309
642 1311
643 1314
644 1315
645 1316
646 1317
647 1318
648 1319
649 1320
650 1321
651 1322
652 1323
653 1324
654 1332
655 1333
656 1335
657 1336
658 1340
659 1341
660 1342
661 1350
662 1351
663 1352
664 1353
665 1354
666 1355
667 1356
668 1357
669 1358
670 1359
671 1360
672 1361
673 1362
674 1363
675 1364
676 1366
677 1367
678 1368
679 1369
680 1370
681 1371
682 1372
683 1373
684 1374
685 1375
686 1376
687 1377
688 1378
689 1379
690 1380
691 1381
692 1382
693 1383
694 1384
695 1385
696 1386
697 1387
698 1393
699 1394
700 1395
701 1396
702 1397
703 1398
704 1399
705 1400
706 1401
707 1402
708 1403
709 1407
710 1408
711 1409
712 1410
713 1416
714 1418
715 1421
716 1422
717 1423
718 1427
719 1428
720 1429
721 1430
722 1431
723 1432
724 1433
725 1434
726 1435
727 1436
728 1437
729 1438
730 1439
731 1440
732 1441
733 1442
734 1443
735 1444
736 1451
737 1458
738 1459
739 1460
740 1466
741 1467
742 1468
743 1470
744 1471
745 1472
746 1473
747 1474
748 1475
749 1476
750 1477
751 1478
752 1479
753 1480
754 1481
755 1482
756 1483
757 1484
758 1485
759 1486
760 1487
761 1488
762 1494
763 1495
764 1496
765 1497
766 1498
767 1499
768 1500
769 1501
770 1502
771 1503
772 1504
773 1505
774 1506
775 1507
776 1508
777 1509
778 1510
779 1511
780 1512
781 1513
782 1514
783 1515
784 1516
785 1517
786 1519
787 1520
788 1521
789 1522
790 1523
791 1531
792 1532
793 1534
794 1535
795 1536
796 1538
797 1540
798 1562
799 1563
800 1567
801 1568
802 1569
803 1570
804 1572
805 1573
806 1578
807 1588
808 1589
809 1590
810 1592
811 1599
812 1642
813 1643
814 1663
815 1667
816 1669
817 1671
818 1672
819 1673
820 1674
821 1675
822 1676
823 1677
824 1678
825 1679
826 1680
827 1681
828 1682
829 1683
830 1684
831 1685
832 1686
833 1687
834 1688
835 1690
836 1691
837 1692
838 1693
839 1694
840 1695
841 1708
842 1709
843 1710
844 1713
845 1714
846 1718
847 1719
848 1729
849 1730
850 1731
851 1732
852 1733
853 1734
854 1735
855 1736
856 1738
857 1739
858 1743
859 1744
860 1745
861 1747
862 1748
863 1753
864 1774
865 1775
866 1783
867 1784
868 1785
869 1786
870 1787
871 1788
872 1793
873 1799
874 1800
875 1801
876 1802
877 1805
878 1808
879 1809
880 1810
881 1811
882 1812
883 1813
884 1814
885 1815
886 1816
887 1818
888 1819
889 1820
890 1822
891 1842
892 1843
893 1844
894 1845
895 1846
896 1847
897 1848
898 1850
899 1851
900 1852
901 1853
902 1854
903 1855
904 1873
905 1882
906 1883
907 1891
908 1892
909 1893
910 1901
911 1902
912 1903
913 1904
914 1907
915 1908
916 1909
917 1913
918 1914
919 1915
920 1916
921 1917
922 1918
923 1919
924 1922
925 1923
926 1925
927 1927
928 1928
929 1929
930 1930
931 1938
932 1939
933 1940
934 1941
935 1942
936 1943
937 1944
938 1946
939 1947
940 1948
941 1949
942 1953
943 1954
944 1957
945 1958
946 1959
947 1964
948 1965
949 1966
950 1967
951 1988
952 1989
953 1991
954 2022
955 2031
956 2032
957 2033
958 2034
959 2035
960 2036
961 2037
962 2038
963 2039
964 2041
965 2045
966 2048
967 2051
968 2054
969 2056
970 2058
971 2060
972 2061
973 2062
974 2063
975 2064
976 2065
977 2066
978 2067
979 2068
980 2069
981 2070
982 2071
983 2072
984 2073
985 2074
986 2076
987 2077
988 2078
989 2079
990 2080
991 2083
992 2084
993 2086
994 2087
995 2090
996 2091
997 2092
998 2093
999 2094
1000 2095
1001 2096
1002 2097
1003 2098
1004 2099
1005 2100
1006 2101
1007 2102
1008 2103
1009 2104
1010 2105
1011 2107
1012 2108
1013 2113
1014 2114
1015 2117
1016 2118
1017 2119
1018 2120
1019 2121
1020 2122
1021 2123
1022 2125
1023 2126
1024 2127
1025 2128
1026 2129
1027 2134
1028 2135
1029 2136
1030 2137
1031 2141
1032 2142
1033 2145
1034 2146
1035 2147
1036 2149
1037 2150
1038 2151
1039 2152
1040 2153
1041 2154
1042 2155
1043 2156
1044 2165
1045 2169
1046 2170
1047 2171
1048 2172
1049 2184
1050 2187
1051 2188
1052 2189
1053 2190
1054 2196
1055 2197
1056 2198
1057 2199
1058 2200
1059 2201
1060 2202
1061 2204
1062 2205
1063 2206
1064 2207
1065 2214
1066 2217
1067 2218
1068 2219
1069 2220
1070 2221
1071 2222
1072 2223
1073 2224
1074 2225
1075 2226
1076 2227
1077 2228
1078 2229
1079 2230
1080 2231
1081 2232
1082 2233
1083 2238
1084 2239
1085 2240
1086 2242
1087 2246
1088 2249
1089 2259
1090 2260
1091 2268
1092 2269
1093 2276
1094 2277
1095 2278
1096 2279
1097 2280
1098 2282
1099 2283
1100 2284
1101 2285
1102 2286
1103 2287
1104 2288
1105 2298
1106 2301
1107 2305
1108 2306
1109 2307
1110 2308
1111 2309
1112 2310
1113 2311
1114 2312
1115 2321
1116 2333
1117 2334
1118 2335
1119 2336
1120 2337
1121 2345
1122 2346
1123 2349
1124 2350
1125 2369
1126 2370
1127 2371
1128 2372
1129 2373
1130 2375
1131 2376
1132 2377
1133 2385
1134 2394
1135 2398
1136 2401
1137 2402
1138 2403
1139 2404
1140 2405
1141 2406
1142 2407
1143 2408
1144 2409
1145 2410
1146 2412
1147 2413
1148 2414
1149 2417
1150 2418
1151 2419
1152 2420
1153 2421
1154 2422
1155 2427
1156 2429
1157 2434
1158 2435
1159 2436
1160 2441
1161 2442
1162 2443
1163 2444
1164 2447
1165 2448
1166 2449
1167 2450
1168 2457
1169 2458
1170 2459
1171 2461
1172 2462
1173 2463
1174 2467
1175 2468
1176 2469
1177 2470
1178 2472
1179 2473
1180 2475
1181 2479
1182 2482
1183 2483
1184 2484
1185 2485
1186 2486
1187 2487
1188 2489
1189 2491
1190 2497
1191 2504
1192 2505
1193 2506
1194 2507
1195 2508
1196 2509
1197 2519
1198 2520
1199 2521
1200 2522
1201 2554
1202 2555
1203 2558
1204 2559
1205 2560
1206 2561
1207 2562
1208 2563
1209 2564
1210 2571
1211 2577
1212 2578
1213 2583
1214 2584
1215 2600
1216 2611
1217 2617
1218 2622
1219 2623
1220 2624
1221 2629
1222 2630
1223 2631
1224 2632
1225 2638
1226 2639
1227 2640
1228 2641
1229 2642
1230 2643
1231 2644
1232 2648
1233 2649
1234 2652
1235 2653
1236 2660
1237 2661
1238 2662
1239 2663
1240 2664
1241 2665
1242 2670
1243 2671
1244 2677
1245 2678
1246 2679
1247 2680
1248 2681
1249 2682
1250 2683
1251 2690
1252 2691
1253 2692
1254 2693
1255 2701
1256 2702
1257 2706
1258 2707
1259 2709
1260 2710
1261 2711
1262 2712
1263 2713
1264 2714
1265 2716
1266 2720
1267 2721
1268 2722
1269 2723
1270 2724
1271 2725
1272 2727
1273 2728
1274 2730
1275 2739
1276 2740
1277 2746
1278 2747
1279 2748
1280 2749
1281 2750
1282 2751
1283 2753
1284 2754
1285 2755
1286 2756
1287 2757
1288 2758
1289 2759
1290 2760
1291 2761
1292 2762
1293 2763
1294 2764
1295 2765
1296 2766
1297 2767
1298 2768
1299 2769
1300 2770
1301 2771
1302 2772
1303 2782
1304 2783
1305 2784
1306 2785
1307 2786
1308 2787
1309 2788
1310 2789
1311 2790
1312 2791
1313 2792
1314 2793
1315 2802
1316 2828
1317 2833
1318 2838
1319 2844
1320 2845
1321 2849
1322 2850
1323 2851
1324 2856
1325 2857
1326 2870
1327 2871
1328 2875
1329 2876
1330 2877
1331 2878
1332 2879
1333 2887
1334 2888
1335 2889
1336 2890
1337 2891
1338 2894
1339 2905
1340 2910
1341 2911
1342 2918
1343 2926
1344 2928
1345 2929
1346 2930
1347 2933
1348 2938
1349 2939
1350 2940
1351 2941
1352 2942
1353 2943
1354 2946
1355 2947
1356 2948
1357 2949
1358 2950
1359 2958
1360 2959
1361 2960
1362 2961
1363 2962
1364 2963
1365 2964
1366 2965
1367 2966
1368 2967
1369 2968
1370 2969
1371 2977
1372 2978
1373 2979
1374 2980
1375 2981
1376 2982
1377 2983
1378 2989
1379 2990
1380 2991
1381 2992
1382 2993
1383 2994
1384 2995
1385 3002
1386 3003
1387 3004
1388 3005
1389 3019
1390 3021
1391 3022
1392 3023
1393 3029
1394 3040
1395 3041
1396 3046
1397 3047
1398 3048
1399 3049
1400 3050
1401 3056
1402 3057
1403 3058
1404 3064
1405 3073
1406 3074
1407 3075
1408 3077
1409 3078
1410 3079
1411 3080
1412 3081
1413 3082
1414 3083
1415 3084
1416 3085
1417 3086
1418 3100
1419 3101
1420 3102
1421 3103
1422 3115
1423 3118
1424 3119
1425 3120
1426 3121
1427 3123
1428 3124
1429 3125
1430 3126
1431 3127
1432 3128
1433 3129
1434 3130
1435 3131
1436 3134
1437 3139
1438 3141
1439 3142
1440 3143
1441 3148
1442 3168
1443 3169
1444 3170
1445 3171
1446 3172
1447 3173
1448 3174
1449 3175
1450 3177
1451 3178
1452 3181
1453 3182
1454 3183
1455 3184
1456 3185
1457 3186
1458 3190
1459 3191
1460 3192
1461 3193
1462 3194
1463 3199
1464 3200
1465 3202
1466 3203
1467 3207
1468 3210
1469 3211
1470 3216
1471 3217
1472 3224
1473 3229
1474 3232
1475 3233
1476 3243
1477 3244
1478 3245
1479 3248
1480 3261
1481 3262
1482 3263
1483 3264
1484 3266
1485 3269
1486 3271
1487 3272
1488 3276
1489 3277
1490 3287
1491 3288
1492 3289
1493 3290
1494 3294
1495 3295
1496 3296
1497 3300
1498 3301
1499 3303
1500 3304
1501 3305
1502 3306
1503 3309
1504 3310
1505 3314
1506 3316
1507 3317
1508 3318
1509 3320
1510 3321
1511 3322
1512 3330
1513 3334
1514 3340
1515 3341
1516 3343
1517 3344
1518 3355
1519 3356
1520 3357
1521 3358
1522 3359
1523 3372
1524 3374
1525 3376
1526 3379
1527 3380
1528 3381
1529 3382
1530 3384
1531 3391
1532 3392
1533 3393
1534 3394
1535 3395
1536 3397
1537 3398
1538 3399
1539 3406
1540 3407
1541 3416
1542 3418
1543 3419
1544 3420
1545 3421
1546 3422
1547 3423
1548 3425
1549 3426
1550 3427
1551 3428
1552 3430
1553 3431
1554 3432
1555 3440
1556 3445
1557 3450
1558 3455
1559 3456
1560 3457
1561 3458
1562 3459
1563 3460
1564 3462
1565 3463
1566 3464
1567 3466
1568 3475
1569 3478
1570 3490
1571 3493
1572 3506
1573 3510
1574 3511
1575 3512
1576 3513
1577 3514
1578 3515
1579 3516
1580 3519
1581 3520
1582 3530
1583 3531
1584 3532
1585 3533
1586 3534
1587 3535
1588 3536
1589 3539
1590 3541
1591 3543
1592 3544
1593 3550
1594 3552
1595 3553
1596 3565
1597 3566
1598 3567
1599 3568
1600 3569
1601 3571
1602 3585
1603 3586
1604 3587
1605 3592
1606 3593
1607 3596
1608 3597
1609 3598
1610 3599
1611 3600
1612 3606
1613 3607
1614 3608
1615 3609
1616 3610
1617 3611
1618 3612
1619 3613
1620 3614
1621 3615
1622 3618
1623 3621
1624 3622
1625 3625
1626 3626
1627 3627
1628 3631
1629 3632
1630 3633
1631 3634
1632 3635
1633 3636
1634 3637
1635 3639
1636 3640
1637 3641
1638 3643
1639 3645
1640 3646
1641 3652
1642 3654
1643 3655
1644 3656
1645 3657
1646 3658
1647 3660
1648 3661
1649 3662
1650 3663
1651 3675
1652 3683
1653 3685
1654 3691
1655 3692
1656 3706
1657 3707
1658 3708
1659 3711
1660 3712
1661 3713
1662 3714
1663 3715
1664 3720
1665 3721
1666 3723
1667 3724
1668 3725
1669 3731
1670 3734
1671 3735
1672 3736
1673 3737
1674 3743
1675 3744
1676 3749
1677 3752
1678 3753
1679 3764
1680 3769
1681 3770
1682 3779
1683 3780
1684 3781
1685 3784
1686 3788
1687 3789
1688 3790
1689 3791
1690 3792
1691 3793
1692 3794
1693 3803
1694 3804
1695 3805
1696 3807
1697 3808
1698 3809
1699 3810
1700 3811
1701 3812
1702 3815
1703 3816
1704 3817
1705 3824
1706 3826
1707 3829
1708 3830
1709 3831
1710 3832
1711 3834
1712 3835
1713 3836
1714 3837
1715 3840
1716 3841
1717 3842
1718 3843
1719 3845
1720 3851
1721 3852
1722 3857
1723 3858
1724 3864
1725 3865
1726 3870
1727 3871
1728 3872
1729 3873
1730 3878
1731 3880
1732 3882
1733 3883
1734 3887
1735 3888
1736 3889
1737 3891
1738 3896
1739 3897
1740 3900
1741 3908
1742 3909
1743 3915
1744 3916
1745 3917
1746 3918
1747 3920
1748 3921
1749 3927
1750 3928
1751 3929
1752 3930
1753 3931
1754 3934
1755 3944
1756 3947
1757 3948
1758 3949
1759 3950
1760 3954
1761 3955
1762 3956
1763 3957
1764 3958
1765 3959
1766 3960
1767 3961
1768 3962
1769 3963
1770 3964
1771 3965
1772 3966
1773 3967
1774 3979
1775 3986
1776 4001
1777 4003
1778 4004
1779 4005
1780 4006
1781 4007
1782 4008
1783 4009
1784 4010
1785 4018
1786 4019
1787 4021
1788 4022
1789 4023
1790 4029
1791 4030
1792 4031
1793 4037
1794 4039
1795 4040
1796 4041
1797 4043
1798 4051
1799 4052
1800 4053
1801 4054
1802 4055
1803 4056
1804 4057
1805 4062
1806 4068
1807 4069
1808 4070
1809 4071
1810 4072
1811 4073
1812 4074
1813 4075
1814 4076
1815 4080
1816 4082
1817 4096
1818 4097
1819 4101
1820 4102
1821 4103
1822 4105
1823 4110
1824 4120
1825 4124
1826 4125
1827 4127
1828 4128
1829 4129
1830 4131
1831 4132
1832 4133
1833 4134
1834 4137
1835 4138
1836 4144
1837 4145
1838 4150
1839 4153
1840 4154
1841 4155
1842 4158
1843 4159
1844 4160
1845 4161
1846 4162
1847 4163
1848 4169
1849 4170
1850 4173
1851 4174
1852 4182
1853 4187
1854 4191
1855 4192
1856 4200
1857 4204
1858 4208
1859 4209
1860 4215
1861 4220
1862 4221
1863 4222
1864 4224
1865 4225
1866 4226
1867 4227
1868 4228
1869 4229
1870 4234
1871 4239
1872 4240
1873 4241
1874 4242
1875 4246
1876 4249
1877 4250
1878 4251
1879 4252
1880 4253
1881 4258
1882 4259
1883 4260
1884 4261
1885 4262
1886 4266
1887 4267
1888 4269
1889 4270
1890 4271
1891 4272
1892 4274
1893 4275
1894 4278
1895 4279
1896 4281
1897 4283
1898 4285
1899 4286
1900 4287
1901 4288
1902 4289
1903 4290
1904 4294
1905 4296
1906 4300
1907 4307
1908 4308
1909 4310
1910 4321
1911 4322
1912 4323
1913 4324
1914 4325
1915 4335
1916 4337
1917 4338
1918 4339
1919 4340
1920 4343
1921 4344
1922 4345
1923 4346
1924 4347
1925 4348
1926 4349
1927 4353
1928 4356
1929 4357
1930 4358
1931 4359
1932 4362
1933 4364
1934 4365
1935 4366
1936 4367
1937 4371
1938 4375
1939 4376
1940 4377
1941 4388
1942 4392
1943 4393
1944 4394
1945 4395
1946 4396
1947 4406
1948 4407
1949 4410
1950 4411
1951 4412
1952 4413
1953 4414
1954 4415
1955 4416
1956 4418
1957 4419
1958 4420
1959 4422
1960 4424
1961 4425
1962 4427
1963 4428
1964 4430
1965 4432
1966 4435
1967 4436
1968 4437
1969 4439
1970 4440
1971 4448
1972 4449
1973 4450
1974 4451
1975 4452
1976 4453
1977 4457
1978 4458
1979 4471
1980 4472
1981 4474
1982 4476
1983 4477
1984 4478
1985 4479
1986 4482
1987 4483
1988 4490
1989 4491
1990 4492
1991 4493
1992 4495
1993 4499
1994 4502
1995 4503
1996 4507
1997 4508
1998 4510
1999 4515
2000 4518
2001 4521
2002 4522
2003 4523
2004 4524
2005 4535
2006 4536
2007 4537
2008 4542
2009 4543
2010 4544
2011 4546
2012 4549
2013 4550
2014 4552
2015 4553
2016 4554
2017 4558
2018 4562
2019 4563
2020 4564
2021 4568
2022 4580
2023 4586
2024 4591
2025 4592
2026 4593
2027 4594
2028 4595
2029 4600
2030 4608
2031 4609
2032 4612
2033 4618
2034 4620
2035 4621
2036 4624
2037 4625
2038 4629
2039 4631
2040 4632
2041 4633
2042 4639
2043 4640
2044 4644
2045 4646
2046 4647
2047 4648
2048 4654
2049 4655
2050 4657
2051 4658
2052 4659
2053 4660
2054 4661
2055 4664
2056 4665
2057 4666
2058 4667
2059 4668
2060 4672
2061 4675
2062 4676
2063 4677
2064 4678
2065 4679
2066 4681
2067 4682
2068 4683
2069 4704
2070 4705
2071 4711
2072 4712
2073 4713
2074 4714
2075 4718
2076 4719
2077 4720
2078 4723
2079 4729
2080 4730
2081 4732
2082 4738
2083 4752
2084 4756
2085 4757
2086 4762
2087 4763
2088 4771
2089 4779
2090 4784
2091 4785
2092 4787
2093 4788
2094 4790
2095 4791
2096 4802
2097 4806
2098 4808
2099 4810
2100 4813
2101 4814
2102 4815
2103 4831
2104 4832
2105 4833
2106 4840
2107 4854
2108 4855
2109 4857
2110 4867
2111 4872
2112 4873
2113 4882
2114 4883
2115 4884
2116 4885
2117 4887
2118 4888
2119 4889
2120 4909
2121 4910
2122 4911
2123 4914
2124 4915
2125 4916
2126 4918
2127 4919
2128 4920
2129 4921
2130 4923
2131 4929
2132 4931
2133 4932
2134 4937
2135 4938
2136 4939
2137 4940
2138 4941
2139 4947
2140 4948
2141 4950
2142 4953
2143 4954
2144 4955
2145 4958
2146 4960
2147 4961
2148 4962
2149 4963
2150 4964
2151 4966
2152 4968
2153 4971
2154 4972
2155 4973
2156 4975
2157 4979
2158 4980
2159 4982
2160 4986
2161 4987
2162 4990
2163 4991
2164 5003
2165 5005
2166 5006
2167 5007
2168 5011
2169 5012
2170 5014
2171 5017
2172 5018
2173 5025
2174 5026
2175 5029
2176 5031
2177 5032
2178 5033
2179 5034
2180 5035
2181 5045
2182 5046
2183 5051
2184 5064
2185 5065
2186 5072
2187 5079
2188 5080
2189 5090
2190 5091
2191 5092
2192 5093
2193 5094
2194 5095
2195 5098
2196 5106
2197 5107
2198 5108
2199 5110
2200 5114
2201 5116
2202 5117
2203 5123
2204 5124
2205 5125
2206 5126
2207 5129
2208 5142
2209 5143
2210 5145
2211 5146
2212 5147
2213 5148
2214 5149
2215 5150
2216 5151
2217 5152
2218 5157
2219 5158
2220 5159
2221 5160
2222 5161
2223 5162
2224 5163
2225 5164
2226 5165
2227 5167
2228 5171
2229 5175
2230 5176
2231 5177
2232 5178
2233 5181
2234 5182
2235 5185
2236 5186
2237 5188
2238 5189
2239 5190
2240 5191
2241 5192
2242 5198
2243 5199
2244 5200
2245 5204
2246 5209
2247 5210
2248 5211
2249 5213
2250 5214
2251 5217
2252 5226
2253 5227
2254 5229
2255 5235
2256 5237
2257 5239
2258 5240
2259 5242
2260 5245
2261 5252
2262 5253
2263 5255
2264 5256
2265 5259
2266 5260
2267 5261
2268 5264
2269 5266
2270 5267
2271 5268
2272 5273
2273 5284
2274 5289
2275 5290
2276 5298
2277 5299
2278 5303
2279 5304
2280 5305
2281 5306
2282 5310
2283 5311
2284 5312
2285 5313
2286 5315
2287 5317
2288 5323
2289 5324
2290 5325
2291 5329
2292 5334
2293 5335
2294 5336
2295 5338
2296 5342
2297 5343
2298 5344
2299 5345
2300 5346
2301 5351
2302 5354
2303 5356
2304 5357
2305 5360
2306 5361
2307 5362
2308 5364
2309 5365
2310 5366
2311 5367
2312 5369
2313 5370
2314 5371
2315 5372
2316 5373
2317 5379
2318 5395
2319 5400
2320 5401
2321 5402
2322 5408
2323 5409
2324 5410
2325 5413
2326 5414
2327 5415
2328 5417
2329 5420
2330 5421
2331 5422
2332 5423
2333 5425
2334 5426
2335 5428
2336 5429
2337 5430
2338 5431
2339 5432
2340 5433
2341 5434
2342 5435
2343 5436
2344 5441
2345 5443
2346 5444
2347 5447
2348 5448
2349 5449
2350 5452
2351 5454
2352 5455
2353 5456
2354 5457
2355 5459
2356 5461
2357 5462
2358 5463
2359 5464
2360 5465
2361 5466
2362 5467
2363 5471
2364 5473
2365 5474
2366 5477
2367 5478
2368 5485
2369 5487
2370 5488
2371 5489
2372 5490
2373 5491
2374 5498
2375 5503
2376 5504
2377 5507
2378 5508
2379 5509
2380 5514
2381 5516
2382 5517
2383 5518
2384 5519
2385 5520
2386 5521
2387 5525
2388 5527
2389 5530
2390 5533
2391 5534
2392 5536
2393 5538
2394 5544
2395 5549
2396 5552
2397 5559
2398 5571
2399 5572
2400 5575
2401 5578
2402 5579
2403 5580
2404 5581
2405 5582
2406 5583
2407 5585
2408 5590
2409 5591
2410 5592
2411 5593
2412 5594
2413 5604
2414 5605
2415 5607
2416 5616
2417 5617
2418 5618
2419 5619
2420 5620
2421 5621
2422 5622
2423 5623
2424 5627
2425 5628
2426 5629
2427 5631
2428 5632
2429 5633
2430 5634
2431 5635
2432 5636
2433 5637
2434 5640
2435 5641
2436 5642
2437 5643
2438 5646
2439 5648
2440 5653
2441 5661
2442 5667
2443 5671
2444 5672
2445 5677
2446 5678
2447 5679
2448 5680
2449 5681
2450 5685
2451 5686
2452 5687
2453 5688
2454 5689
2455 5694
2456 5695
2457 5696
2458 5698
2459 5699
2460 5700
2461 5701
2462 5703
2463 5704
2464 5706
2465 5707
2466 5714
2467 5718
2468 5719
2469 5720
2470 5721
2471 5727
2472 5728
2473 5729
2474 5731
2475 5733
2476 5734
2477 5735
2478 5736
2479 5738
2480 5739
2481 5740
2482 5754
2483 5759
2484 5766
2485 5767
2486 5773
2487 5774
2488 5775
2489 5776
2490 5777
2491 5778
2492 5779
2493 5785
2494 5786
2495 5787
2496 5788
2497 5789
2498 5797
2499 5798
2500 5799
2501 5801
2502 5802
2503 5804
2504 5805
2505 5806
2506 5820
2507 5821
2508 5822
2509 5823
2510 5824
2511 5827
2512 5829
2513 5832
2514 5833
2515 5836
2516 5838
2517 5839
2518 5840
2519 5841
2520 5842
2521 5845
2522 5846
2523 5847
2524 5850
2525 5853
2526 5854
2527 5855
2528 5856
2529 5864
2530 5865
2531 5866
2532 5867
2533 5871
2534 5872
2535 5873
2536 5874
2537 5875
2538 5877
2539 5878
2540 5879
2541 5881
2542 5882
2543 5883
2544 5884
2545 5885
2546 5886
2547 5887
2548 5888
2549 5889
2550 5890
2551 5891
2552 5896
2553 5901
2554 5902
2555 5903
2556 5904
2557 5906
2558 5909
2559 5911
2560 5916
2561 5917
2562 5921
2563 5924
2564 5925
2565 5927
2566 5928
2567 5930
2568 5932
2569 5935
2570 5936
2571 5939
2572 5940
2573 5941
2574 5945
2575 5946
2576 5947
2577 5948
2578 5949
2579 5950
2580 5951
2581 5952
2582 5953
2583 5956
2584 5958
2585 5963
2586 5964
2587 5972
2588 5975
2589 5976
2590 5977
2591 5978
2592 5981
2593 5983
2594 5984
2595 5986
2596 5987
2597 5989
2598 5990
2599 5991
2600 5992
2601 5993
2602 5994
2603 5997
2604 6002
2605 6003
2606 6010
2607 6011
2608 6014
2609 6021
2610 6028
2611 6029
2612 6030
2613 6031
2614 6034
2615 6038
2616 6040
2617 6041
2618 6042
2619 6043
2620 6044
2621 6048
2622 6050
2623 6051
2624 6052
2625 6054
2626 6056
2627 6057
2628 6058
2629 6059
2630 6061
2631 6062
2632 6063
2633 6067
2634 6068
2635 6075
2636 6078
2637 6081
2638 6082
2639 6083
2640 6085
2641 6086
2642 6087
2643 6089
2644 6090
2645 6094
2646 6095
2647 6096
2648 6097
2649 6100
2650 6104
2651 6105
2652 6106
2653 6107
2654 6111
2655 6112
2656 6113
2657 6114
2658 6117
2659 6119
2660 6121
2661 6122
2662 6124
2663 6128
2664 6129
2665 6130
2666 6131
2667 6134
2668 6139
2669 6141
2670 6142
2671 6143
2672 6144
2673 6145
2674 6146
2675 6149
2676 6150
2677 6151
2678 6152
2679 6156
2680 6161
2681 6163
2682 6164
2683 6165
2684 6171
2685 6172
2686 6173
2687 6175
2688 6176
2689 6179
2690 6182
2691 6183
2692 6185
2693 6186
2694 6193
2695 6194
2696 6198
2697 6199
2698 6200
2699 6201
2700 6202
2701 6203
2702 6204
2703 6205
2704 6206
2705 6207
2706 6208
2707 6211
2708 6220
2709 6223
2710 6224
2711 6227
2712 6228
2713 6229
2714 6230
2715 6233
2716 6234
2717 6235
2718 6238
2719 6241
2720 6245
2721 6246
2722 6247
2723 6248
2724 6249
2725 6252
2726 6253
2727 6254
2728 6255
2729 6256
2730 6257
2731 6260
2732 6261
2733 6264
2734 6265
2735 6266
2736 6267
2737 6268
2738 6271
2739 6272
2740 6274
2741 6278
2742 6281
2743 6282
2744 6283
2745 6285
2746 6286
2747 6290
2748 6291
2749 6292
2750 6295
2751 6296
2752 6297
2753 6299
2754 6300
2755 6301
2756 6303
2757 6305
2758 6310
2759 6313
2760 6315
2761 6316
2762 6317
2763 6320
2764 6321
2765 6322
2766 6323
2767 6327
2768 6333
2769 6334
2770 6335
2771 6340
2772 6341
2773 6344
2774 6346
2775 6347
2776 6348
2777 6353
2778 6354
2779 6355
2780 6356
2781 6357
2782 6358
2783 6359
2784 6360
2785 6361
2786 6366
2787 6368
2788 6369
2789 6377
2790 6379
2791 6381
2792 6387
2793 6388
2794 6389
2795 6390
2796 6391
2797 6395
2798 6396
2799 6397
2800 6398
2801 6400
2802 6403
2803 6405
2804 6406
2805 6407
2806 6410
2807 6411
2808 6412
2809 6413
2810 6415
2811 6422
2812 6423
2813 6429
2814 6433
2815 6434
2816 6435
2817 6436
2818 6437
2819 6438
2820 6441
2821 6442
2822 6443
2823 6444
2824 6448
2825 6449
2826 6450
2827 6452
2828 6456
2829 6458
2830 6460
2831 6466
2832 6467
2833 6468
2834 6469
2835 6473
2836 6474
2837 6480
2838 6485
2839 6487
2840 6488
2841 6492
2842 6493
2843 6497
2844 6498
2845 6499
2846 6500
2847 6501
2848 6505
2849 6514
2850 6515
2851 6530
2852 6533
2853 6534
2854 6537
2855 6538
2856 6539
2857 6540
2858 6541
2859 6546
2860 6553
2861 6558
2862 6566
2863 6567
2864 6568
2865 6569
2866 6570
2867 6571
2868 6573
2869 6580
2870 6581
2871 6582
2872 6585
2873 6590
2874 6595
2875 6596
2876 6598
2877 6599
2878 6610
2879 6616
2880 6617
2881 6619
2882 6621
2883 6622
2884 6623
2885 6626
2886 6627
2887 6630
2888 6631
2889 6632
2890 6637
2891 6642
2892 6644
2893 6645
2894 6646
2895 6648
2896 6649
2897 6650
2898 6651
2899 6652
2900 6658
2901 6662
2902 6663
2903 6664
2904 6665
2905 6666
2906 6667
2907 6669
2908 6670
2909 6674
2910 6679
2911 6680
2912 6686
2913 6687
2914 6689
2915 6693
2916 6694
2917 6696
2918 6697
2919 6698
2920 6700
2921 6701
2922 6702
2923 6703
2924 6704
2925 6705
2926 6706
2927 6707
2928 6708
2929 6709
2930 6710
2931 6712
2932 6713
2933 6719
2934 6720
2935 6721
2936 6722
2937 6723
2938 6725
2939 6726
2940 6728
2941 6729
2942 6734
2943 6735
2944 6736
2945 6737
2946 6741
2947 6747
2948 6754
2949 6757
2950 6760
2951 6768
2952 6769
2953 6771
2954 6772
2955 6779
2956 6781
2957 6782
2958 6788
2959 6791
2960 6793
2961 6795
2962 6796
2963 6797
2964 6808
2965 6809
2966 6813
2967 6814
2968 6817
2969 6819
2970 6821
2971 6822
2972 6823
2973 6827
2974 6834
2975 6835
2976 6836
2977 6837
2978 6838
2979 6839
2980 6840
2981 6841
2982 6845
2983 6847
2984 6849
2985 6852
2986 6853
2987 6856
2988 6857
2989 6863
2990 6865
2991 6869
2992 6871
2993 6872
2994 6873
2995 6878
2996 6879
2997 6880
2998 6882
2999 6883
3000 6884
3001 6887
3002 6888
3003 6889
3004 6890
3005 6892
3006 6896
3007 6897
3008 6902
3009 6913
3010 6915
3011 6920
3012 6921
3013 6923
3014 6925
3015 6926
3016 6927
3017 6929
3018 6940
3019 6944
3020 6946
3021 6947
3022 6948
3023 6954
3024 6960
3025 6961
3026 6970
3027 6975
3028 6976
3029 6977
3030 6978
3031 6980
3032 6981
3033 6982
3034 6983
3035 6984
3036 6987
3037 6990
3038 6992
3039 6999
3040 7001
3041 7002
3042 7003
3043 7008
3044 7013
3045 7015
3046 7020
3047 7021
3048 7022
3049 7024
3050 7029
3051 7031
3052 7034
3053 7035
3054 7036
3055 7039
3056 7040
3057 7043
3058 7044
3059 7047
3060 7048
3061 7051
3062 7052
3063 7053
3064 7054
3065 7056
3066 7057
3067 7058
3068 7059
3069 7062
3070 7065
3071 7066
3072 7067
3073 7070
3074 7076
3075 7077
3076 7078
3077 7079
3078 7083
3079 7087
3080 7089
3081 7090
3082 7091
3083 7092
3084 7096
3085 7100
3086 7101
3087 7102
3088 7103
3089 7105
3090 7106
3091 7107
3092 7108
3093 7112
3094 7113
3095 7117
3096 7118
3097 7122
3098 7130
3099 7138
3100 7139
3101 7140
3102 7141
3103 7142
3104 7143
3105 7144
3106 7145
3107 7148
3108 7150
3109 7151
3110 7152
3111 7153
3112 7154
3113 7155
3114 7161
3115 7163
3116 7167
3117 7168
3118 7169
3119 7172
3120 7173
3121 7174
3122 7178
3123 7179
3124 7180
3125 7181
3126 7182
3127 7184
3128 7186
3129 7189
3130 7191
3131 7192
3132 7193
3133 7200
3134 7206
3135 7207
3136 7208
3137 7210
3138 7211
3139 7212
3140 7214
3141 7216
3142 7217
3143 7218
3144 7223
3145 7225
3146 7229
3147 7231
3148 7234
3149 7239
3150 7240
3151 7241
3152 7243
3153 7244
3154 7245
3155 7249
3156 7250
3157 7252
3158 7256
3159 7257
3160 7259
3161 7260
3162 7261
3163 7262
3164 7263
3165 7266
3166 7268
3167 7269
3168 7270
3169 7274
3170 7277
3171 7278
3172 7286
3173 7289
3174 7291
3175 7295
3176 7297
3177 7298
3178 7299
3179 7300
3180 7301
3181 7302
3182 7303
3183 7305
3184 7306
3185 7308
3186 7312
3187 7314
3188 7320
3189 7321
3190 7322
3191 7326
3192 7328
3193 7329
3194 7333
3195 7335
3196 7341
3197 7343
3198 7344
3199 7345
3200 7346
3201 7347
3202 7354
3203 7356
3204 7358
3205 7359
3206 7361
3207 7370
3208 7371
3209 7372
3210 7373
3211 7374
3212 7375
3213 7376
3214 7377
3215 7379
3216 7385
3217 7391
3218 7395
3219 7396
3220 7400
3221 7401
3222 7403
3223 7406
3224 7408
3225 7409
3226 7410
3227 7415
3228 7416
3229 7417
3230 7419
3231 7420
3232 7421
3233 7423
3234 7424
3235 7425
3236 7429
3237 7435
3238 7438
3239 7439
3240 7440
3241 7441
3242 7442
3243 7446
3244 7453
3245 7456
3246 7461
3247 7463
3248 7464
3249 7465
3250 7467
3251 7468
3252 7472
3253 7473
3254 7475
3255 7478
3256 7479
3257 7480
3258 7485
3259 7486
3260 7487
3261 7488
3262 7489
3263 7490
3264 7491
3265 7492
3266 7493
3267 7494
3268 7495
3269 7506
3270 7508
3271 7509
3272 7510
3273 7513
3274 7516
3275 7518
3276 7519
3277 7520
3278 7521
3279 7523
3280 7524
3281 7525
3282 7532
3283 7537
3284 7541
3285 7542
3286 7543
3287 7544
3288 7555
3289 7556
3290 7558
3291 7560
3292 7563
3293 7565
3294 7566
3295 7567
3296 7568
3297 7569
3298 7571
3299 7572
3300 7576
3301 7577
3302 7582
3303 7588
3304 7590
3305 7591
3306 7593
3307 7594
3308 7595
3309 7596
3310 7597
3311 7606
3312 7611
3313 7614
3314 7618
3315 7619
3316 7620
3317 7621
3318 7624
3319 7628
3320 7630
3321 7631
3322 7635
3323 7638
3324 7639
3325 7640
3326 7642
3327 7643
3328 7644
3329 7646
3330 7648
3331 7650
3332 7651
3333 7652
3334 7653
3335 7654
3336 7656
3337 7662
3338 7663
3339 7666
3340 7672
3341 7673
3342 7674
3343 7675
3344 7679
3345 7684
3346 7685
3347 7687
3348 7689
3349 7690
3350 7691
3351 7692
3352 7708
3353 7711
3354 7717
3355 7721
3356 7722
3357 7723
3358 7724
3359 7730
3360 7731
3361 7733
3362 7734
3363 7735
3364 7739
3365 7740
3366 7742
3367 7743
3368 7744
3369 7746
3370 7747
3371 7749
3372 7751
3373 7752
3374 7753
3375 7754
3376 7755
3377 7758
3378 7762
3379 7763
3380 7769
3381 7770
3382 7772
3383 7775
3384 7776
3385 7777
3386 7778
3387 7780
3388 7783
3389 7788
3390 7789
3391 7790
3392 7791
3393 7792
3394 7795
3395 7797
3396 7803
3397 7805
3398 7807
3399 7808
3400 7811
3401 7812
3402 7813
3403 7816
3404 7817
3405 7818
3406 7819
3407 7824
3408 7825
3409 7826
3410 7830
3411 7834
3412 7840
3413 7841
3414 7842
3415 7844
3416 7845
3417 7846
3418 7847
3419 7848
3420 7850
3421 7854
3422 7866
3423 7867
3424 7870
3425 7874
3426 7882
3427 7885
3428 7887
3429 7888
3430 7889
3431 7895
3432 7896
3433 7897
3434 7898
3435 7900
3436 7903
3437 7908
3438 7911
3439 7914
3440 7915
3441 7916
3442 7917
3443 7919
3444 7922
3445 7927
3446 7930
3447 7935
3448 7936
3449 7937
3450 7938
3451 7939
3452 7941
3453 7942
3454 7947
3455 7948
3456 7949
3457 7954
3458 7955
3459 7956
3460 7957
3461 7960
3462 7961
3463 7972
3464 7976
3465 7979
3466 7980
3467 7981
3468 7982
3469 7983
3470 7984
3471 7985
3472 7986
3473 7987
3474 7988
3475 7990
3476 7996
3477 8000
3478 8003
3479 8004
3480 8005
3481 8007
3482 8008
3483 8010
3484 8013
3485 8014
3486 8015
3487 8016
3488 8017
3489 8018
3490 8019
3491 8021
3492 8024
3493 8026
3494 8027
3495 8028
3496 8029
3497 8030
3498 8031
3499 8032
3500 8033
3501 8034
3502 8035
3503 8036
3504 8040
3505 8041
3506 8042
3507 8043
3508 8044
3509 8045
3510 8047
3511 8048
3512 8049
3513 8052
3514 8055
3515 8056
3516 8057
3517 8064
3518 8066
3519 8067
3520 8068
3521 8071
3522 8076
3523 8080
3524 8081
3525 8082
3526 8092
3527 8093
3528 8094
3529 8095
3530 8096
3531 8097
3532 8098
3533 8099
3534 8103
3535 8104
3536 8107
3537 8108
3538 8109
3539 8118
3540 8119
3541 8123
3542 8129
3543 8133
3544 8137
3545 8144
3546 8153
3547 8154
3548 8155
3549 8159
3550 8160
3551 8161
3552 8165
3553 8166
3554 8169
3555 8172
3556 8173
3557 8174
3558 8177
3559 8181
3560 8184
3561 8185
3562 8186
3563 8187
3564 8188
3565 8189
3566 8198
3567 8201
3568 8205
3569 8206
3570 8207
3571 8212
3572 8219
3573 8222
3574 8226
3575 8230
3576 8237
3577 8238
3578 8239
3579 8240
3580 8241
3581 8242
3582 8243
3583 8244
3584 8248
3585 8253
3586 8254
3587 8258
3588 8261
3589 8269
3590 8275
3591 8282
3592 8283
3593 8287
3594 8292
3595 8293
3596 8299
3597 8300
3598 8301
3599 8303
3600 8305
3601 8306
3602 8307
3603 8308
3604 8309
3605 8315
3606 8316
3607 8317
3608 8319
3609 8325
3610 8327
3611 8328
3612 8330
3613 8331
3614 8332
3615 8333
3616 8337
3617 8339
3618 8340
3619 8342
3620 8344
3621 8346
3622 8349
3623 8350
3624 8352
3625 8356
3626 8357
3627 8361
3628 8362
3629 8363
3630 8364
3631 8374
3632 8375
3633 8378
3634 8380
3635 8382
3636 8387
3637 8388
3638 8390
3639 8391
3640 8392
3641 8393
3642 8396
3643 8399
3644 8402
3645 8403
3646 8404
3647 8405
3648 8412
3649 8414
3650 8416
3651 8417
3652 8419
3653 8422
3654 8423
3655 8425
3656 8433
3657 8434
3658 8435
3659 8436
3660 8437
3661 8438
3662 8440
3663 8441
3664 8442
3665 8445
3666 8447
3667 8451
3668 8452
3669 8458
3670 8461
3671 8464
3672 8465
3673 8468
3674 8472
3675 8473
3676 8474
3677 8481
3678 8482
3679 8484
3680 8486
3681 8490
3682 8491
3683 8492
3684 8493
3685 8494
3686 8496
3687 8498
3688 8503
3689 8505
3690 8507
3691 8519
3692 8520
3693 8523
3694 8526
3695 8527
3696 8530
3697 8531
3698 8538
3699 8542
3700 8543
3701 8544
3702 8545
3703 8547
3704 8548
3705 8550
3706 8553
3707 8555
3708 8561
3709 8564
3710 8565
3711 8566
3712 8571
3713 8572
3714 8577
3715 8586
3716 8587
3717 8589
3718 8590
3719 8591
3720 8595
3721 8601
3722 8602
3723 8605
3724 8611
3725 8612
3726 8613
3727 8614
3728 8615
3729 8616
3730 8618
3731 8620
3732 8626
3733 8628
3734 8629
3735 8630
3736 8631
3737 8633
3738 8635
3739 8637
3740 8639
3741 8641
3742 8644
3743 8645
3744 8646
3745 8649
3746 8653
3747 8658
3748 8659
3749 8661
3750 8662
3751 8664
3752 8665
3753 8667
3754 8668
3755 8669
3756 8670
3757 8673
3758 8675
3759 8681
3760 8682
3761 8684
3762 8686
3763 8687
3764 8688
3765 8691
3766 8692
3767 8693
3768 8694
3769 8695
3770 8698
3771 8701
3772 8704
3773 8705
3774 8706
3775 8708
3776 8719
3777 8720
3778 8725
3779 8728
3780 8729
3781 8731
3782 8732
3783 8733
3784 8734
3785 8735
3786 8736
3787 8737
3788 8738
3789 8739
3790 8746
3791 8747
3792 8748
3793 8754
3794 8755
3795 8756
3796 8758
3797 8759
3798 8761
3799 8763
3800 8766
3801 8767
3802 8768
3803 8769
3804 8771
3805 8772
3806 8773
3807 8784
3808 8786
3809 8793
3810 8795
3811 8798
3812 8799
3813 8800
3814 8805
3815 8806
3816 8807
3817 8808
3818 8810
3819 8814
3820 8820
3821 8821
3822 8822
3823 8823
3824 8827
3825 8828
3826 8831
3827 8836
3828 8841
3829 8846
3830 8847
3831 8848
3832 8857
3833 8862
3834 8863
3835 8864
3836 8865
3837 8870
3838 8879
3839 8880
3840 8881
3841 8883
3842 8884
3843 8887
3844 8888
3845 8890
3846 8894
3847 8895
3848 8900
3849 8901
3850 8905
3851 8906
3852 8908
3853 8911
3854 8924
3855 8926
3856 8929
3857 8930
3858 8931
3859 8935
3860 8936
3861 8939
3862 8940
3863 8950
3864 8951
3865 8952
3866 8954
3867 8957
3868 8958
3869 8960
3870 8961
3871 8962
3872 8965
3873 8967
3874 8970
3875 8973
3876 8975
3877 8979
3878 8981
3879 8983
3880 8984
3881 8985
3882 8987
3883 8990
3884 8995
3885 8996
3886 8997
3887 9002
3888 9003
3889 9004
3890 9006
3891 9007
3892 9009
3893 9010
3894 9014
3895 9018
3896 9019
3897 9020
3898 9022
3899 9023
3900 9024
3901 9025
3902 9027
3903 9031
3904 9032
3905 9034
3906 9036
3907 9041
3908 9042
3909 9045
3910 9046
3911 9047
3912 9048
3913 9049
3914 9050
3915 9052
3916 9053
3917 9061
3918 9062
3919 9063
3920 9064
3921 9066
3922 9067
3923 9068
3924 9075
3925 9076
3926 9077
3927 9082
3928 9083
3929 9085
3930 9087
3931 9088
3932 9089
3933 9090
3934 9092
3935 9093
3936 9094
3937 9098
3938 9099
3939 9101
3940 9108
3941 9110
3942 9113
3943 9114
3944 9115
3945 9119
3946 9120
3947 9121
3948 9122
3949 9125
3950 9126
3951 9127
3952 9128
3953 9130
3954 9132
3955 9133
3956 9135
3957 9136
3958 9137
3959 9138
3960 9139
3961 9140
3962 9144
3963 9147
3964 9149
3965 9155
3966 9157
3967 9158
3968 9159
3969 9164
3970 9168
3971 9172
3972 9174
3973 9175
3974 9178
3975 9179
3976 9181
3977 9184
3978 9187
3979 9189
3980 9196
3981 9206
3982 9208
3983 9209
3984 9210
3985 9211
3986 9213
3987 9214
3988 9215
3989 9216
3990 9217
3991 9221
3992 9223
3993 9224
3994 9225
3995 9226
3996 9230
3997 9234
3998 9235
3999 9239
4000 9241
4001 9247
4002 9249
4003 9250
4004 9252
4005 9257
4006 9261
4007 9262
4008 9263
4009 9264
4010 9265
4011 9266
4012 9267
4013 9275
4014 9276
4015 9278
4016 9279
4017 9280
4018 9284
4019 9289
4020 9291
4021 9294
4022 9295
4023 9298
4024 9299
4025 9304
4026 9307
4027 9313
4028 9314
4029 9321
4030 9322
4031 9323
4032 9325
4033 9326
4034 9327
4035 9331
4036 9332
4037 9335
4038 9336
4039 9338
4040 9339
4041 9340
4042 9341
4043 9346
4044 9347
4045 9352
4046 9355
4047 9356
4048 9357
4049 9358
4050 9359
4051 9370
4052 9371
4053 9372
4054 9374
4055 9375
4056 9376
4057 9377
4058 9379
4059 9381
4060 9384
4061 9385
4062 9388
4063 9402
4064 9403
4065 9407
4066 9411
4067 9415
4068 9417
4069 9418
4070 9421
4071 9422
4072 9424
4073 9426
4074 9427
4075 9432
4076 9439
4077 9440
4078 9441
4079 9446
4080 9447
4081 9448
4082 9451
4083 9452
4084 9453
4085 9454
4086 9455
4087 9458
4088 9459
4089 9461
4090 9462
4091 9464
4092 9467
4093 9468
4094 9471
4095 9472
4096 9473
4097 9477
4098 9483
4099 9485
4100 9486
4101 9487
4102 9489
4103 9490
4104 9491
4105 9494
4106 9499
4107 9501
4108 9502
4109 9505
4110 9512
4111 9513
4112 9514
4113 9515
4114 9517
4115 9518
4116 9522
4117 9527
4118 9529
4119 9531
4120 9536
4121 9538
4122 9540
4123 9541
4124 9545
4125 9551
4126 9552
4127 9554
4128 9557
4129 9558
4130 9563
4131 9564
4132 9565
4133 9571
4134 9572
4135 9574
4136 9577
4137 9578
4138 9581
4139 9586
4140 9587
4141 9588
4142 9590
4143 9591
4144 9592
4145 9594
4146 9595
4147 9597
4148 9602
4149 9606
4150 9608
4151 9609
4152 9610
4153 9611
4154 9612
4155 9614
4156 9615
4157 9619
4158 9621
4159 9623
4160 9629
4161 9632
4162 9637
4163 9638
4164 9639
4165 9640
4166 9646
4167 9649
4168 9650
4169 9658
4170 9662
4171 9664
4172 9665
4173 9668
4174 9669
4175 9673
4176 9674
4177 9676
4178 9678
4179 9679
4180 9680
4181 9684
4182 9685
4183 9686
4184 9689
4185 9691
4186 9692
4187 9693
4188 9694
4189 9695
4190 9698
4191 9699
4192 9701
4193 9704
4194 9705
4195 9710
4196 9715
4197 9717
4198 9718
4199 9721
4200 9723
4201 9726
4202 9727
4203 9729
4204 9731
4205 9733
4206 9734
4207 9742
4208 9747
4209 9748
4210 9750
4211 9753
4212 9756
4213 9757
4214 9758
4215 9761
4216 9762
4217 9763
4218 9769
4219 9771
4220 9773
4221 9775
4222 9777
4223 9778
4224 9779
4225 9780
4226 9787
4227 9790
4228 9791
4229 9797
4230 9798
4231 9803
4232 9804
4233 9805
4234 9808
4235 9810
4236 9811
4237 9814
4238 9816
4239 9817
4240 9823
4241 9824
4242 9826
4243 9827
4244 9828
4245 9829
4246 9830
4247 9835
4248 9836
4249 9837
4250 9838
4251 9840
4252 9841
4253 9845
4254 9852
4255 9853
4256 9855
4257 9857
4258 9863
4259 9870
4260 9872
4261 9875
4262 9876
4263 9878
4264 9886
4265 9892
4266 9897
4267 9901
4268 9907
4269 9908
4270 9914
4271 9915
4272 9917
4273 9918
4274 9919
4275 9921
4276 9923
4277 9925
4278 9927
4279 9931
4280 9932
4281 9935
4282 9936
4283 9939
4284 9940
4285 9941
4286 9942
4287 9943
4288 9944
4289 9947
4290 9949
4291 9950
4292 9952
4293 9954
4294 9955
4295 9958
4296 9959
4297 9960
4298 9964
4299 9965
4300 9969
4301 9970
4302 9971
4303 9973
4304 9974
4305 9977
4306 9978
4307 9979
4308 9982
4309 9983
4310 9984
4311 9985
4312 9986
4313 9988
4314 9989
4315 9991
4316 9992
4317 9993
4318 9995
4319 9999
4320 10000
4321 10003
4322 10006
4323 10008
4324 10013
4325 10014
4326 10017
4327 10019
4328 10021
4329 10024
4330 10025
4331 10026
4332 10028
4333 10032
4334 10035
4335 10037
4336 10038
4337 10039
4338 10045
4339 10046
4340 10049
4341 10052
4342 10054
4343 10060
4344 10063
4345 10067
4346 10070
4347 10071
4348 10072
4349 10076
4350 10077
4351 10078
4352 10079
4353 10081
4354 10082
4355 10083
4356 10084
4357 10086
4358 10087
4359 10088
4360 10089
4361 10090
4362 10091
4363 10097
4364 10098
4365 10104
4366 10105
4367 10106
4368 10110
4369 10111
4370 10118
4371 10123
4372 10125
4373 10126
4374 10127
4375 10131
4376 10133
4377 10134
4378 10136
4379 10139
4380 10140
4381 10141
4382 10142
4383 10146
4384 10147
4385 10148
4386 10154
4387 10156
4388 10157
4389 10159
4390 10164
4391 10167
4392 10168
4393 10169
4394 10170
4395 10171
4396 10172
4397 10176
4398 10179
4399 10181
4400 10182
4401 10183
4402 10187
4403 10188
4404 10190
4405 10194
4406 10195
4407 10196
4408 10197
4409 10198
4410 10199
4411 10202
4412 10214
4413 10215
4414 10217
4415 10220
4416 10221
4417 10222
4418 10223
4419 10224
4420 10226
4421 10228
4422 10230
4423 10232
4424 10233
4425 10236
4426 10237
4427 10240
4428 10242
4429 10243
4430 10244
4431 10245
4432 10247
4433 10258
4434 10262
4435 10263
4436 10265
4437 10266
4438 10267
4439 10268
4440 10270
4441 10272
4442 10274
4443 10277
4444 10278
4445 10289
4446 10299
4447 10301
4448 10302
4449 10304
4450 10305
4451 10307
4452 10313
4453 10317
4454 10318
4455 10326
4456 10327
4457 10328
4458 10330
4459 10334
4460 10340
4461 10341
4462 10342
4463 10343
4464 10346
4465 10348
4466 10350
4467 10353
4468 10355
4469 10357
4470 10358
4471 10368
4472 10380
4473 10384
4474 10386
4475 10391
4476 10397
4477 10399
4478 10400
4479 10401
4480 10404
4481 10408
4482 10409
4483 10411
4484 10414
4485 10415
4486 10418
4487 10419
4488 10424
4489 10427
4490 10430
4491 10431
4492 10432
4493 10436
4494 10438
4495 10446
4496 10447
4497 10448
4498 10449
4499 10454
4500 10456
4501 10457
4502 10459
4503 10460
4504 10461
4505 10462
4506 10473
4507 10474
4508 10475
4509 10476
4510 10478
4511 10481
4512 10482
4513 10483
4514 10485
4515 10489
4516 10490
4517 10499
4518 10501
4519 10502
4520 10503
4521 10504
4522 10507
4523 10509
4524 10515
4525 10521
4526 10523
4527 10526
4528 10528
4529 10532
4530 10535
4531 10537
4532 10539
4533 10541
4534 10542
4535 10543
4536 10544
4537 10548
4538 10549
4539 10553
4540 10555
4541 10563
4542 10566
4543 10568
4544 10569
4545 10570
4546 10571
4547 10574
4548 10582
4549 10583
4550 10585
4551 10586
4552 10588
4553 10589
4554 10597
4555 10599
4556 10602
4557 10603
4558 10604
4559 10608
4560 10614
4561 10616
4562 10617
4563 10619
4564 10622
4565 10624
4566 10625
4567 10626
4568 10628
4569 10629
4570 10631
4571 10633
4572 10634
4573 10640
4574 10642
4575 10643
4576 10645
4577 10647
4578 10652
4579 10654
4580 10655
4581 10657
4582 10658
4583 10665
4584 10667
4585 10669
4586 10673
4587 10674
4588 10675
4589 10679
4590 10686
4591 10687
4592 10691
4593 10695
4594 10697
4595 10699
4596 10703
4597 10707
4598 10710
4599 10714
4600 10717
4601 10718
4602 10719
4603 10720
4604 10723
4605 10726
4606 10727
4607 10730
4608 10732
4609 10733
4610 10745
4611 10747
4612 10750
4613 10752
4614 10753
4615 10754
4616 10757
4617 10762
4618 10763
4619 10772
4620 10775
4621 10776
4622 10777
4623 10780
4624 10781
4625 10784
4626 10788
4627 10789
4628 10790
4629 10792
4630 10793
4631 10798
4632 10799
4633 10801
4634 10804
4635 10805
4636 10806
4637 10809
4638 10810
4639 10811
4640 10816
4641 10817
4642 10819
4643 10820
4644 10821
4645 10822
4646 10823
4647 10824
4648 10827
4649 10830
4650 10831
4651 10832
4652 10836
4653 10840
4654 10845
4655 10848
4656 10850
4657 10851
4658 10852
4659 10855
4660 10856
4661 10862
4662 10863
4663 10868
4664 10869
4665 10870
4666 10871
4667 10873
4668 10874
4669 10877
4670 10878
4671 10879
4672 10884
4673 10885
4674 10887
4675 10899
4676 10900
4677 10902
4678 10903
4679 10910
4680 10911
4681 10913
4682 10914
4683 10915
4684 10917
4685 10921
4686 10924
4687 10926
4688 10931
4689 10933
4690 10938
4691 10941
4692 10942
4693 10946
4694 10948
4695 10953
4696 10957
4697 10959
4698 10961
4699 10965
4700 10970
4701 10974
4702 10978
4703 10979
4704 10980
4705 10986
4706 10987
4707 10990
4708 10992
4709 10993
4710 10996
4711 10998
4712 11000
4713 11001
4714 11004
4715 11005
4716 11006
4717 11014
4718 11015
4719 11017
4720 11021
4721 11023
4722 11025
4723 11026
4724 11028
4725 11030
4726 11031
4727 11032
4728 11033
4729 11035
4730 11038
4731 11040
4732 11045
4733 11048
4734 11049
4735 11052
4736 11053
4737 11056
4738 11058
4739 11064
4740 11066
4741 11068
4742 11070
4743 11076
4744 11077
4745 11078
4746 11082
4747 11083
4748 11085
4749 11089
4750 11091
4751 11095
4752 11096
4753 11102
4754 11106
4755 11107
4756 11109
4757 11110
4758 11111
4759 11113
4760 11114
4761 11115
4762 11118
4763 11119
4764 11120
4765 11121
4766 11122
4767 11124
4768 11128
4769 11129
4770 11132
4771 11135
4772 11138
4773 11143
4774 11144
4775 11145
4776 11148
4777 11149
4778 11158
4779 11162
4780 11163
4781 11164
4782 11166
4783 11169
4784 11172
4785 11173
4786 11175
4787 11179
4788 11181
4789 11187
4790 11188
4791 11190
4792 11191
4793 11193
4794 11196
4795 11200
4796 11202
4797 11203
4798 11206
4799 11207
4800 11208
4801 11209
4802 11210
4803 11216
4804 11218
4805 11219
4806 11220
4807 11222
4808 11224
4809 11227
4810 11229
4811 11231
4812 11233
4813 11234
4814 11236
4815 11240
4816 11244
4817 11245
4818 11247
4819 11248
4820 11253
4821 11258
4822 11259
4823 11263
4824 11264
4825 11267
4826 11269
4827 11271
4828 11272
4829 11273
4830 11276
4831 11277
4832 11278
4833 11279
4834 11280
4835 11283
4836 11287
4837 11289
4838 11294
4839 11295
4840 11302
4841 11303
4842 11305
4843 11306
4844 11310
4845 11315
4846 11318
4847 11319
4848 11325
4849 11327
4850 11331
4851 11332
4852 11333
4853 11340
4854 11341
4855 11343
4856 11345
4857 11348
4858 11353
4859 11354
4860 11355
4861 11356
4862 11357
4863 11358
4864 11360
4865 11364
4866 11366
4867 11369
4868 11370
4869 11371
4870 11374
4871 11378
4872 11380
4873 11382
4874 11386
4875 11387
4876 11388
4877 11390
4878 11394
4879 11397
4880 11398
4881 11399
4882 11401
4883 11402
4884 11404
4885 11406
4886 11411
4887 11414
4888 11415
4889 11417
4890 11422
4891 11423
4892 11425
4893 11431
4894 11436
4895 11438
4896 11441
4897 11444
4898 11448
4899 11450
4900 11452
4901 11453
4902 11454
4903 11455
4904 11457
4905 11461
4906 11464
4907 11465
4908 11466
4909 11467
4910 11470
4911 11472
4912 11476
4913 11477
4914 11478
4915 11479
4916 11480
4917 11481
4918 11483
4919 11484
4920 11485
4921 11486
4922 11487
4923 11490
4924 11491
4925 11492
4926 11495
4927 11498
4928 11499
4929 11502
4930 11503
4931 11504
4932 11505
4933 11506
4934 11508
4935 11510
4936 11513
4937 11520
4938 11524
4939 11526
4940 11528
4941 11529
4942 11531
4943 11532
4944 11533
4945 11534
4946 11536
4947 11538
4948 11539
4949 11541
4950 11543
4951 11547
4952 11548
4953 11552
4954 11557
4955 11560
4956 11561
4957 11562
4958 11565
4959 11566
4960 11568
4961 11569
4962 11574
4963 11580
4964 11583
4965 11591
4966 11594
4967 11595
4968 11597
4969 11600
4970 11601
4971 11602
4972 11603
4973 11605
4974 11606
4975 11609
4976 11610
4977 11611
4978 11613
4979 11618
4980 11625
4981 11631
4982 11635
4983 11637
4984 11640
4985 11643
4986 11646
4987 11647
4988 11648
4989 11650
4990 11651
4991 11653
4992 11654
4993 11655
4994 11656
4995 11657
4996 11658
4997 11662
4998 11663
4999 11666
5000 11668
5001 11669
5002 11670
5003 11671
5004 11675
5005 11676
5006 11679
5007 11680
5008 11682
5009 11685
5010 11686
5011 11687
5012 11688
5013 11689
5014 11692
5015 11695
5016 11697
5017 11703
5018 11705
5019 11708
5020 11709
5021 11711
5022 11712
5023 11715
5024 11720
5025 11724
5026 11726
5027 11736
5028 11738
5029 11739
5030 11740
5031 11743
5032 11746
5033 11747
5034 11748
5035 11750
5036 11751
5037 11752
5038 11753
5039 11755
5040 11756
5041 11757
5042 11759
5043 11766
5044 11768
5045 11770
5046 11772
5047 11778
5048 11785
5049 11788
5050 11792
5051 11793
5052 11794
5053 11796
5054 11798
5055 11799
5056 11800
5057 11801
5058 11803
5059 11804
5060 11805
5061 11807
5062 11808
5063 11809
5064 11811
5065 11812
5066 11813
5067 11814
5068 11817
5069 11821
5070 11823
5071 11826
5072 11827
5073 11829
5074 11831
5075 11835
5076 11836
5077 11840
5078 11847
5079 11849
5080 11851
5081 11855
5082 11856
5083 11857
5084 11859
5085 11863
5086 11865
5087 11868
5088 11871
5089 11872
5090 11875
5091 11880
5092 11881
5093 11882
5094 11883
5095 11885
5096 11887
5097 11889
5098 11890
5099 11892
5100 11893
5101 11894
5102 11895
5103 11896
5104 11898
5105 11900
5106 11907
5107 11912
5108 11913
5109 11914
5110 11915
5111 11916
5112 11922
5113 11923
5114 11924
5115 11929
5116 11936
5117 11938
5118 11939
5119 11941
5120 11944
5121 11945
5122 11946
5123 11947
5124 11948
5125 11949
5126 11950
5127 11951
5128 11954
5129 11958
5130 11959
5131 11962
5132 11963
5133 11964
5134 11966
5135 11967
5136 11968
5137 11969
5138 11972
5139 11973
5140 11978
5141 11980
5142 11981
5143 11986
5144 11991
5145 11992
5146 11994
5147 11996
5148 11997
5149 12000
5150 12001
5151 12002
5152 12006
5153 12011
5154 12014
5155 12015
5156 12019
5157 12020
5158 12021
5159 12024
5160 12029
5161 12030
5162 12031
5163 12033
5164 12034
5165 12035
5166 12036
5167 12040
5168 12042
5169 12044
5170 12049
5171 12050
5172 12052
5173 12053
5174 12054
5175 12055
5176 12059
5177 12060
5178 12061
5179 12063
5180 12064
5181 12065
5182 12075
5183 12079
5184 12081
5185 12082
5186 12083
5187 12084
5188 12085
5189 12089
5190 12090
5191 12091
5192 12094
5193 12096
5194 12098
5195 12099
5196 12103
5197 12108
5198 12109
5199 12110
5200 12111
5201 12112
5202 12117
5203 12119
5204 12120
5205 12123
5206 12125
5207 12128
5208 12129
5209 12130
5210 12134
5211 12135
5212 12136
5213 12140
5214 12143
5215 12145
5216 12146
5217 12147
5218 12148
5219 12152
5220 12158
5221 12160
5222 12161
5223 12162
5224 12163
5225 12167
5226 12169
5227 12170
5228 12174
5229 12176
5230 12177
5231 12182
5232 12185
5233 12189
5234 12194
5235 12195
5236 12197
5237 12200
5238 12201
5239 12202
5240 12206
5241 12207
5242 12208
5243 12212
5244 12218
5245 12220
5246 12221
5247 12223
5248 12224
5249 12225
5250 12226
5251 12227
5252 12231
5253 12232
5254 12236
5255 12237
5256 12238
5257 12239
5258 12241
5259 12243
5260 12244
5261 12245
5262 12246
5263 12247
5264 12248
5265 12253
5266 12254
5267 12258
5268 12260
5269 12263
5270 12264
5271 12267
5272 12268
5273 12269
5274 12270
5275 12271
5276 12276
5277 12280
5278 12283
5279 12285
5280 12286
5281 12287
5282 12292
5283 12293
5284 12299
5285 12300
5286 12303
5287 12305
5288 12309
5289 12310
5290 12313
5291 12315
5292 12317
5293 12319
5294 12320
5295 12323
5296 12328
5297 12329
5298 12331
5299 12334
5300 12337
5301 12338
5302 12340
5303 12341
5304 12343
5305 12345
5306 12346
5307 12347
5308 12355
5309 12357
5310 12359
5311 12361
5312 12362
5313 12363
5314 12364
5315 12367
5316 12370
5317 12374
5318 12375
5319 12376
5320 12377
5321 12379
5322 12384
5323 12385
5324 12387
5325 12389
5326 12390
5327 12391
5328 12393
5329 12394
5330 12397
5331 12398
5332 12403
5333 12404
5334 12405
5335 12406
5336 12409
5337 12414
5338 12417
5339 12419
5340 12424
5341 12425
5342 12426
5343 12428
5344 12429
5345 12432
5346 12435
5347 12437
5348 12439
5349 12440
5350 12445
5351 12446
5352 12450
5353 12452
5354 12453
5355 12456
5356 12457
5357 12458
5358 12460
5359 12461
5360 12462
5361 12463
5362 12467
5363 12468
5364 12470
5365 12471
5366 12473
5367 12474
5368 12475
5369 12480
5370 12481
5371 12482
5372 12483
5373 12485
5374 12488
5375 12489
5376 12497
5377 12502
5378 12503
5379 12505
5380 12506
5381 12510
5382 12514
5383 12515
5384 12517
5385 12518
5386 12519
5387 12520
5388 12521
5389 12527
5390 12533
5391 12536
5392 12538
5393 12540
5394 12541
5395 12542
5396 12543
5397 12544
5398 12545
5399 12546
5400 12547
5401 12553
5402 12558
5403 12559
5404 12560
5405 12567
5406 12568
5407 12569
5408 12571
5409 12573
5410 12574
5411 12575
5412 12578
5413 12580
5414 12581
5415 12582
5416 12583
5417 12584
5418 12585
5419 12586
5420 12587
5421 12588
5422 12592
5423 12596
5424 12598
5425 12601
5426 12602
5427 12604
5428 12610
5429 12614
5430 12615
5431 12616
5432 12619
5433 12626
5434 12628
5435 12629
5436 12630
5437 12632
5438 12634
5439 12635
5440 12640
5441 12643
5442 12644
5443 12646
5444 12652
5445 12653
5446 12654
5447 12662
5448 12663
5449 12666
5450 12670
5451 12674
5452 12675
5453 12677
5454 12678
5455 12679
5456 12681
5457 12682
5458 12686
5459 12688
5460 12689
5461 12692
5462 12695
5463 12696
5464 12702
5465 12703
5466 12705
5467 12706
5468 12707
5469 12709
5470 12712
5471 12713
5472 12716
5473 12717
5474 12719
5475 12720
5476 12721
5477 12723
5478 12725
5479 12731
5480 12732
5481 12734
5482 12738
5483 12739
5484 12745
5485 12746
5486 12748
5487 12749
5488 12750
5489 12751
5490 12752
5491 12754
5492 12755
5493 12762
5494 12769
5495 12770
5496 12772
5497 12774
5498 12776
5499 12778
5500 12779
5501 12780
5502 12781
5503 12783
5504 12784
5505 12787
5506 12790
5507 12794
5508 12795
5509 12796
5510 12798
5511 12799
5512 12800
5513 12803
5514 12807
5515 12809
5516 12810
5517 12811
5518 12814
5519 12817
5520 12819
5521 12822
5522 12823
5523 12832
5524 12833
5525 12835
5526 12838
5527 12842
5528 12843
5529 12844
5530 12845
5531 12846
5532 12851
5533 12854
5534 12857
5535 12863
5536 12864
5537 12866
5538 12872
5539 12874
5540 12875
5541 12883
5542 12884
5543 12885
5544 12887
5545 12888
5546 12889
5547 12891
5548 12894
5549 12896
5550 12897
5551 12898
5552 12900
5553 12902
5554 12904
5555 12907
5556 12926
5557 12932
5558 12936
5559 12937
5560 12939
5561 12956
5562 12957
5563 12960
5564 12962
5565 12964
5566 12966
5567 12968
5568 12969
5569 12972
5570 12973
5571 12975
5572 12978
5573 12983
5574 12985
5575 12986
5576 12990
5577 12992
5578 12994
5579 12995
5580 12997
5581 12998
5582 13002
5583 13003
5584 13004
5585 13006
5586 13007
5587 13012
5588 13018
5589 13019
5590 13020
5591 13026
5592 13030
5593 13031
5594 13032
5595 13034
5596 13039
5597 13040
5598 13043
5599 13044
5600 13045
5601 13046
5602 13049
5603 13052
5604 13054
5605 13056
5606 13058
5607 13059
5608 13060
5609 13062
5610 13066
5611 13069
5612 13070
5613 13071
5614 13072
5615 13075
5616 13081
5617 13082
5618 13083
5619 13088
5620 13089
5621 13091
5622 13093
5623 13094
5624 13095
5625 13096
5626 13099
5627 13100
5628 13107
5629 13108
5630 13109
5631 13111
5632 13112
5633 13114
5634 13118
5635 13119
5636 13120
5637 13121
5638 13122
5639 13123
5640 13124
5641 13126
5642 13128
5643 13129
5644 13130
5645 13133
5646 13134
5647 13136
5648 13137
5649 13138
5650 13139
5651 13149
5652 13151
5653 13154
5654 13155
5655 13156
5656 13161
5657 13164
5658 13168
5659 13170
5660 13176
5661 13182
5662 13191
5663 13197
5664 13199
5665 13201
5666 13202
5667 13203
5668 13207
5669 13208
5670 13209
5671 13211
5672 13215
5673 13221
5674 13222
5675 13229
5676 13231
5677 13232
5678 13233
5679 13234
5680 13238
5681 13241
5682 13245
5683 13248
5684 13249
5685 13250
5686 13251
5687 13253
5688 13254
5689 13256
5690 13258
5691 13260
5692 13261
5693 13263
5694 13267
5695 13271
5696 13272
5697 13279
5698 13280
5699 13286
5700 13292
5701 13294
5702 13297
5703 13298
5704 13299
5705 13300
5706 13302
5707 13308
5708 13309
5709 13310
5710 13311
5711 13314
5712 13316
5713 13317
5714 13318
5715 13319
5716 13320
5717 13321
5718 13323
5719 13324
5720 13325
5721 13327
5722 13328
5723 13329
5724 13333
5725 13337
5726 13339
5727 13341
5728 13342
5729 13343
5730 13344
5731 13345
5732 13348
5733 13349
5734 13351
5735 13353
5736 13354
5737 13358
5738 13361
5739 13363
5740 13364
5741 13366
5742 13367
5743 13371
5744 13372
5745 13373
5746 13374
5747 13375
5748 13378
5749 13379
5750 13386
5751 13389
5752 13396
5753 13399
5754 13401
5755 13402
5756 13404
5757 13405
5758 13406
5759 13408
5760 13412
5761 13414
5762 13415
5763 13417
5764 13420
5765 13421
5766 13423
5767 13424
5768 13429
5769 13430
5770 13434
5771 13437
5772 13443
5773 13445
5774 13449
5775 13451
5776 13453
5777 13456
5778 13457
5779 13459
5780 13462
5781 13464
5782 13467
5783 13473
5784 13477
5785 13479
5786 13481
5787 13482
5788 13483
5789 13484
5790 13486
5791 13489
5792 13490
5793 13494
5794 13495
5795 13498
5796 13499
5797 13500
5798 13501
5799 13502
5800 13503
5801 13505
5802 13506
5803 13510
5804 13512
5805 13514
5806 13515
5807 13516
5808 13518
5809 13520
5810 13526
5811 13528
5812 13534
5813 13535
5814 13536
5815 13537
5816 13540
5817 13545
5818 13546
5819 13547
5820 13548
5821 13549
5822 13551
5823 13553
5824 13555
5825 13556
5826 13557
5827 13560
5828 13565
5829 13566
5830 13567
5831 13569
5832 13573
5833 13576
5834 13578
5835 13579
5836 13580
5837 13581
5838 13583
5839 13586
5840 13588
5841 13590
5842 13591
5843 13594
5844 13595
5845 13596
5846 13598
5847 13599
5848 13600
5849 13601
5850 13602
5851 13608
5852 13612
5853 13614
5854 13619
5855 13621
5856 13623
5857 13624
5858 13625
5859 13626
5860 13631
5861 13635
5862 13637
5863 13640
5864 13641
5865 13642
5866 13645
5867 13651
5868 13655
5869 13656
5870 13660
5871 13661
5872 13662
5873 13664
5874 13667
5875 13668
5876 13669
5877 13677
5878 13679
5879 13684
5880 13685
5881 13687
5882 13688
5883 13691
5884 13692
5885 13694
5886 13695
5887 13696
5888 13698
5889 13701
5890 13702
5891 13706
5892 13707
5893 13708
5894 13713
5895 13715
5896 13718
5897 13719
5898 13723
5899 13728
5900 13729
5901 13731
5902 13734
5903 13735
5904 13740
5905 13741
5906 13749
5907 13750
5908 13751
5909 13755
5910 13757
5911 13758
5912 13759
5913 13760
5914 13763
5915 13765
5916 13770
5917 13773
5918 13774
5919 13777
5920 13779
5921 13780
5922 13781
5923 13782
5924 13784
5925 13785
5926 13788
5927 13790
5928 13791
5929 13794
5930 13796
5931 13798
5932 13801
5933 13805
5934 13806
5935 13807
5936 13811
5937 13818
5938 13820
5939 13822
5940 13824
5941 13826
5942 13828
5943 13831
5944 13835
5945 13836
5946 13837
5947 13838
5948 13839
5949 13841
5950 13844
5951 13848
5952 13849
5953 13852
5954 13857
5955 13858
5956 13859
5957 13861
5958 13862
5959 13865
5960 13868
5961 13873
5962 13874
5963 13875
5964 13876
5965 13877
5966 13878
5967 13879
5968 13880
5969 13882
5970 13887
5971 13895
5972 13896
5973 13899
5974 13903
5975 13904
5976 13909
5977 13910
5978 13914
5979 13918
5980 13919
5981 13922
5982 13924
5983 13925
5984 13930
5985 13931
5986 13932
5987 13934
5988 13936
5989 13938
5990 13940
5991 13942
5992 13945
5993 13946
5994 13947
5995 13949
5996 13950
5997 13951
5998 13952
5999 13954
6000 13955
6001 13956
6002 13959
6003 13960
6004 13961
6005 13962
6006 13963
6007 13964
6008 13965
6009 13968
6010 13970
6011 13971
6012 13972
6013 13979
6014 13980
6015 13982
6016 13983
6017 13985
6018 13987
6019 13988
6020 13989
6021 13990
6022 13994
6023 13997
6024 13998
6025 13999
6026 14000
6027 14001
6028 14002
6029 14004
6030 14007
6031 14012
6032 14013
6033 14017
6034 14018
6035 14022
6036 14026
6037 14044
6038 14045
6039 14046
6040 14048
6041 14049
6042 14050
6043 14051
6044 14052
6045 14053
6046 14055
6047 14059
6048 14061
6049 14063
6050 14064
6051 14069
6052 14070
6053 14072
6054 14074
6055 14076
6056 14077
6057 14092
6058 14094
6059 14095
6060 14096
6061 14098
6062 14099
6063 14103
6064 14105
6065 14107
6066 14108
6067 14110
6068 14111
6069 14112
6070 14114
6071 14116
6072 14118
6073 14128
6074 14129
6075 14133
6076 14134
6077 14135
6078 14140
6079 14141
6080 14145
6081 14146
6082 14147
6083 14149
6084 14152
6085 14155
6086 14158
6087 14162
6088 14164
6089 14166
6090 14172
6091 14173
6092 14174
6093 14175
6094 14176
6095 14179
6096 14180
6097 14189
6098 14190
6099 14192
6100 14194
6101 14207
6102 14209
6103 14210
6104 14212
6105 14213
6106 14215
6107 14216
6108 14217
6109 14218
6110 14223
6111 14224
6112 14225
6113 14226
6114 14229
6115 14231
6116 14236
6117 14237
6118 14238
6119 14239
6120 14242
6121 14244
6122 14245
6123 14247
6124 14252
6125 14260
6126 14263
6127 14264
6128 14265
6129 14266
6130 14271
6131 14273
6132 14274
6133 14275
6134 14276
6135 14278
6136 14279
6137 14282
6138 14284
6139 14285
6140 14286
6141 14287
6142 14288
6143 14289
6144 14290
6145 14292
6146 14293
6147 14302
6148 14303
6149 14308
6150 14309
6151 14312
6152 14313
6153 14315
6154 14319
6155 14320
6156 14325
6157 14330
6158 14332
6159 14333
6160 14335
6161 14336
6162 14343
6163 14348
6164 14352
6165 14357
6166 14358
6167 14361
6168 14362
6169 14365
6170 14366
6171 14368
6172 14370
6173 14379
6174 14385
6175 14387
6176 14388
6177 14389
6178 14390
6179 14391
6180 14397
6181 14400
6182 14402
6183 14404
6184 14407
6185 14408
6186 14411
6187 14412
6188 14416
6189 14420
6190 14423
6191 14424
6192 14425
6193 14427
6194 14429
6195 14430
6196 14433
6197 14434
6198 14435
6199 14436
6200 14440
6201 14444
6202 14446
6203 14447
6204 14448
6205 14449
6206 14451
6207 14454
6208 14455
6209 14456
6210 14459
6211 14462
6212 14465
6213 14474
6214 14477
6215 14478
6216 14480
6217 14484
6218 14489
6219 14491
6220 14495
6221 14502
6222 14503
6223 14504
6224 14505
6225 14509
6226 14510
6227 14514
6228 14515
6229 14519
6230 14522
6231 14523
6232 14531
6233 14534
6234 14539
6235 14540
6236 14542
6237 14543
6238 14544
6239 14545
6240 14549
6241 14552
6242 14553
6243 14554
6244 14555
6245 14556
6246 14557
6247 14561
6248 14564
6249 14567
6250 14569
6251 14570
6252 14571
6253 14576
6254 14580
6255 14581
6256 14583
6257 14585
6258 14589
6259 14597
6260 14598
6261 14601
6262 14602
6263 14607
6264 14608
6265 14609
6266 14610
6267 14615
6268 14620
6269 14621
6270 14622
6271 14623
6272 14624
6273 14625
