618 8051
1 11
1 28
1 30
1 38
1 43
1 46
1 55
1 63
1 65
1 71
1 74
1 76
1 85
1 99
1 106
1 120
1 130
1 131
1 133
1 155
1 161
1 210
1 221
1 239
1 264
1 272
1 279
1 289
1 303
1 308
1 311
1 317
1 326
1 7
1 338
1 343
1 348
1 349
1 355
1 360
1 368
1 388
1 401
1 423
1 424
1 430
1 431
1 436
1 438
1 455
1 97
1 538
1 394
1 545
1 392
1 447
1 12
1 146
1 443
1 304
1 340
1 183
1 171
1 212
1 24
1 462
1 235
1 531
1 370
1 396
1 517
1 249
1 238
1 227
1 476
1 477
1 482
1 489
1 490
1 379
1 537
1 546
1 565
1 570
1 575
1 578
1 587
1 589
1 591
1 605
1 610
2 330
2 141
2 158
2 415
2 97
2 225
2 570
2 542
2 12
2 538
2 404
2 443
2 458
2 514
2 130
2 246
2 243
2 479
2 446
2 531
2 5
2 33
2 356
2 401
2 249
2 46
2 474
2 447
2 208
2 333
2 153
2 28
2 30
2 38
2 120
2 264
2 338
2 362
2 371
2 378
2 393
2 450
2 489
2 495
2 572
2 618
3 30
3 45
3 95
3 118
3 120
3 128
3 156
3 165
3 193
3 310
3 386
3 244
3 531
3 333
3 33
3 436
3 438
3 483
3 494
4 17
4 30
4 244
4 289
4 348
4 378
4 386
4 495
4 97
4 560
4 356
4 469
4 538
4 575
4 597
5 30
5 97
5 249
5 542
5 386
5 575
6 40
6 46
6 65
6 99
6 120
6 130
6 147
6 176
6 254
6 264
6 272
6 283
6 303
6 12
6 97
6 308
6 392
6 317
6 7
6 334
6 360
6 385
6 386
6 393
6 430
6 435
6 446
6 447
6 479
6 482
6 489
6 379
6 531
6 534
6 538
6 561
6 575
6 589
6 618
7 8
7 22
7 28
7 30
7 37
7 40
7 43
7 46
7 55
7 59
7 99
7 105
7 35
7 118
7 120
7 130
7 131
7 133
7 155
7 158
7 306
7 174
7 176
7 182
7 183
7 188
7 202
7 224
7 231
7 246
7 251
7 264
7 272
7 279
7 282
7 283
7 289
7 303
7 21
7 308
7 311
7 317
7 320
7 325
7 97
7 333
7 225
7 575
7 435
7 330
7 386
7 415
7 84
7 170
7 542
7 479
7 164
7 430
7 351
7 392
7 538
7 589
7 371
7 616
7 253
7 378
7 12
7 443
7 370
7 247
7 527
7 348
7 61
7 139
7 401
7 138
7 161
7 281
7 349
7 143
7 319
7 531
7 450
7 276
7 591
7 481
7 338
7 315
7 210
7 331
7 212
7 462
7 506
7 65
7 95
7 467
7 566
7 429
7 394
7 508
7 560
7 346
7 608
7 482
7 74
7 296
7 249
7 243
7 515
7 58
7 596
7 11
7 100
7 447
7 396
7 617
7 368
7 490
7 302
7 300
7 223
7 466
7 448
7 227
7 305
7 421
7 234
7 469
7 423
7 214
7 41
7 352
7 541
7 39
7 545
7 340
7 342
7 360
7 376
7 363
7 393
7 416
7 424
7 18
7 436
7 438
7 445
7 459
7 379
7 495
7 507
7 534
7 537
7 546
7 565
7 572
7 584
7 607
8 351
8 415
8 467
8 348
8 97
8 565
8 202
8 117
8 435
8 479
8 249
8 363
8 333
8 330
8 538
8 317
9 97
9 281
9 392
9 249
9 170
9 559
9 614
10 97
11 303
11 575
11 430
11 423
11 447
11 97
11 113
11 249
11 538
11 453
11 341
11 330
11 317
12 164
12 545
12 97
12 415
12 394
12 527
12 146
12 249
12 333
12 174
12 16
12 17
12 23
12 30
12 32
12 37
12 38
12 40
12 43
12 44
12 46
12 47
12 52
12 55
12 56
12 58
12 61
12 62
12 65
12 68
12 71
12 72
12 73
12 74
12 76
12 81
12 85
12 86
12 91
12 94
12 99
12 102
12 105
12 108
12 114
12 35
12 118
12 120
12 125
12 127
12 129
12 130
12 131
12 133
12 134
12 138
12 140
12 142
12 153
12 154
12 156
12 161
12 306
12 170
12 176
12 178
12 182
12 188
12 191
12 193
12 195
12 202
12 207
12 210
12 211
12 222
12 224
12 234
12 233
12 238
12 239
12 240
12 242
12 243
12 244
12 246
12 253
12 254
12 264
12 268
12 270
12 272
12 275
12 276
12 279
12 283
12 288
12 289
12 291
12 294
12 298
12 301
12 303
12 308
12 310
12 311
12 312
12 313
12 317
12 318
12 319
12 325
12 326
12 334
12 338
12 340
12 341
12 343
12 345
12 348
12 349
12 351
12 353
12 357
12 360
12 362
12 368
12 371
12 378
12 381
12 382
12 383
12 384
12 386
12 387
12 388
12 363
12 392
12 393
12 401
12 402
12 406
12 420
12 423
12 424
12 425
12 430
12 18
12 435
12 436
12 438
12 439
12 441
12 445
12 446
12 447
12 450
12 453
12 458
12 459
12 460
12 468
12 472
12 474
12 476
12 479
12 482
12 484
12 485
12 489
12 493
12 494
12 379
12 495
12 498
12 504
12 505
12 506
12 507
12 508
12 509
12 510
12 513
12 517
12 522
12 529
12 531
12 534
12 538
12 539
12 542
12 546
12 547
12 556
12 559
12 561
12 563
12 565
12 566
12 569
12 570
12 571
12 573
12 575
12 577
12 578
12 585
12 587
12 589
12 591
12 600
12 601
12 603
12 605
12 607
12 611
12 613
12 616
12 618
13 97
14 97
15 244
15 249
15 370
15 97
15 330
16 97
16 538
16 330
16 435
16 356
16 342
16 370
16 346
17 600
17 589
17 272
17 200
17 370
17 538
17 177
17 527
17 84
17 143
17 575
17 325
17 531
17 330
17 333
17 479
17 97
17 409
17 307
17 430
17 346
17 18
17 394
17 249
17 202
17 47
17 467
17 109
17 43
17 578
18 28
18 38
18 43
18 45
18 73
18 76
18 89
18 95
18 106
18 110
18 35
18 118
18 125
18 129
18 132
18 140
18 144
18 155
18 306
18 176
18 177
18 206
18 240
18 248
18 272
18 283
18 288
18 292
18 303
18 317
18 334
18 341
18 342
18 345
18 353
18 356
18 360
18 368
18 389
18 393
18 401
18 423
18 33
18 330
18 541
18 130
18 161
18 170
18 479
18 338
18 394
18 97
18 249
18 139
18 333
18 243
18 276
18 174
18 348
18 591
18 514
18 39
18 22
18 436
18 441
18 445
18 449
18 458
18 482
18 489
18 379
18 497
18 507
18 508
18 523
18 531
18 549
18 559
18 569
18 572
18 575
18 578
18 589
18 601
18 618
19 538
19 356
19 370
19 97
19 41
19 479
19 508
19 130
19 249
19 225
20 97
20 575
20 317
20 156
20 356
20 323
21 158
21 575
21 542
21 447
21 289
21 444
21 97
21 538
21 215
21 531
21 370
21 249
21 565
21 243
21 545
21 508
22 333
22 253
22 283
22 565
22 97
22 435
22 249
22 405
22 531
22 132
22 477
22 130
22 370
22 589
22 591
22 133
22 458
22 330
22 28
22 30
22 37
22 99
22 120
22 210
22 264
22 272
22 303
22 310
22 326
22 335
22 348
22 362
22 378
22 388
22 393
22 420
22 481
22 495
22 538
22 575
22 577
22 595
22 611
23 97
23 62
23 289
23 249
23 164
23 330
23 538
23 370
23 143
23 131
24 249
24 247
24 368
24 135
24 46
24 67
24 108
24 120
24 130
24 182
24 223
24 273
24 333
24 338
24 353
24 423
24 479
24 482
24 575
24 589
24 611
25 249
25 97
25 143
25 370
25 30
25 62
25 120
25 182
25 247
25 273
25 333
25 393
25 537
25 538
25 562
26 97
27 97
27 368
27 164
27 538
28 538
28 281
28 97
28 575
28 133
28 326
28 330
28 531
28 479
28 65
28 307
28 370
28 348
28 55
28 560
28 210
28 243
28 447
28 130
28 63
28 249
28 276
28 423
28 394
28 608
28 231
28 153
28 84
28 391
28 67
28 591
28 589
28 33
28 211
28 279
28 296
28 225
28 99
28 360
29 97
30 244
30 158
30 531
30 97
30 307
30 547
30 164
30 500
30 617
30 392
30 333
30 330
30 579
30 310
30 386
30 489
30 170
30 479
30 62
30 542
30 246
30 264
30 153
30 348
30 538
30 560
30 253
30 447
30 225
30 432
30 238
30 346
30 527
30 141
30 576
30 575
30 383
30 595
30 272
30 616
30 370
30 100
30 283
30 351
30 161
30 281
30 237
30 349
30 430
30 58
30 219
30 289
30 600
30 423
30 276
30 296
30 130
30 223
30 61
30 247
30 243
30 242
30 394
30 217
30 510
30 428
30 408
30 112
30 581
30 446
30 275
30 132
30 249
30 401
30 304
30 443
30 139
30 143
30 33
30 591
30 518
30 135
30 475
30 271
30 314
30 546
30 203
30 356
30 331
30 215
30 209
30 174
30 267
30 508
30 368
30 84
30 195
30 564
30 261
30 74
30 515
30 106
30 465
30 458
30 279
30 208
30 193
30 120
30 589
31 479
31 97
31 552
31 249
32 97
32 527
32 330
32 249
32 333
32 209
32 370
32 392
32 131
32 572
33 394
33 330
33 97
33 217
33 525
33 527
33 113
33 370
33 451
33 356
33 225
33 38
33 41
33 44
33 46
33 47
33 51
33 55
33 83
33 86
33 89
33 105
33 108
33 35
33 117
33 118
33 120
33 129
33 131
33 133
33 136
33 138
33 140
33 155
33 158
33 162
33 306
33 182
33 202
33 206
33 208
33 210
33 218
33 227
33 244
33 246
33 264
33 268
33 270
33 273
33 283
33 288
33 289
33 295
33 296
33 308
33 317
33 318
33 329
33 333
33 340
33 348
33 353
33 362
33 384
33 393
33 399
33 402
33 416
33 417
33 430
33 436
33 441
33 445
33 446
33 457
33 472
33 474
33 490
33 379
33 519
33 534
33 538
33 542
33 545
33 565
33 569
33 575
33 578
33 589
33 600
33 607
33 610
33 618
34 333
34 97
34 421
34 174
34 200
35 333
35 370
35 319
35 545
35 193
35 225
35 392
35 351
35 575
35 538
35 289
35 419
35 296
35 238
35 233
35 430
35 202
35 443
35 99
35 318
35 348
35 243
35 552
35 330
35 97
35 341
35 384
35 46
35 58
35 589
35 130
35 571
35 396
35 356
35 394
35 37
35 342
35 76
35 281
35 479
35 368
35 308
35 158
35 337
35 591
35 161
35 600
35 52
35 85
35 477
35 177
35 446
35 135
35 514
35 136
35 206
35 353
35 138
35 451
36 296
36 97
37 333
37 130
37 392
37 289
37 330
37 542
37 348
37 338
37 97
37 575
37 164
37 281
37 591
37 443
37 370
37 589
37 133
37 100
37 62
37 382
37 433
37 318
37 482
37 479
37 264
37 371
37 446
37 531
37 296
37 430
37 514
37 238
37 351
37 459
37 378
37 249
37 564
37 158
37 170
37 567
37 77
37 469
37 545
37 508
37 81
37 120
37 282
37 360
37 381
37 388
37 393
37 499
37 538
37 605
37 618
38 351
38 225
38 97
38 281
38 333
38 330
38 143
38 538
38 84
38 370
38 382
38 394
38 479
38 289
38 348
38 130
38 515
38 135
38 164
38 596
38 560
38 392
38 138
38 249
38 425
38 542
38 446
38 243
38 310
38 508
38 356
38 362
38 572
39 97
39 138
39 443
39 392
39 307
39 432
39 545
39 386
39 331
39 531
39 296
39 330
39 508
39 147
39 527
39 370
39 564
39 428
39 591
39 479
39 310
39 170
39 225
39 117
39 120
39 153
39 193
39 318
39 341
39 348
39 424
39 438
39 572
39 605
40 330
40 394
40 447
40 97
40 542
40 382
40 589
40 531
40 113
40 351
40 392
40 479
40 130
40 338
40 370
40 177
40 135
40 560
40 393
40 600
40 55
40 118
40 495
41 575
41 538
41 392
41 246
41 370
41 97
41 330
41 158
41 58
41 130
41 74
41 447
41 479
41 424
41 401
41 281
41 368
41 188
41 133
41 61
41 356
41 514
41 76
41 99
41 106
41 155
41 231
41 239
41 264
41 303
41 316
41 318
41 360
41 573
41 605
42 153
42 100
42 130
42 538
42 370
42 97
43 97
43 443
43 164
43 479
43 225
43 272
43 617
43 333
43 257
43 330
43 282
43 348
43 338
43 264
43 283
43 560
43 351
43 430
43 538
43 376
43 281
43 343
43 547
43 253
43 392
43 100
43 76
43 307
43 447
43 44
43 575
43 210
43 386
43 296
43 589
43 161
43 480
43 289
43 438
43 247
43 424
43 541
43 130
43 415
43 531
43 325
43 170
43 346
43 469
43 176
43 534
43 188
43 527
43 370
43 371
43 525
43 153
43 135
43 349
43 546
43 61
43 514
43 243
43 356
43 63
43 475
43 419
43 249
43 542
43 561
43 202
43 508
43 138
43 58
43 143
43 404
43 174
43 591
43 564
43 453
43 600
43 223
43 353
43 436
43 489
44 330
44 110
44 479
44 538
44 458
44 97
44 105
44 352
44 531
44 542
44 409
44 281
44 161
44 370
44 348
44 143
44 318
44 387
44 572
45 508
45 394
45 97
45 174
45 296
45 170
45 225
45 404
46 351
46 281
46 97
46 325
46 462
46 254
46 392
46 249
46 235
46 161
46 308
46 479
46 130
46 304
46 370
46 73
46 76
46 120
46 131
46 306
46 223
46 309
46 227
46 288
46 319
46 338
46 340
46 341
46 353
46 355
46 360
46 385
46 401
46 458
46 466
46 482
46 490
46 379
46 517
46 546
46 561
46 569
46 575
46 591
47 257
47 527
47 531
47 97
47 542
47 193
47 354
47 401
47 406
47 522
47 612
47 618
48 99
48 303
49 238
49 322
49 330
49 161
49 249
50 305
50 161
50 338
50 155
51 146
51 538
51 97
51 370
51 249
51 508
51 307
51 543
52 330
52 97
52 370
52 215
52 249
52 100
52 58
52 356
52 223
52 281
52 121
52 76
52 467
52 538
52 572
52 584
52 589
52 605
53 97
53 249
53 306
54 394
54 249
54 97
55 130
55 333
55 170
55 531
55 392
55 394
55 97
55 538
55 348
55 188
55 283
55 138
55 257
55 253
55 307
55 351
55 430
55 443
55 479
55 100
55 164
55 200
55 182
55 109
55 589
55 370
55 61
55 281
55 401
55 183
55 419
55 246
55 330
55 352
55 249
55 202
55 174
55 527
55 102
55 514
55 161
55 95
55 368
55 296
55 433
55 591
55 118
55 564
55 135
55 120
55 117
55 140
55 311
55 416
56 296
56 97
56 319
56 423
56 572
57 97
57 456
57 466
57 135
58 59
58 333
58 352
58 225
58 542
58 129
58 243
58 330
58 97
58 394
58 183
58 279
58 76
58 99
58 118
58 120
58 133
58 140
58 155
58 202
58 252
58 264
58 283
58 303
58 317
58 335
58 338
58 348
58 349
58 368
58 393
58 404
58 438
58 533
58 534
58 538
58 575
58 578
58 618
59 84
59 351
59 378
59 61
59 479
59 392
59 370
59 253
59 538
59 130
59 243
59 330
59 120
59 360
59 431
60 97
60 109
60 531
61 479
61 330
61 130
61 111
61 531
61 538
61 97
61 164
61 276
61 174
61 225
61 564
61 589
61 76
61 77
61 99
61 118
61 120
61 136
61 142
61 153
61 306
61 207
61 240
61 243
61 264
61 283
61 303
61 313
61 317
61 322
61 343
61 347
61 348
61 357
61 360
61 386
61 387
61 404
61 425
61 430
61 436
61 438
61 379
61 498
61 537
61 556
61 575
61 578
61 584
61 588
61 601
61 604
61 618
62 97
62 392
62 161
62 330
62 174
62 249
62 283
62 333
62 591
62 130
62 479
62 76
62 99
62 120
62 153
62 170
62 187
62 264
62 269
62 272
62 282
62 296
62 297
62 303
62 317
62 347
62 360
62 368
62 378
62 386
62 387
62 430
62 435
62 438
62 455
62 509
62 513
62 569
62 571
62 575
63 538
63 307
63 97
63 438
63 506
63 435
63 527
63 392
63 330
63 218
63 510
63 249
63 531
63 227
63 294
63 131
63 402
63 65
63 95
63 101
63 126
63 210
63 212
63 231
63 326
63 338
63 360
63 376
63 412
63 423
63 424
63 482
63 379
63 537
63 546
63 589
64 97
64 595
64 542
64 113
64 330
64 370
64 538
64 333
64 374
65 394
65 538
65 430
65 164
65 97
65 575
65 109
65 351
65 133
65 281
65 161
65 479
65 130
65 506
65 542
65 330
65 435
65 482
65 249
65 338
65 410
65 135
65 296
65 120
65 188
65 272
65 283
65 577
65 591
66 589
66 370
66 97
66 479
66 315
67 144
67 538
67 575
67 97
67 281
67 330
67 249
67 508
67 447
67 356
67 506
67 130
67 370
67 99
67 118
67 303
67 333
67 338
67 353
67 360
67 425
67 430
67 436
67 479
67 507
67 537
67 605
68 97
68 538
68 164
68 351
68 264
68 479
68 84
69 97
70 97
70 370
70 330
71 508
71 538
71 97
71 453
71 135
71 333
71 249
71 459
71 591
71 447
71 418
72 394
72 370
72 396
72 100
72 221
72 97
72 467
72 161
72 244
72 508
73 97
74 97
74 330
74 542
74 225
74 538
74 514
74 333
74 215
74 560
74 331
74 130
74 272
74 443
74 575
74 371
74 403
74 161
74 531
74 249
74 170
74 589
74 591
74 430
74 379
74 508
75 447
75 97
75 243
75 514
75 330
75 443
76 508
76 282
76 538
76 356
76 225
76 575
76 107
76 430
76 296
76 97
76 129
76 370
76 238
76 357
76 215
76 153
76 146
76 276
76 289
76 210
76 283
76 243
76 346
76 542
76 333
76 371
76 170
76 330
76 331
76 325
76 467
76 394
76 419
76 99
76 479
76 584
76 560
76 249
76 342
76 164
76 100
76 135
76 307
76 514
76 130
76 252
76 443
76 446
76 161
76 133
76 253
76 591
76 352
76 310
76 291
77 208
77 158
77 538
77 246
77 575
77 370
77 552
77 330
77 531
77 97
77 131
77 446
77 118
77 120
77 270
77 378
77 388
77 430
78 370
78 462
78 121
78 392
78 161
78 430
78 97
78 443
78 138
78 333
78 589
78 225
78 356
79 97
79 538
79 249
79 330
80 370
80 552
80 545
80 343
81 330
81 97
81 394
81 303
81 542
81 145
81 113
81 219
81 307
81 249
81 368
81 147
81 161
81 130
81 475
81 479
81 561
81 549
81 370
81 84
81 591
81 317
81 100
81 143
81 423
82 97
82 307
82 394
82 249
82 564
82 589
83 538
83 97
83 164
83 249
83 330
83 370
83 130
84 575
84 330
84 443
84 97
84 138
84 531
84 202
84 348
84 153
84 99
84 118
84 120
84 193
84 210
84 239
84 243
84 282
84 283
84 289
84 296
84 303
84 310
84 317
84 318
84 326
84 353
84 362
84 368
84 378
84 393
84 436
84 446
84 474
84 379
84 537
84 538
84 569
84 578
84 605
84 611
84 618
85 97
85 538
85 423
85 130
85 276
85 479
85 370
85 303
85 598
85 161
85 368
85 447
85 349
85 589
85 575
85 99
85 306
85 262
85 317
85 360
85 378
85 430
85 438
85 482
85 489
85 379
85 565
85 572
85 573
86 97
86 392
86 330
86 333
86 174
86 249
86 307
86 453
86 370
86 356
87 330
88 97
89 538
89 146
89 482
89 330
89 531
89 130
89 341
89 515
89 565
90 538
90 225
90 370
90 392
90 333
90 135
90 415
91 606
91 97
91 249
91 394
92 538
92 264
92 294
93 97
93 319
93 392
93 130
93 564
93 370
93 531
94 97
94 333
95 545
95 333
95 330
95 435
95 97
95 531
95 161
95 575
95 331
95 370
95 346
95 225
95 356
95 153
95 241
95 291
95 338
95 360
95 430
95 436
95 479
95 482
95 572
95 605
96 97
96 333
96 100
96 589
96 147
96 130
96 135
96 572
97 168
97 414
97 99
97 364
97 101
97 102
97 104
97 105
97 106
97 108
97 107
97 109
97 110
97 111
97 113
97 114
97 115
97 116
97 117
97 118
97 119
97 120
97 121
97 122
97 123
97 124
97 125
97 126
97 127
97 129
97 130
97 131
97 132
97 133
97 134
97 138
97 139
97 140
97 141
97 142
97 143
97 144
97 145
97 146
97 147
97 148
97 149
97 152
97 153
97 154
97 524
97 155
97 157
97 160
97 161
97 162
97 164
97 166
97 167
97 306
97 170
97 172
97 174
97 175
97 176
97 177
97 178
97 179
97 182
97 183
97 184
97 185
97 186
97 187
97 188
97 189
97 190
97 193
97 195
97 197
97 198
97 380
97 203
97 202
97 201
97 205
97 206
97 207
97 209
97 210
97 211
97 212
97 213
97 214
97 215
97 216
97 217
97 218
97 219
97 221
97 222
97 223
97 224
97 225
97 226
97 227
97 228
97 229
97 230
97 231
97 234
97 233
97 235
97 236
97 237
97 238
97 239
97 240
97 241
97 242
97 243
97 244
97 246
97 247
97 248
97 249
97 251
97 253
97 254
97 256
97 257
97 258
97 259
97 260
97 261
97 262
97 263
97 264
97 265
97 267
97 268
97 269
97 270
97 272
97 273
97 274
97 275
97 276
97 277
97 278
97 279
97 280
97 281
97 282
97 283
97 284
97 285
97 287
97 288
97 289
97 291
97 292
97 294
97 295
97 296
97 297
97 298
97 299
97 301
97 303
97 307
97 500
97 394
97 330
97 591
97 527
97 319
97 392
97 448
97 531
97 564
97 308
97 310
97 311
97 312
97 313
97 314
97 315
97 169
97 304
97 317
97 318
97 320
97 321
97 322
97 324
97 325
97 326
97 331
97 332
97 333
97 335
97 334
97 336
97 337
97 338
97 340
97 341
97 342
97 343
97 344
97 345
97 348
97 349
97 351
97 352
97 353
97 355
97 357
97 358
97 359
97 360
97 362
97 366
97 365
97 367
97 368
97 369
97 371
97 373
97 372
97 374
97 375
97 376
97 413
97 377
97 378
97 381
97 382
97 383
97 384
97 385
97 386
97 387
97 388
97 389
97 393
97 397
97 399
97 400
97 401
97 402
97 403
97 404
97 406
97 407
97 408
97 410
97 412
97 200
97 415
97 416
97 418
97 419
97 420
97 421
97 422
97 423
97 424
97 425
97 426
97 427
97 428
97 429
97 430
97 431
97 433
97 434
97 435
97 436
97 437
97 438
97 440
97 441
97 442
97 443
97 445
97 446
97 447
97 449
97 450
97 452
97 453
97 455
97 456
97 457
97 458
97 459
97 460
97 461
97 465
97 466
97 467
97 468
97 469
97 470
97 471
97 472
97 473
97 474
97 475
97 476
97 477
97 479
97 481
97 482
97 483
97 484
97 485
97 487
97 488
97 489
97 490
97 491
97 493
97 494
97 379
97 495
97 497
97 498
97 499
97 501
97 502
97 503
97 505
97 506
97 507
97 508
97 509
97 510
97 511
97 512
97 513
97 514
97 517
97 518
97 520
97 521
97 522
97 523
97 525
97 526
97 528
97 529
97 532
97 533
97 534
97 535
97 537
97 538
97 539
97 540
97 541
97 542
97 543
97 545
97 546
97 547
97 548
97 549
97 552
97 550
97 551
97 555
97 553
97 554
97 556
97 559
97 560
97 561
97 562
97 565
97 566
97 567
97 568
97 569
97 570
97 571
97 572
97 573
97 574
97 575
97 576
97 577
97 578
97 579
97 580
97 583
97 584
97 585
97 586
97 587
97 588
97 589
97 592
97 593
97 594
97 595
97 597
97 598
97 596
97 599
97 601
97 603
97 604
97 605
97 606
97 607
97 608
97 610
97 611
97 612
97 613
97 614
97 616
97 617
97 618
98 370
99 500
99 333
99 303
99 538
99 317
99 508
99 348
99 126
99 575
99 225
99 253
99 589
99 430
99 351
99 376
99 392
99 447
99 560
99 370
99 368
99 109
99 211
99 479
99 527
99 443
99 243
99 605
99 283
99 161
99 330
99 608
99 423
99 506
99 331
99 130
99 566
99 467
99 435
99 246
99 346
99 394
99 193
99 371
99 446
99 531
99 264
99 296
99 409
99 188
99 164
99 138
99 307
99 343
99 356
99 462
99 153
99 132
99 281
99 249
99 514
99 403
99 276
99 170
99 289
99 308
99 215
99 386
99 617
99 158
99 227
99 425
99 448
99 100
99 585
99 272
99 542
99 133
99 118
99 176
99 239
99 311
99 338
99 360
99 449
99 474
99 578
100 330
100 118
100 120
100 140
100 173
100 180
100 182
100 193
100 219
100 246
100 253
100 264
100 272
100 287
100 293
100 317
100 360
100 362
100 378
100 386
100 387
100 404
100 416
100 431
100 434
100 438
100 445
100 450
100 459
100 467
100 479
100 379
100 495
100 531
100 537
100 569
100 572
100 575
100 577
100 587
100 589
100 591
100 601
100 611
100 612
100 618
101 374
101 249
101 343
101 562
101 605
102 330
102 237
102 283
102 479
102 575
102 531
102 336
102 352
102 560
102 371
102 348
102 249
102 356
102 170
102 174
102 515
102 542
102 264
102 386
102 569
103 492
103 544
103 582
104 249
104 564
104 131
104 370
104 153
104 135
105 289
105 333
105 393
105 307
105 330
105 296
105 575
105 479
105 109
105 428
105 538
105 133
105 130
105 589
105 120
105 155
105 318
105 353
105 436
105 441
105 447
105 477
105 578
106 135
106 479
106 161
106 249
106 538
106 158
106 118
106 306
106 311
106 348
106 387
106 438
106 572
106 578
107 575
107 514
107 333
107 386
107 289
107 118
107 378
107 578
107 618
108 394
108 415
108 392
108 527
108 244
108 319
108 531
108 346
108 249
108 333
108 560
108 479
108 600
108 348
108 219
108 174
108 370
108 515
108 545
108 330
108 246
108 264
108 393
108 431
108 559
109 326
109 394
109 560
109 131
109 143
109 182
109 283
109 303
109 333
109 572
109 575
109 589
110 394
110 249
110 330
110 182
110 388
110 446
110 531
110 572
110 573
111 225
111 330
111 333
111 341
111 153
111 379
111 538
112 618
113 346
113 443
113 249
113 351
113 409
113 138
113 140
113 306
113 208
113 288
113 289
113 338
113 353
113 360
113 438
113 456
113 466
113 482
113 540
113 559
113 572
113 573
113 575
113 578
113 605
113 607
114 374
114 249
114 348
114 157
114 283
114 423
114 608
115 575
115 370
115 614
115 423
115 234
116 330
116 249
117 164
117 467
117 348
117 575
117 133
117 552
117 542
117 330
117 249
117 303
117 356
117 264
117 560
117 479
117 531
117 538
117 591
117 474
117 132
117 508
117 135
117 118
118 130
118 330
118 575
118 333
118 508
118 415
118 489
118 296
118 351
118 143
118 424
118 538
118 611
118 126
118 545
118 238
118 394
118 282
118 193
118 542
118 188
118 283
118 281
118 264
118 591
118 479
118 447
118 253
118 225
118 589
118 370
118 560
118 276
118 386
118 349
118 392
118 443
118 348
118 182
118 357
118 338
118 469
118 531
118 608
118 472
118 246
118 435
118 404
118 158
118 467
118 375
118 235
118 243
118 514
118 249
118 373
118 177
118 618
118 346
118 448
118 481
118 176
118 565
118 356
119 249
120 164
120 193
120 307
120 310
120 479
120 469
120 158
120 575
120 150
120 481
120 333
120 330
120 253
120 281
120 435
120 130
120 386
120 545
120 200
120 202
120 264
120 138
120 356
120 527
120 430
120 351
120 542
120 447
120 225
120 394
120 560
120 243
120 371
120 143
120 443
120 382
120 170
120 348
120 467
120 296
120 249
120 210
120 538
120 405
120 421
120 392
120 600
120 153
120 531
120 133
120 510
120 591
120 375
120 346
120 458
120 534
120 561
120 369
120 308
120 238
120 342
120 289
120 396
120 161
120 401
120 490
120 302
120 300
120 279
120 304
120 325
120 378
120 592
120 283
120 368
120 174
120 384
120 475
120 465
120 423
120 556
120 564
120 227
120 234
120 377
120 135
120 318
120 549
120 136
120 446
120 207
120 303
120 362
120 611
121 356
121 507
121 538
121 578
121 589
121 605
122 249
122 423
123 225
123 538
123 370
123 330
123 348
123 356
124 542
124 428
125 531
125 307
125 174
125 527
125 595
125 215
125 247
125 392
125 538
125 475
125 249
125 187
125 564
125 330
126 296
126 289
126 303
126 479
126 575
126 589
127 225
127 307
127 130
127 392
127 430
127 479
127 296
127 348
127 351
127 330
127 564
127 333
127 547
127 135
128 333
128 217
128 365
129 193
129 538
129 527
129 542
129 351
129 170
129 392
129 346
129 469
129 479
129 415
129 330
129 534
129 508
129 306
129 477
129 575
130 164
130 591
130 575
130 383
130 510
130 545
130 370
130 447
130 170
130 276
130 351
130 401
130 479
130 443
130 538
130 161
130 281
130 392
130 430
130 143
130 272
130 325
130 212
130 462
130 429
130 308
130 531
130 283
130 542
130 317
130 435
130 566
130 482
130 331
130 279
130 396
130 249
130 394
130 183
130 426
130 133
130 142
130 155
130 176
130 182
130 210
130 219
130 224
130 231
130 238
130 246
130 253
130 264
130 268
130 270
130 463
130 289
130 303
130 310
130 338
130 341
130 343
130 345
130 348
130 349
130 355
130 360
130 362
130 365
130 368
130 371
130 373
130 376
130 378
130 382
130 386
130 388
130 393
130 423
130 424
130 431
130 436
130 438
130 441
130 446
130 453
130 459
130 467
130 474
130 489
130 379
130 495
130 506
130 507
130 508
130 509
130 513
130 514
130 533
130 534
130 537
130 546
130 556
130 559
130 562
130 565
130 567
130 569
130 571
130 572
130 577
130 578
130 580
130 584
130 586
130 587
130 589
130 592
130 598
130 604
130 605
130 610
130 611
130 613
130 618
131 319
131 462
131 235
131 330
131 566
131 308
131 531
131 249
131 164
131 227
131 370
131 517
131 161
131 133
131 134
131 147
131 306
131 193
131 219
131 234
131 239
131 246
131 251
131 272
131 273
131 279
131 283
131 288
131 291
131 318
131 338
131 348
131 360
131 368
131 387
131 388
131 393
131 401
131 438
131 458
131 482
131 489
131 490
131 542
131 572
131 575
131 587
131 589
131 591
131 600
132 143
132 430
132 330
132 479
132 392
132 215
132 575
132 566
132 443
132 249
132 307
132 140
132 202
132 206
132 218
132 294
132 303
132 317
132 349
132 360
132 362
132 389
132 426
132 472
132 490
132 505
132 589
133 370
133 575
133 333
133 538
133 146
133 508
133 202
133 352
133 296
133 479
133 514
133 433
133 459
133 506
133 330
133 249
133 170
133 591
133 490
133 368
133 305
133 283
133 193
133 567
133 318
133 426
133 589
133 564
133 303
133 143
133 214
133 446
133 225
133 140
133 156
133 206
133 213
133 253
133 282
133 317
133 322
133 334
133 349
133 360
133 384
133 447
133 379
133 495
133 565
133 572
133 605
133 611
134 538
134 527
134 479
134 249
134 369
134 330
134 393
135 330
135 146
135 155
135 159
135 176
135 182
135 186
135 205
135 238
135 239
135 253
135 269
135 270
135 289
135 169
135 344
135 348
135 368
135 374
135 382
135 388
135 418
135 424
135 430
135 436
135 438
135 446
135 472
135 486
135 505
135 510
135 534
135 537
135 546
135 575
135 589
135 591
135 604
135 605
136 333
136 394
136 296
137 330
137 333
137 538
137 572
138 333
138 307
138 329
138 281
138 296
138 247
138 351
138 283
138 443
138 243
138 508
138 318
138 386
138 531
138 394
138 560
138 527
138 238
138 368
138 591
138 253
138 305
138 549
138 310
138 153
138 176
138 193
138 202
138 207
138 210
138 213
138 231
138 233
138 264
138 268
138 270
138 288
138 289
138 303
138 317
138 322
138 335
138 348
138 360
138 375
138 378
138 381
138 449
138 477
138 479
138 481
138 489
138 537
138 543
138 545
138 555
138 575
138 578
138 584
138 610
139 392
139 164
139 150
139 306
139 246
139 283
139 289
139 349
139 401
139 482
139 531
139 575
139 589
140 341
140 264
140 346
140 404
140 479
140 210
140 146
140 447
140 575
140 330
140 531
140 296
140 164
140 382
140 249
140 542
140 538
140 338
140 508
140 276
140 230
140 430
141 479
141 198
141 575
142 394
142 253
142 589
142 392
142 330
142 333
142 479
142 296
142 560
142 230
142 202
142 289
142 303
142 436
142 478
143 164
143 392
143 333
143 415
143 386
143 249
143 527
143 153
143 227
143 234
143 239
143 240
143 272
143 279
143 282
143 283
143 289
143 292
143 318
143 319
143 332
143 338
143 371
143 378
143 387
143 393
143 400
143 423
143 430
143 438
143 447
143 458
143 479
143 489
143 379
143 509
143 531
143 535
143 546
143 572
143 573
143 575
143 578
143 591
143 603
144 330
144 538
144 249
144 333
144 575
144 474
144 572
145 421
145 170
145 247
145 264
145 378
145 546
146 527
146 351
146 281
146 394
146 289
146 330
146 249
146 508
146 318
146 319
146 338
146 341
146 401
146 445
146 468
146 477
146 489
146 526
146 531
146 559
146 569
146 575
146 578
147 333
147 517
147 161
147 351
147 330
147 249
147 153
147 288
147 360
147 430
147 537
147 538
147 553
147 589
148 330
148 246
148 300
148 376
148 575
149 371
149 215
150 200
150 202
151 244
151 311
152 506
152 174
152 330
152 494
152 572
153 333
153 545
153 273
153 370
153 386
153 443
153 447
153 450
153 281
153 296
153 576
153 253
153 538
153 557
153 351
153 289
153 184
153 202
153 243
153 560
153 392
153 542
153 571
153 348
153 326
153 330
153 307
153 267
153 479
153 193
153 515
153 225
153 188
153 282
153 283
153 303
153 310
153 317
153 318
153 360
153 368
153 374
153 430
153 436
153 438
153 470
153 505
153 533
153 573
153 575
153 578
153 610
153 618
155 289
155 575
155 264
155 276
155 447
155 538
155 363
155 509
155 479
155 469
155 330
155 307
155 348
155 394
155 333
155 531
155 382
155 462
155 514
155 542
155 304
155 508
155 370
155 591
155 356
155 225
155 433
155 360
155 388
156 227
156 451
156 288
157 333
157 249
157 225
158 370
158 348
158 415
158 318
158 330
158 479
158 243
158 538
158 591
158 508
158 246
158 193
158 284
158 288
158 303
158 329
158 349
158 362
158 365
158 368
158 376
158 378
158 381
158 384
158 436
158 441
158 450
158 474
158 489
158 570
158 575
158 578
158 580
158 605
158 618
160 249
160 234
161 333
161 325
161 279
161 392
161 531
161 462
161 235
161 249
161 227
161 331
161 308
161 401
161 517
161 306
161 176
161 182
161 183
161 223
161 230
161 234
161 239
161 240
161 246
161 255
161 264
161 272
161 281
161 283
161 288
161 303
161 310
161 312
161 304
161 317
161 326
161 338
161 340
161 341
161 343
161 345
161 357
161 358
161 360
161 362
161 365
161 368
161 374
161 385
161 387
161 393
161 404
161 424
161 430
161 436
161 438
161 446
161 455
161 466
161 479
161 482
161 489
161 490
161 379
161 496
161 534
161 537
161 538
161 546
161 561
161 565
161 572
161 573
161 575
161 584
161 587
161 589
161 591
161 605
162 283
162 249
162 246
162 542
163 404
163 333
163 299
163 538
164 527
164 249
164 306
164 170
164 182
164 188
164 193
164 202
164 227
164 233
164 246
164 264
164 272
164 276
164 282
164 283
164 303
164 307
164 308
164 315
164 317
164 318
164 319
164 328
164 332
164 338
164 342
164 348
164 351
164 360
164 362
164 368
164 374
164 383
164 385
164 386
164 387
164 388
164 363
164 392
164 416
164 430
164 435
164 438
164 441
164 443
164 447
164 468
164 479
164 489
164 490
164 495
164 505
164 520
164 531
164 532
164 538
164 546
164 547
164 559
164 561
164 573
164 575
164 577
164 578
164 584
164 589
164 591
164 608
164 618
165 426
165 176
165 296
165 479
165 243
165 378
165 446
165 264
165 289
165 349
165 362
165 538
166 370
166 238
166 510
167 447
167 170
168 330
168 538
170 591
170 527
170 392
170 447
170 394
170 249
170 475
170 330
170 176
170 182
170 188
170 202
170 210
170 231
170 239
170 253
170 264
170 272
170 276
170 277
170 282
170 283
170 289
170 291
170 303
170 310
170 318
170 338
170 349
170 351
170 360
170 362
170 368
170 386
170 388
170 393
170 422
170 423
170 426
170 430
170 436
170 438
170 458
170 459
170 465
170 479
170 482
170 489
170 508
170 534
170 538
170 546
170 569
170 571
170 575
170 578
170 584
170 587
170 589
170 610
171 560
171 508
171 308
172 215
172 330
173 549
173 333
173 430
173 330
173 531
173 249
173 370
174 215
174 447
174 225
174 239
174 242
174 246
174 252
174 264
174 272
174 275
174 276
174 282
174 301
174 311
174 338
174 344
174 360
174 365
174 384
174 386
174 387
174 389
174 363
174 392
174 393
174 406
174 428
174 434
174 438
174 455
174 459
174 481
174 484
174 511
174 531
174 532
174 534
174 537
174 561
174 569
174 571
174 572
174 573
174 575
174 578
174 589
174 591
174 608
175 306
175 330
176 333
176 538
176 575
176 348
176 349
176 351
176 479
176 430
176 423
176 276
176 382
176 589
176 296
176 303
176 330
176 308
176 515
176 447
176 514
176 356
176 446
176 566
176 561
176 253
176 370
176 202
176 240
176 289
176 311
176 419
176 495
176 527
176 578
176 605
177 415
177 330
177 333
177 346
177 479
177 316
177 545
177 356
177 225
177 451
177 182
177 338
177 379
177 575
178 249
178 289
178 482
178 575
179 238
181 330
181 572
182 306
182 617
182 333
182 542
182 560
182 514
182 346
182 447
182 319
182 394
182 392
182 527
182 215
182 283
182 457
182 237
182 479
182 219
182 330
182 296
182 423
182 246
182 515
182 348
182 382
182 445
182 356
182 249
182 310
182 396
182 370
182 368
182 386
182 510
182 600
182 377
182 451
182 266
182 193
182 531
182 538
182 545
182 225
182 318
182 360
182 575
182 578
183 239
183 279
183 308
183 338
183 362
183 392
183 396
183 401
183 430
183 438
183 517
183 575
183 591
184 394
184 542
184 283
184 249
184 289
184 333
184 357
184 360
184 531
184 538
184 572
185 392
185 531
185 249
187 330
187 249
187 227
187 349
187 392
187 572
188 500
188 415
188 575
188 307
188 348
188 538
188 253
188 608
188 225
188 351
188 430
188 479
188 560
188 264
188 510
188 589
188 338
188 333
188 472
188 425
188 542
188 303
188 317
188 388
188 438
189 348
191 479
191 575
192 508
192 300
192 311
192 362
192 379
192 560
192 578
193 531
193 443
193 352
193 281
193 333
193 450
193 394
193 370
193 264
193 542
193 479
193 447
193 296
193 225
193 215
193 331
193 246
193 253
193 538
193 527
193 210
193 565
193 392
193 386
193 330
193 530
193 560
193 243
193 508
193 555
193 202
193 267
193 371
193 378
193 368
193 351
193 465
193 356
193 451
193 239
193 268
193 273
193 303
193 310
193 342
193 343
193 349
193 353
193 360
193 362
193 375
193 436
193 441
193 489
193 534
193 569
193 575
193 605
193 618
194 575
194 330
195 330
195 249
195 253
195 307
195 225
195 283
196 330
197 249
199 249
200 240
200 268
200 273
200 291
200 318
200 348
200 360
200 371
200 247
200 572
200 578
201 572
201 575
202 575
202 415
202 370
202 447
202 281
202 346
202 296
202 479
202 538
202 253
202 319
202 351
202 392
202 458
202 283
202 443
202 542
202 264
202 330
202 430
202 531
202 318
202 243
202 241
202 348
202 249
202 210
202 333
202 329
202 475
202 466
202 227
202 446
202 356
202 451
202 268
202 310
202 326
202 353
202 360
202 424
202 431
202 436
202 441
202 578
203 307
203 253
203 272
203 362
204 527
205 538
205 447
205 348
205 458
205 307
205 217
205 289
205 394
205 565
205 280
205 206
206 451
206 239
206 335
207 430
207 608
207 330
207 296
207 591
207 388
207 575
208 348
208 483
209 249
209 301
209 338
209 341
209 378
209 436
209 546
209 611
210 249
210 330
210 415
210 394
210 538
210 253
210 282
210 351
210 575
210 296
210 589
210 289
210 281
210 447
210 283
210 542
210 531
210 479
210 318
210 435
210 243
210 333
210 370
210 591
210 268
210 360
210 393
210 578
210 587
210 611
211 370
211 443
211 575
211 249
211 333
211 264
211 303
211 360
211 378
211 430
211 589
212 356
212 591
212 246
212 325
212 338
212 360
212 368
212 436
212 479
212 482
212 575
213 545
213 538
213 575
213 281
213 351
214 394
214 307
214 243
214 330
214 360
215 276
215 249
215 225
215 238
215 269
215 275
215 303
215 317
215 341
215 349
215 360
215 374
215 438
215 445
215 515
215 569
215 575
215 577
217 346
217 538
217 333
217 219
217 241
217 243
217 338
217 343
217 348
217 496
217 507
217 537
217 559
217 569
217 576
217 578
217 586
217 589
217 605
218 370
218 538
218 372
219 330
219 608
219 458
219 479
219 428
219 348
219 333
219 430
219 243
219 443
219 249
219 514
219 591
219 271
219 527
219 351
219 469
219 310
219 438
219 584
219 589
219 618
220 370
220 330
221 333
221 538
221 575
221 370
221 610
221 249
221 430
221 561
221 589
221 311
222 538
222 531
223 249
223 462
223 227
223 279
223 370
223 338
223 347
223 355
223 360
223 371
223 386
223 401
223 482
223 561
223 575
224 247
224 249
224 351
224 330
224 479
224 240
224 438
224 575
224 591
225 333
225 378
225 330
225 542
225 545
225 307
225 479
225 243
225 244
225 253
225 264
225 268
225 278
225 282
225 286
225 289
225 303
225 312
225 317
225 329
225 334
225 336
225 348
225 353
225 356
225 358
225 360
225 368
225 381
225 384
225 387
225 388
225 399
225 404
225 438
225 441
225 446
225 447
225 450
225 469
225 472
225 488
225 489
225 494
225 505
225 519
225 533
225 537
225 538
225 541
225 549
225 575
225 578
225 584
225 597
225 598
225 605
225 613
225 618
226 249
226 564
226 479
227 306
227 235
227 249
227 392
227 517
227 308
227 462
227 370
227 240
227 340
227 360
227 362
227 368
227 387
227 401
227 446
227 490
227 379
227 501
227 531
227 572
227 575
227 605
228 443
230 306
230 346
230 249
230 377
230 286
230 348
230 436
230 533
231 575
231 538
231 289
231 479
231 370
231 386
231 531
231 296
231 249
231 430
231 318
231 379
232 595
232 249
232 564
233 330
233 514
233 238
233 348
233 296
234 249
234 307
234 531
234 527
234 445
234 271
234 280
234 398
234 565
234 614
234 317
234 564
234 451
234 410
234 591
234 377
234 324
234 497
234 572
235 462
235 249
235 272
235 279
235 308
235 304
235 319
235 340
235 348
235 349
235 362
235 386
235 392
235 401
235 479
235 517
235 531
235 538
235 575
235 578
235 586
235 591
237 330
237 249
238 510
238 264
238 394
238 392
238 346
238 330
238 348
238 319
238 249
238 422
238 253
238 281
238 386
238 446
238 447
238 479
238 482
238 505
238 537
238 538
238 546
238 572
238 575
238 578
238 605
239 303
239 538
239 447
239 307
239 253
239 371
239 346
239 281
239 514
239 430
239 450
239 243
239 318
239 479
239 348
239 396
239 383
239 462
239 591
239 370
239 534
240 531
240 330
240 443
240 370
240 575
240 333
240 289
240 527
240 249
240 267
240 392
240 538
240 394
240 338
240 428
240 481
240 349
240 451
240 614
240 246
240 506
240 243
240 589
240 318
240 438
240 545
241 589
241 371
241 560
241 479
241 356
242 386
242 401
242 489
243 310
243 378
243 330
243 253
243 283
243 443
243 289
243 560
243 281
243 450
243 338
243 303
243 249
243 531
243 479
243 370
243 446
243 318
243 538
243 356
243 262
243 296
243 312
243 317
243 326
243 342
243 348
243 353
243 358
243 360
243 362
243 365
243 371
243 373
243 376
243 388
243 393
243 424
243 436
243 438
243 458
243 474
243 481
243 489
243 379
243 534
243 537
243 555
243 570
243 572
243 573
243 575
243 578
243 584
243 592
243 604
243 611
243 618
244 306
244 333
244 370
244 538
244 508
244 527
244 589
244 351
244 458
244 348
244 560
244 392
244 316
244 330
244 479
244 307
244 446
244 356
244 514
244 246
244 268
244 283
244 315
244 360
244 404
244 445
244 483
244 555
244 575
245 330
245 249
246 394
246 415
246 575
246 351
246 538
246 479
246 508
246 370
246 430
246 319
246 392
246 330
246 333
246 443
246 542
246 272
246 446
246 304
246 401
246 462
246 591
246 549
246 346
246 369
246 308
246 448
246 349
246 289
246 303
246 360
246 386
246 393
246 482
246 489
246 531
246 572
246 589
247 394
247 374
247 338
247 387
247 420
247 423
247 538
247 575
247 581
248 370
248 479
248 538
248 474
249 414
249 524
249 380
249 309
249 252
249 253
249 255
249 256
249 264
249 267
249 268
249 269
249 270
249 272
249 273
249 275
249 276
249 277
249 279
249 280
249 282
249 283
249 288
249 290
249 291
249 293
249 296
249 297
249 301
249 303
249 308
249 310
249 312
249 314
249 317
249 318
249 319
249 320
249 321
249 326
249 331
249 338
249 340
249 341
249 342
249 343
249 344
249 345
249 347
249 348
249 349
249 351
249 355
249 357
249 360
249 366
249 365
249 368
249 369
249 371
249 374
249 375
249 377
249 378
249 384
249 386
249 387
249 388
249 389
249 363
249 392
249 393
249 396
249 399
249 400
249 401
249 402
249 406
249 407
249 412
249 416
249 417
249 418
249 420
249 423
249 424
249 426
249 428
249 430
249 433
249 434
249 435
249 436
249 438
249 439
249 440
249 443
249 444
249 445
249 447
249 448
249 450
249 455
249 459
249 461
249 462
249 465
249 467
249 468
249 471
249 473
249 477
249 479
249 481
249 482
249 484
249 485
249 487
249 489
249 490
249 493
249 494
249 379
249 495
249 498
249 501
249 504
249 506
249 507
249 509
249 511
249 516
249 517
249 518
249 519
249 527
249 529
249 531
249 533
249 534
249 537
249 538
249 541
249 542
249 545
249 546
249 553
249 559
249 560
249 561
249 562
249 563
249 564
249 566
249 567
249 568
249 569
249 570
249 572
249 573
249 574
249 575
249 577
249 579
249 580
249 587
249 589
249 591
249 592
249 593
249 594
249 598
249 602
249 603
249 605
249 608
249 609
249 610
249 611
249 613
249 616
249 617
249 618
250 370
251 371
251 531
251 448
252 371
253 575
253 531
253 443
253 469
253 333
253 527
253 282
253 276
253 307
253 589
253 447
253 547
253 272
253 348
253 479
253 371
253 296
253 571
253 351
253 435
253 591
253 542
253 446
253 264
253 281
253 283
253 291
253 303
253 310
253 318
253 349
253 360
253 362
253 368
253 386
253 404
253 424
253 436
253 438
253 450
253 464
253 481
253 489
253 379
253 538
253 578
253 608
253 610
254 308
254 462
254 304
254 392
254 330
254 482
255 308
255 462
255 360
255 362
255 396
255 430
255 436
255 479
255 533
255 612
256 560
257 351
257 527
257 479
257 575
258 370
258 330
259 264
259 595
259 330
259 591
259 538
260 330
260 458
260 525
261 538
261 589
261 564
261 591
262 531
262 346
264 307
264 333
264 538
264 371
264 575
264 348
264 542
264 378
264 527
264 281
264 508
264 469
264 370
264 510
264 467
264 289
264 547
264 357
264 392
264 401
264 475
264 393
264 608
264 382
264 419
264 479
264 430
264 560
264 330
264 296
264 446
264 396
264 514
264 356
264 404
264 589
264 465
264 591
264 346
264 536
264 283
264 303
264 310
264 311
264 317
264 360
264 386
264 416
264 423
264 436
264 447
264 481
264 379
264 495
264 578
264 612
264 618
265 560
265 472
265 446
265 591
267 461
267 484
267 531
267 569
267 572
267 575
268 307
268 310
268 330
268 608
268 394
268 598
268 392
268 560
268 479
268 510
268 348
268 351
268 542
268 474
269 276
269 430
269 307
269 330
269 564
270 575
270 479
270 589
270 330
270 595
270 618
270 443
271 489
272 575
272 333
272 443
272 500
272 307
272 564
272 276
272 542
272 283
272 538
272 351
272 281
272 330
272 346
272 479
272 462
272 325
272 430
272 531
272 467
272 435
272 447
272 527
272 589
272 296
272 297
272 338
272 343
272 349
272 360
272 438
272 482
272 537
272 559
272 561
272 572
272 587
272 605
273 338
273 538
273 370
273 348
273 330
273 589
273 415
273 479
273 531
273 575
273 404
273 508
273 333
273 436
275 436
276 306
276 386
276 527
276 575
276 443
276 307
276 510
276 392
276 319
276 531
276 479
276 330
276 394
276 363
276 447
276 303
276 317
276 338
276 348
276 362
276 368
276 378
276 387
276 424
276 430
276 435
276 482
276 489
276 495
276 538
276 546
276 570
276 571
276 578
276 589
276 591
276 603
276 610
276 611
276 618
278 333
279 462
279 351
279 330
279 308
279 392
279 531
279 288
279 318
279 332
279 334
279 338
279 430
279 447
279 479
279 482
279 490
279 517
279 538
279 546
279 572
279 575
279 589
279 605
280 393
280 381
281 283
281 296
281 330
281 370
281 508
281 479
281 481
281 282
281 288
281 289
281 291
281 303
281 310
281 317
281 318
281 322
281 334
281 338
281 343
281 348
281 360
281 362
281 384
281 386
281 389
281 423
281 429
281 434
281 446
281 482
281 379
281 537
281 538
281 554
281 575
281 578
281 584
281 589
281 592
281 612
281 618
282 330
282 333
282 415
282 545
282 283
282 307
282 589
282 351
282 443
282 542
282 531
282 371
282 479
282 575
282 343
282 296
282 348
282 527
282 346
282 493
282 426
282 481
282 446
282 310
282 318
282 388
282 430
283 305
283 508
283 310
283 370
283 575
283 415
283 330
283 296
283 542
283 479
283 447
283 351
283 392
283 386
283 430
283 538
283 531
283 289
283 560
283 307
283 443
283 545
283 357
283 318
283 331
283 506
283 325
283 394
283 435
283 348
283 401
283 527
283 356
283 368
283 462
283 591
283 481
283 446
283 458
283 614
283 346
283 564
283 303
283 315
283 349
283 362
283 365
283 371
283 376
283 378
283 399
283 402
283 423
283 436
283 441
283 474
283 482
283 489
283 565
283 578
283 587
283 612
286 538
286 472
286 370
286 348
286 404
286 578
287 479
287 571
287 538
287 575
288 514
288 330
288 561
288 589
288 607
288 531
288 538
288 343
288 356
288 472
288 479
288 542
288 462
288 370
288 368
288 515
288 571
288 458
288 591
288 324
288 404
288 346
289 479
289 330
289 378
289 538
289 570
289 575
289 319
289 370
289 326
289 392
289 382
289 333
289 423
289 348
289 472
289 371
289 560
289 318
289 430
289 450
289 394
289 403
289 331
289 352
289 531
289 451
289 421
289 356
289 508
289 301
289 303
289 310
289 317
289 362
289 386
289 424
289 436
289 379
289 559
289 578
289 584
289 618
291 469
291 575
291 312
291 438
291 370
291 508
291 538
291 368
291 333
291 560
291 479
291 330
291 392
291 348
291 307
292 591
292 401
292 370
292 538
293 564
294 600
294 542
294 376
294 430
294 527
294 351
294 560
294 370
294 589
294 330
294 479
294 447
294 531
294 303
294 508
295 409
295 333
295 466
296 306
296 394
296 575
296 370
296 351
296 479
296 542
296 318
296 330
296 333
296 348
296 326
296 307
296 514
296 443
296 435
296 303
296 310
296 317
296 338
296 360
296 362
296 368
296 378
296 381
296 384
296 387
296 393
296 404
296 426
296 436
296 438
296 441
296 446
296 481
296 482
296 379
296 507
296 537
296 538
296 555
296 561
296 570
296 572
296 573
296 578
296 584
296 586
296 611
296 618
297 386
298 591
299 392
300 391
300 376
300 575
301 371
301 434
302 575
303 500
303 333
303 317
303 508
303 589
303 575
303 430
303 351
303 479
303 542
303 447
303 370
303 368
303 443
303 527
303 538
303 307
303 608
303 330
303 423
303 346
303 331
303 435
303 467
303 566
303 531
303 394
303 348
303 446
303 371
303 363
303 409
303 462
303 356
303 343
303 560
303 403
303 514
303 308
303 617
303 386
303 318
303 585
303 433
303 360
303 379
303 578
303 618
304 308
304 462
304 566
304 334
304 340
304 401
304 490
304 517
304 573
304 575
304 584
304 591
304 605
306 333
306 415
306 370
306 376
306 538
306 542
306 330
306 423
306 430
306 345
306 331
306 346
306 615
306 356
306 466
306 308
306 462
306 451
306 411
307 308
307 317
307 318
307 322
307 335
307 334
307 338
307 349
307 360
307 362
307 376
307 378
307 384
307 387
307 388
307 393
307 401
307 430
307 459
307 467
307 479
307 484
307 507
307 509
307 515
307 531
307 533
307 534
307 538
307 545
307 546
307 561
307 562
307 565
307 569
307 575
307 576
307 577
307 578
307 585
307 589
307 591
307 601
307 605
307 611
307 617
307 618
308 527
308 462
308 351
308 517
308 430
308 392
308 325
308 330
308 566
308 340
308 531
308 538
308 560
308 479
308 370
308 401
308 311
308 319
308 338
308 344
308 349
308 360
308 423
308 436
308 438
308 450
308 482
308 379
308 496
308 546
308 561
308 572
308 575
310 545
310 333
310 531
310 415
310 481
310 330
310 479
310 351
310 538
310 326
310 598
310 575
310 450
310 430
310 527
310 348
310 447
310 346
310 349
310 600
310 360
310 371
310 381
310 393
310 423
310 578
311 461
311 565
311 378
311 423
311 575
311 421
311 538
311 570
311 346
311 392
311 390
311 377
311 371
311 561
311 330
311 608
311 484
311 505
311 475
311 591
311 501
311 373
311 472
311 360
311 589
312 469
312 575
312 370
312 479
312 538
313 370
313 415
313 338
313 443
314 598
314 392
315 545
315 587
315 479
315 575
316 538
316 575
316 330
316 370
316 572
317 333
317 560
317 370
317 330
317 430
317 506
317 479
317 331
317 575
317 566
317 394
317 531
317 538
317 363
317 409
317 527
317 462
317 346
317 351
317 443
317 585
317 482
318 415
318 330
318 338
318 349
318 538
318 443
318 351
318 479
318 560
318 423
318 430
318 575
318 371
318 467
318 589
318 370
318 386
318 348
318 531
318 405
318 333
318 514
318 517
318 401
318 447
318 481
318 448
318 458
318 446
318 542
318 600
318 356
318 322
318 372
318 477
318 570
318 578
318 584
318 618
319 415
319 333
319 392
319 416
319 430
319 495
319 531
319 538
319 570
319 572
319 575
319 577
319 618
320 415
320 330
321 370
321 330
322 560
322 575
322 479
322 330
322 356
322 333
322 531
322 597
324 394
324 568
324 572
325 479
325 401
325 430
325 330
325 392
325 338
325 360
325 362
325 438
325 441
325 447
325 482
325 534
325 575
325 578
326 538
326 589
326 539
326 338
326 348
326 423
326 531
326 360
326 436
326 565
326 605
327 527
327 438
328 591
328 542
329 547
329 352
329 392
329 348
329 330
329 531
329 382
329 514
329 370
329 394
329 356
329 368
329 569
330 414
330 333
330 438
330 370
330 335
330 338
330 341
330 343
330 345
330 349
330 353
330 354
330 356
330 360
330 362
330 365
330 368
330 371
330 372
330 376
330 378
330 381
330 382
330 383
330 384
330 385
330 386
330 387
330 389
330 363
330 393
330 396
330 399
330 403
330 404
330 406
330 416
330 417
330 423
330 425
330 426
330 430
330 431
330 436
330 437
330 441
330 443
330 445
330 446
330 449
330 450
330 452
330 453
330 454
330 457
330 465
330 467
330 469
330 470
330 471
330 472
330 477
330 482
330 484
330 489
330 490
330 494
330 379
330 495
330 499
330 503
330 505
330 507
330 509
330 510
330 514
330 522
330 523
330 531
330 534
330 536
330 537
330 538
330 545
330 546
330 550
330 551
330 555
330 553
330 556
330 557
330 559
330 561
330 562
330 565
330 569
330 572
330 573
330 575
330 577
330 578
330 580
330 584
330 585
330 589
330 591
330 592
330 597
330 599
330 601
330 604
330 605
330 608
330 610
330 611
330 613
330 618
331 334
331 360
331 388
331 423
331 430
331 436
331 438
331 446
331 479
331 482
331 379
331 531
331 537
331 538
331 572
331 575
331 589
331 591
331 605
331 618
332 527
332 561
332 564
333 463
333 531
333 576
333 560
333 557
333 349
333 479
333 581
333 601
333 580
333 356
333 424
333 565
333 545
333 338
333 342
333 343
333 348
333 353
333 357
333 359
333 360
333 362
333 366
333 371
333 374
333 376
333 378
333 386
333 387
333 363
333 393
333 401
333 402
333 406
333 416
333 423
333 425
333 430
333 431
333 435
333 436
333 441
333 443
333 444
333 446
333 450
333 458
333 472
333 474
333 477
333 480
333 485
333 489
333 494
333 379
333 507
333 510
333 513
333 519
333 520
333 538
333 540
333 549
333 556
333 558
333 559
333 561
333 570
333 572
333 573
333 575
333 578
333 584
333 589
333 592
333 593
333 605
333 608
333 610
333 611
333 613
333 618
334 351
334 462
334 394
334 384
334 356
335 396
335 430
335 467
335 447
335 591
335 514
335 508
335 542
335 545
336 356
338 531
338 575
338 396
338 542
338 447
338 538
338 351
338 581
338 349
338 368
338 475
338 481
338 386
338 392
338 433
338 346
338 430
338 394
338 479
338 469
338 560
338 370
338 348
338 508
338 462
338 561
338 356
338 340
338 506
338 342
338 459
338 466
338 443
338 510
338 360
338 381
338 390
338 424
338 431
338 434
338 438
338 482
338 489
338 379
338 495
338 559
338 578
338 589
339 348
339 538
339 415
340 462
340 566
340 392
340 531
340 370
340 517
340 482
340 546
340 575
341 531
341 612
341 458
341 365
341 371
341 374
341 401
341 445
341 489
341 505
341 575
341 585
342 349
342 575
342 351
342 479
342 346
342 360
343 531
343 538
343 547
343 392
343 534
343 447
343 542
343 394
343 424
343 368
343 423
343 495
344 475
344 472
344 589
344 479
345 575
345 538
346 352
346 353
346 357
346 360
346 378
346 386
346 387
346 393
346 396
346 401
346 404
346 422
346 424
346 430
346 431
346 446
346 447
346 485
346 507
346 508
346 510
346 555
346 569
346 570
346 573
346 575
346 591
346 611
346 618
347 589
348 469
348 415
348 545
348 575
348 538
348 447
348 349
348 616
348 479
348 378
348 371
348 539
348 373
348 560
348 458
348 423
348 475
348 419
348 552
348 392
348 394
348 510
348 455
348 527
348 430
348 356
348 467
348 508
348 592
348 465
348 581
348 561
348 404
348 360
348 362
348 368
348 372
348 384
348 386
348 388
348 396
348 397
348 402
348 403
348 416
348 434
348 436
348 438
348 441
348 446
348 448
348 472
348 474
348 483
348 489
348 379
348 495
348 498
348 499
348 513
348 537
348 565
348 572
348 573
348 578
348 584
348 587
348 589
348 591
348 618
349 443
349 370
349 575
349 371
349 450
349 538
349 589
349 430
349 479
349 351
349 386
349 560
349 423
349 392
349 531
349 577
349 422
349 573
349 458
349 542
349 565
349 571
349 360
349 362
349 388
349 436
349 438
349 447
349 379
349 508
349 533
349 572
349 618
350 560
351 435
351 392
351 447
351 565
351 575
351 426
351 591
351 353
351 358
351 360
351 362
351 368
351 371
351 374
351 376
351 378
351 386
351 393
351 394
351 401
351 430
351 434
351 436
351 438
351 446
351 450
351 472
351 479
351 482
351 493
351 379
351 495
351 507
351 537
351 538
351 547
351 569
351 578
351 580
351 584
351 587
351 589
351 605
351 618
352 360
352 362
352 431
352 446
352 489
352 545
353 394
353 370
353 542
353 466
353 538
353 430
353 356
353 508
353 456
353 425
353 490
353 443
353 438
353 515
353 451
353 479
354 474
354 575
355 401
355 462
356 370
356 560
356 479
356 357
356 360
356 362
356 365
356 368
356 376
356 378
356 384
356 385
356 402
356 423
356 430
356 436
356 438
356 447
356 450
356 468
356 474
356 489
356 379
356 506
356 526
356 531
356 537
356 538
356 572
356 573
356 575
356 577
356 578
356 587
356 589
356 610
357 575
357 605
357 531
357 443
357 508
357 368
358 575
359 538
360 575
360 424
360 538
360 508
360 589
360 479
360 430
360 447
360 542
360 443
360 401
360 370
360 386
360 392
360 608
360 561
360 415
360 531
360 368
360 382
360 482
360 566
360 435
360 429
360 560
360 446
360 394
360 567
360 514
360 462
360 533
360 396
360 472
360 527
360 591
360 475
360 459
360 458
360 369
360 423
360 534
360 477
360 506
360 564
360 391
360 467
360 545
361 577
362 394
362 479
362 527
362 426
362 538
362 404
362 382
362 482
362 430
362 591
362 542
362 378
362 560
362 435
362 531
362 370
362 575
362 589
363 394
363 560
363 370
363 482
363 510
363 423
363 507
363 538
363 546
365 370
368 538
368 479
368 506
368 616
368 370
368 443
368 527
368 501
368 447
368 392
368 430
368 595
368 575
368 508
368 542
368 423
368 369
368 591
368 614
368 536
368 388
368 393
368 438
368 468
368 477
368 495
368 531
368 572
368 589
368 618
369 538
369 370
369 430
369 534
369 575
369 615
370 414
370 378
370 381
370 382
370 386
370 387
370 391
370 393
370 395
370 401
370 404
370 423
370 430
370 431
370 433
370 434
370 436
370 438
370 440
370 445
370 446
370 447
370 449
370 450
370 459
370 470
370 474
370 476
370 479
370 489
370 490
370 379
370 495
370 499
370 505
370 506
370 508
370 521
370 522
370 533
370 537
370 538
370 541
370 548
370 550
370 555
370 557
370 559
370 561
370 569
370 570
370 572
370 573
370 575
370 577
370 578
370 584
370 591
370 592
370 597
370 605
370 606
370 607
370 610
370 618
371 394
371 538
371 542
371 589
371 375
371 479
371 386
371 501
371 391
371 401
371 436
371 534
371 561
371 571
371 575
371 591
372 515
372 531
373 392
373 479
373 462
373 538
373 470
373 591
374 421
374 458
374 573
374 575
374 587
375 542
375 575
375 538
375 513
375 531
375 591
376 467
376 545
376 392
376 430
376 542
376 391
376 538
376 490
378 575
378 386
378 549
378 447
378 450
378 595
378 443
378 428
378 415
378 560
378 531
378 435
378 479
378 538
378 477
378 542
378 571
378 392
378 394
378 438
378 446
378 591
378 564
378 514
378 388
378 482
378 507
378 573
379 538
379 467
379 587
379 447
379 527
379 430
379 616
379 560
379 557
379 589
379 575
379 443
379 566
379 479
379 531
379 508
379 462
379 472
379 542
379 394
379 424
379 435
379 458
379 564
379 423
379 433
381 394
381 448
382 608
382 542
382 386
382 443
382 575
382 479
382 493
382 436
382 447
382 534
382 618
383 523
383 546
384 560
384 479
384 538
384 447
384 531
384 549
384 514
384 591
384 575
385 442
385 527
385 462
385 392
385 515
386 575
386 479
386 447
386 538
386 419
386 430
386 394
386 443
386 392
386 459
386 458
386 462
386 481
386 531
386 424
386 589
386 493
386 436
386 446
386 489
387 538
387 527
387 531
388 479
388 443
388 575
388 415
388 538
388 616
388 430
388 533
388 527
388 560
388 542
388 531
389 545
390 508
391 538
391 572
392 415
392 545
392 555
392 432
392 527
392 531
392 394
392 500
392 591
392 393
392 401
392 402
392 430
392 434
392 435
392 436
392 450
392 459
392 467
392 479
392 482
392 489
392 490
392 495
392 505
392 510
392 515
392 534
392 538
392 546
392 547
392 569
392 575
392 578
392 584
392 589
392 611
393 443
393 589
393 404
393 538
393 420
393 531
393 575
393 479
393 422
393 591
393 567
393 465
393 481
393 458
393 545
393 512
393 543
393 604
394 527
394 404
394 408
394 424
394 425
394 430
394 438
394 450
394 472
394 474
394 479
394 482
394 489
394 505
394 508
394 531
394 537
394 538
394 543
394 545
394 559
394 561
394 565
394 569
394 570
394 575
394 577
394 578
394 579
394 584
394 591
394 595
394 618
396 436
396 445
396 479
396 497
396 507
396 508
396 531
396 546
396 575
396 589
396 591
401 538
401 542
401 462
401 615
401 479
401 430
401 438
401 444
401 482
401 546
401 575
401 589
401 591
401 610
402 531
402 479
403 514
403 479
403 538
403 572
403 589
404 547
404 538
404 575
404 479
404 430
404 436
404 495
404 537
404 559
404 578
404 618
405 451
406 415
406 451
409 570
409 578
410 447
410 584
410 589
411 545
411 453
411 538
415 450
415 527
415 430
415 480
415 482
415 531
415 569
415 570
415 575
415 578
415 589
415 591
416 479
416 527
416 564
416 423
416 600
416 531
416 589
419 438
419 542
419 474
419 447
419 508
419 575
420 489
421 504
421 436
421 526
422 571
422 510
423 575
423 541
423 481
423 538
423 589
423 595
423 618
423 430
423 438
423 479
423 469
423 462
423 447
423 457
423 527
423 549
423 561
423 591
423 436
423 517
423 572
423 573
423 578
423 587
424 531
424 542
424 595
424 508
424 479
424 527
424 446
424 589
424 538
424 495
424 573
424 575
425 575
425 479
425 538
425 577
426 479
426 481
426 430
426 438
426 575
426 589
427 564
428 564
428 430
428 531
429 438
429 479
429 482
429 575
430 575
430 435
430 479
430 433
430 589
430 447
430 527
430 538
430 616
430 500
430 560
430 443
430 577
430 542
430 467
430 482
430 531
430 510
430 600
430 591
430 514
430 561
430 436
430 438
430 441
430 446
430 456
430 465
430 470
430 495
430 496
430 498
430 534
430 537
430 546
430 571
430 584
430 597
430 601
431 538
433 538
433 618
434 542
434 589
434 538
435 545
435 479
435 575
435 438
435 482
435 538
435 559
435 561
435 571
435 573
435 589
435 611
436 575
436 542
436 538
436 443
436 531
436 479
436 467
436 508
436 530
436 591
436 462
436 564
436 560
436 561
436 600
436 451
438 575
438 443
438 538
438 542
438 447
438 479
438 506
438 462
438 531
438 561
438 472
438 508
438 527
438 564
438 591
438 458
438 470
438 483
438 534
438 549
438 578
438 604
439 589
440 591
440 587
441 531
441 538
441 589
441 575
441 447
441 560
441 479
441 552
441 566
441 506
441 443
441 458
441 573
441 578
443 575
443 561
443 479
443 482
443 489
443 498
443 534
443 538
443 546
443 556
443 572
443 577
443 578
443 589
443 591
443 605
443 610
443 611
445 538
445 510
445 575
445 479
445 542
445 600
445 508
445 564
445 448
445 451
446 545
446 453
446 447
446 538
446 575
446 509
446 514
446 506
446 479
446 482
446 531
446 542
446 534
446 589
447 479
447 591
447 575
447 481
447 545
447 469
447 542
447 538
447 514
447 527
447 465
447 581
447 548
447 459
447 467
447 480
447 489
447 495
447 498
447 499
447 507
447 513
447 534
447 537
447 551
447 561
447 569
447 573
447 578
447 587
447 589
447 592
447 598
447 601
447 605
447 608
447 611
447 613
448 538
448 575
448 578
449 538
449 572
450 479
450 527
450 575
450 545
450 601
450 508
450 451
450 495
450 561
450 572
450 618
451 531
451 555
451 570
452 564
453 538
453 479
453 514
453 575
453 565
453 572
453 604
454 538
455 577
455 595
455 575
457 482
458 575
458 527
458 591
458 564
458 479
458 480
458 578
458 604
459 479
459 538
459 542
459 531
459 537
461 608
461 572
462 479
462 490
462 517
462 572
462 575
462 589
462 591
463 479
465 542
465 591
465 531
465 572
465 575
465 589
466 506
466 575
467 527
467 560
467 542
467 600
467 618
467 538
467 479
467 482
467 494
467 531
467 537
467 573
467 575
467 578
469 575
469 479
469 489
469 495
469 538
469 578
469 591
469 618
470 499
470 472
470 572
472 560
472 538
472 542
472 477
472 572
472 589
473 581
474 477
474 531
474 560
474 479
474 482
475 538
475 575
476 575
476 595
477 479
477 538
477 618
478 576
479 575
479 589
479 591
479 531
479 489
479 587
479 508
479 527
479 509
479 541
479 552
479 506
479 482
479 566
479 542
479 601
479 514
479 571
479 538
479 592
479 556
479 561
479 536
479 600
479 545
479 490
479 494
479 495
479 505
479 513
479 533
479 534
479 537
479 546
479 550
479 565
479 569
479 572
479 573
479 576
479 578
479 580
479 584
479 586
479 597
479 605
479 610
479 618
480 604
481 500
481 541
481 531
481 505
481 575
481 591
482 489
482 575
482 506
482 538
482 500
482 531
482 547
482 537
483 575
484 572
489 617
489 545
489 538
489 589
489 542
489 575
489 527
489 566
489 526
490 538
490 559
490 575
492 574
492 582
492 609
493 527
493 531
494 618
494 545
495 545
495 575
495 542
495 510
495 538
495 527
495 561
495 531
495 589
496 506
496 531
497 545
497 538
498 538
498 589
498 591
498 578
499 538
499 589
500 531
500 572
500 575
500 589
500 591
500 605
504 575
504 531
505 508
506 531
506 534
506 538
506 565
506 572
506 578
507 538
507 542
507 591
507 508
508 542
508 596
508 538
508 569
508 573
508 575
508 578
508 589
508 591
508 608
508 618
509 564
509 575
510 575
510 602
511 517
511 531
512 531
513 575
514 531
514 537
514 538
514 575
514 578
514 591
514 605
514 611
514 618
515 555
515 538
515 559
515 569
515 573
515 578
515 589
515 600
522 531
522 584
525 602
525 578
526 575
526 585
526 584
527 531
527 538
527 546
527 547
527 553
527 559
527 561
527 570
527 572
527 575
527 578
527 587
527 589
527 598
527 604
527 611
527 613
528 546
529 545
531 555
531 542
531 560
531 587
531 575
531 581
531 614
531 564
531 534
531 538
531 539
531 559
531 565
531 569
531 572
531 573
531 578
531 600
531 608
531 611
531 618
532 542
534 612
534 547
534 575
534 591
534 537
537 538
537 560
537 575
537 591
537 564
537 589
538 587
538 616
538 542
538 575
538 560
538 577
538 589
538 539
538 566
538 546
538 598
538 561
538 591
538 573
538 548
538 553
538 556
538 559
538 562
538 565
538 571
538 572
538 578
538 584
538 597
538 599
538 600
538 605
538 608
538 610
538 618
539 575
539 589
541 589
541 575
542 561
542 555
542 569
542 572
542 575
542 577
542 578
542 584
542 589
542 591
542 597
542 598
542 607
542 610
542 611
542 618
545 547
545 551
545 555
545 556
545 565
545 578
545 589
545 591
545 601
545 612
546 566
546 591
546 608
546 589
546 575
547 575
547 578
547 589
548 591
548 575
549 575
552 575
553 575
555 572
557 572
557 575
560 562
560 570
560 572
560 575
560 578
560 584
560 618
561 564
561 569
561 575
561 577
561 578
561 591
563 564
564 572
564 577
564 578
564 585
564 589
564 591
564 603
564 612
565 575
565 589
566 575
567 575
569 575
569 602
570 602
571 575
572 589
572 577
572 585
572 591
572 614
572 610
573 589
573 591
575 591
575 590
575 592
575 611
575 608
575 589
575 616
575 595
575 600
575 577
575 617
575 587
575 578
575 584
575 586
575 597
575 618
576 587
576 618
577 591
577 610
578 598
578 589
578 592
578 591
578 600
584 589
587 589
587 591
587 592
589 610
589 591
589 598
589 605
589 618
591 592
591 604
591 605
591 618
600 608
