new_label original_label
1 0
2 2
3 3
4 4
5 5
6 6
7 8
8 9
9 13
10 21
11 26
12 27
13 29
14 34
15 36
16 37
17 45
18 46
19 49
20 54
21 58
22 59
23 65
24 67
25 68
26 72
27 73
28 75
29 83
30 85
31 86
32 88
33 105
34 109
35 110
36 113
37 116
38 117
39 128
40 134
41 150
42 151
43 155
44 160
45 169
46 171
47 182
48 183
49 189
50 194
51 199
52 205
53 209
54 215
55 222
56 225
57 232
58 235
59 236
60 241
61 242
62 251
63 260
64 264
65 265
66 266
67 268
68 270
69 271
70 272
71 286
72 287
73 293
74 300
75 314
76 315
77 319
78 336
79 337
80 343
81 346
82 347
83 348
84 357
85 361
86 362
87 364
88 366
89 376
90 386
91 390
92 393
93 400
94 403
95 406
96 407
97 411
98 416
99 421
100 426
101 428
102 431
103 441
104 448
105 454
106 456
107 460
108 461
109 464
110 471
111 473
112 481
113 485
114 488
115 495
116 511
117 512
118 515
119 516
120 523
121 525
122 542
123 543
124 547
125 560
126 566
127 567
128 572
129 573
130 574
131 575
132 580
133 582
134 592
135 595
136 597
137 600
138 605
139 617
140 626
141 629
142 634
143 638
144 640
145 641
146 653
147 655
148 657
149 663
150 664
151 667
152 673
153 674
154 680
155 689
156 692
157 698
158 711
159 712
160 714
161 719
162 728
163 730
164 737
165 747
166 753
167 758
168 770
169 772
170 779
171 789
172 796
173 800
174 808
175 813
176 817
177 822
178 826
179 828
180 832
181 835
182 837
183 844
184 845
185 847
186 848
187 854
188 856
189 857
190 859
191 861
192 864
193 865
194 866
195 874
196 875
197 877
198 880
199 885
200 891
201 896
202 897
203 898
204 901
205 904
206 910
207 911
208 912
209 913
210 918
211 933
212 936
213 937
214 938
215 939
216 943
217 951
218 952
219 954
220 960
221 962
222 975
223 980
224 982
225 991
226 999
227 1013
228 1014
229 1020
230 1033
231 1040
232 1041
233 1053
234 1054
235 1057
236 1063
237 1065
238 1069
239 1075
240 1081
241 1097
242 1098
243 1105
244 1106
245 1107
246 1121
247 1122
248 1127
249 1128
250 1129
251 1134
252 1136
253 1140
254 1141
255 1143
256 1144
257 1146
258 1149
259 1150
260 1155
261 1161
262 1163
263 1165
264 1171
265 1194
266 1197
267 1203
268 1204
269 1207
270 1209
271 1220
272 1222
273 1238
274 1239
275 1240
276 1247
277 1251
278 1255
279 1259
280 1260
281 1261
282 1263
283 1264
284 1276
285 1277
286 1291
287 1298
288 1304
289 1310
290 1317
291 1326
292 1332
293 1335
294 1342
295 1353
296 1356
297 1368
298 1382
299 1388
300 1393
301 1397
302 1400
303 1403
304 1408
305 1409
306 1412
307 1420
308 1421
309 1422
310 1431
311 1434
312 1435
313 1437
314 1445
315 1446
316 1459
317 1461
318 1466
319 1469
320 1472
321 1481
322 1482
323 1485
324 1486
325 1488
326 1491
327 1496
328 1501
329 1503
330 1504
331 1507
332 1520
333 1526
334 1530
335 1531
336 1537
337 1545
338 1551
339 1557
340 1566
341 1571
342 1574
343 1587
344 1605
345 1620
346 1622
347 1629
348 1641
349 1650
350 1656
351 1660
352 1661
353 1666
354 1669
355 1674
356 1684
357 1690
358 1695
359 1696
360 1701
361 1704
362 1707
363 1708
364 1711
365 1717
366 1718
367 1722
368 1723
369 1724
370 1731
371 1732
372 1736
373 1737
374 1748
375 1753
376 1755
377 1779
378 1781
379 1800
380 1805
381 1813
382 1824
383 1826
384 1829
385 1830
386 1841
387 1846
388 1847
389 1849
390 1857
391 1864
392 1867
393 1869
394 1872
395 1873
396 1874
397 1875
398 1899
399 1904
400 1912
401 1921
402 1932
403 1944
404 1952
405 1958
406 1959
407 1962
408 1963
409 1973
410 1977
411 1979
412 1980
413 1990
414 1994
415 1995
416 2001
417 2003
418 2010
419 2015
420 2016
421 2018
422 2020
423 2029
424 2030
425 2033
426 2036
427 2038
428 2045
429 2046
430 2056
431 2058
432 2059
433 2063
434 2070
435 2071
436 2073
437 2074
438 2077
439 2085
440 2106
441 2107
442 2110
443 2116
444 2118
445 2120
446 2121
447 2125
448 2128
449 2129
450 2137
451 2138
452 2139
453 2147
454 2148
455 2152
456 2154
457 2157
458 2160
459 2166
460 2167
461 2171
462 2172
463 2173
464 2189
465 2191
466 2206
467 2215
468 2216
469 2219
470 2228
471 2229
472 2234
473 2238
474 2240
475 2241
476 2244
477 2245
478 2246
479 2249
480 2251
481 2256
482 2271
483 2285
484 2288
485 2290
486 2291
487 2293
488 2295
489 2302
490 2313
491 2314
492 2316
493 2322
494 2324
495 2340
496 2344
497 2346
498 2353
499 2354
500 2367
501 2371
502 2377
503 2379
504 2380
505 2382
506 2387
507 2398
508 2413
509 2419
510 2420
511 2426
512 2428
513 2430
514 2435
515 2439
516 2448
517 2451
518 2456
519 2461
520 2467
521 2468
522 2469
523 2472
524 2476
525 2478
526 2479
527 2480
528 2489
529 2490
530 2491
531 2492
532 2493
533 2502
534 2505
535 2508
536 2510
537 2515
538 2517
539 2518
540 2519
541 2522
542 2527
543 2528
544 2532
545 2533
546 2538
547 2539
548 2540
549 2545
550 2556
551 2557
552 2558
553 2565
554 2566
555 2567
556 2571
557 2576
558 2590
559 2591
560 2603
561 2624
562 2633
563 2634
564 2646
565 2648
566 2649
567 2652
568 2653
569 2655
570 2666
571 2675
572 2676
573 2678
574 2687
575 2688
576 2691
577 2693
578 2698
579 2702
580 2705
581 2707
582 2713
583 2718
584 2727
585 2741
586 2743
587 2747
588 2748
589 2762
590 2765
591 2767
592 2769
593 2772
594 2773
595 2778
596 2785
597 2786
598 2787
599 2798
600 2807
601 2814
602 2818
603 2819
604 2821
605 2828
606 2833
607 2836
608 2838
609 2839
610 2854
611 2857
612 2858
613 2860
614 2864
615 2880
616 2881
617 2884
618 2892
