2809 5837
1 2
2 420
3 2478
4 178
5 2718
6 26
6 25
6 24
6 23
6 22
6 21
6 20
6 19
6 18
6 17
6 16
6 15
6 14
6 13
6 12
6 11
6 10
6 9
6 8
6 7
8 1618
9 2569
10 2139
11 2139
11 2119
12 843
12 1767
12 258
13 228
14 1669
15 61
16 2349
17 136
18 2586
19 2139
19 552
20 1464
21 1445
22 1861
23 631
23 154
24 2162
26 2697
26 1406
26 258
26 89
27 49
27 48
27 47
27 46
27 45
27 44
27 43
27 42
27 41
27 40
27 39
27 38
27 37
27 36
27 35
27 34
27 33
27 32
27 31
27 30
27 29
27 28
28 2770
28 2680
28 2169
28 1847
28 1307
29 2762
29 843
29 89
30 1187
31 1059
33 1307
34 999
34 154
35 782
36 2532
36 1086
37 281
38 1025
39 472
40 2574
40 843
40 1307
41 2773
41 2211
41 1882
42 2294
42 2211
43 776
44 2191
45 1868
46 136
46 108
47 709
48 534
49 2398
49 1921
50 1732
50 2439
50 57
50 56
50 55
50 54
50 53
50 52
50 51
51 1839
52 2001
53 2253
53 2206
54 2043
55 1073
56 2298
57 1767
57 247
58 2702
59 2162
59 2421
60 61
61 2380
61 2379
61 2222
61 2121
61 1875
61 1874
61 1842
61 1786
61 1544
61 1543
61 1541
61 1540
61 1538
61 1536
61 1534
61 1174
61 1143
61 1141
61 1137
61 1135
61 1134
61 1008
61 995
61 992
61 987
61 985
61 982
61 981
61 975
61 973
61 854
61 398
61 383
61 380
61 378
61 376
61 374
61 373
61 369
61 367
61 364
61 363
61 323
61 88
61 87
61 85
61 84
61 83
61 81
61 79
61 75
61 74
61 73
61 72
61 71
61 70
61 69
61 68
61 67
61 66
61 65
61 64
61 63
61 62
62 2716
62 2566
62 2414
63 76
64 1741
64 362
64 76
65 76
66 576
67 972
67 454
67 362
67 76
68 362
68 76
69 782
70 2288
70 1692
70 362
71 362
72 972
72 362
72 76
73 1429
73 76
73 972
74 2506
74 1905
74 76
75 362
76 2442
76 2380
76 2200
76 1540
76 1536
76 1534
76 1321
76 1143
76 1142
76 1141
76 1140
76 1139
76 1138
76 1137
76 1136
76 1135
76 1134
76 998
76 997
76 996
76 995
76 994
76 992
76 991
76 990
76 987
76 986
76 985
76 984
76 983
76 982
76 981
76 979
76 978
76 974
76 652
76 643
76 398
76 383
76 380
76 376
76 372
76 369
76 261
76 181
76 92
76 88
76 87
76 86
76 85
76 84
76 83
76 82
76 81
76 80
76 79
76 78
76 77
77 2805
77 2674
77 2633
77 2398
77 521
77 1708
77 1337
77 1429
78 1481
79 362
80 950
81 2421
81 1025
81 1847
81 107
81 461
81 576
81 362
82 1905
84 1025
86 972
88 1337
88 972
88 362
89 708
89 707
89 706
89 705
89 704
89 703
89 702
89 701
89 700
89 699
89 698
89 697
89 696
89 695
89 694
89 693
89 692
89 691
89 690
89 689
89 688
89 687
89 686
89 685
89 684
89 683
89 682
89 681
89 680
89 679
89 678
89 677
89 676
89 675
89 663
89 551
89 467
89 453
89 452
89 451
89 450
89 449
89 448
89 447
89 446
89 445
89 444
89 443
89 442
89 441
89 440
89 439
89 438
89 437
89 436
89 435
89 404
89 394
89 361
89 359
89 235
89 201
89 146
89 117
89 107
89 106
89 105
89 104
89 103
89 102
89 101
89 100
89 99
89 98
89 97
89 96
89 95
89 94
89 93
89 92
89 91
89 90
90 1767
91 2514
92 2461
92 1803
92 612
93 107
93 1073
94 1783
95 2349
95 631
95 1741
95 751
96 1616
96 1847
97 2653
98 1337
98 1092
98 258
99 1015
100 2162
101 534
102 2796
102 2548
102 2439
102 2266
102 751
103 424
104 828
104 631
105 2668
106 2076
106 1586
106 1073
107 1228
107 1227
107 1226
107 1225
107 1224
107 1223
107 1222
107 1221
107 1220
107 1219
107 1218
107 1217
107 1013
107 1007
107 955
107 832
108 135
108 134
108 133
108 132
108 131
108 130
108 129
108 128
108 127
108 126
108 125
108 124
108 123
108 122
108 121
108 120
108 119
108 118
108 117
108 116
108 115
108 114
108 113
108 112
108 111
108 110
108 109
109 751
110 1345
111 424
112 2788
114 631
115 2783
115 2339
115 1361
115 385
116 1282
117 2681
117 317
117 178
118 631
119 209
120 2796
120 2494
120 1295
121 136
122 2612
122 2547
123 2001
123 1265
124 281
125 2591
125 2185
125 1265
126 338
127 916
128 258
128 916
129 258
130 196
131 1015
132 2351
132 1505
132 1307
133 2691
133 1579
133 1025
134 1706
135 1429
136 153
136 152
136 151
136 150
136 149
136 148
136 147
136 146
136 145
136 144
136 143
136 142
136 141
136 140
136 139
136 138
136 137
137 196
138 1847
139 2626
139 1775
140 2448
140 1258
141 733
142 1616
144 498
145 1616
146 461
146 800
147 154
148 1861
149 1783
150 1767
151 281
152 631
153 2398
154 175
154 174
154 173
154 172
154 171
154 170
154 169
154 168
154 167
154 166
154 165
154 164
154 163
154 162
154 161
154 160
154 159
154 158
154 157
154 156
154 155
155 828
156 2583
157 612
158 999
158 828
159 281
160 2398
161 1912
161 828
162 2779
162 1464
162 1184
163 1618
163 461
164 725
164 385
165 1847
166 281
167 2626
167 1861
168 709
169 338
170 385
171 2406
172 196
173 2398
174 1059
175 338
176 2226
177 178
178 193
178 192
178 191
178 190
178 189
178 188
178 187
178 186
178 185
178 184
178 183
178 182
178 181
178 180
178 179
179 2807
179 521
180 2598
182 1610
183 2169
183 2608
183 1265
184 2076
185 2591
185 1337
186 2076
187 2684
188 950
188 258
189 2406
189 1207
189 2211
190 1994
191 2302
192 1037
192 1025
192 1015
193 2676
194 362
195 1814
195 196
196 208
196 207
196 206
196 205
196 204
196 203
196 202
196 201
196 200
196 199
196 198
196 197
197 1803
198 2169
198 1604
199 2226
200 2320
201 2719
202 800
203 2735
203 1548
204 1604
205 765
206 2406
207 2684
207 1307
208 2211
208 1882
208 1586
208 1429
208 1345
208 461
208 631
208 424
209 227
209 226
209 225
209 224
209 223
209 222
209 221
209 220
209 219
209 218
209 217
209 216
209 215
209 214
209 213
209 212
209 211
209 210
210 631
211 751
212 999
213 2011
214 464
215 2744
216 2684
217 2251
217 1184
218 612
220 281
221 362
222 2001
222 424
223 2306
224 2715
224 2566
224 2418
225 242
226 2551
227 338
228 241
228 240
228 239
228 238
228 237
228 236
228 235
228 234
228 233
228 232
228 231
228 230
228 229
229 2637
229 2082
230 247
231 2723
232 1337
233 2712
235 2085
235 2684
235 2433
235 1861
235 1295
235 1337
235 668
235 472
235 317
235 296
236 2339
237 950
238 2223
238 2104
239 2303
239 1421
239 1468
239 1037
240 2162
241 2676
241 765
242 246
242 245
242 244
242 243
243 1187
244 1375
245 2649
246 1158
246 2024
247 256
247 255
247 254
247 253
247 252
247 251
247 250
247 249
247 248
248 2658
248 2191
249 2169
249 2011
249 1921
249 601
249 385
251 2467
251 1974
253 2313
253 1618
254 2606
254 1682
254 1604
254 1481
255 1158
256 552
257 1092
257 258
258 1868
258 1530
258 1529
258 1528
258 1527
258 1526
258 1415
258 1412
258 1408
258 1350
258 1119
258 879
258 878
258 877
258 876
258 875
258 874
258 873
258 872
258 871
258 870
258 869
258 868
258 867
258 866
258 865
258 864
258 863
258 862
258 861
258 860
258 859
258 858
258 857
258 856
258 855
258 854
258 853
258 852
258 706
258 705
258 697
258 382
258 359
258 347
258 285
258 280
258 279
258 278
258 277
258 276
258 275
258 274
258 273
258 272
258 271
258 270
258 269
258 268
258 267
258 266
258 265
258 264
258 263
258 262
258 261
258 260
258 259
259 1092
260 1462
261 972
262 2191
263 1406
264 2743
264 2191
264 1406
265 2557
266 2557
266 2743
266 2191
266 1406
267 828
268 2398
268 1307
269 1706
270 2770
271 1307
272 2800
272 1568
273 1429
273 1037
274 2398
274 828
275 2487
275 725
276 1682
277 2143
277 1754
277 1265
277 1015
278 1610
279 2752
279 2689
279 2357
279 1962
279 1767
279 1406
279 461
280 2691
280 1962
280 1481
281 295
281 294
281 293
281 292
281 291
281 290
281 289
281 288
281 287
281 286
281 285
281 284
281 283
281 282
282 828
282 338
283 1086
284 999
285 1962
285 1913
285 1868
286 1994
286 2253
286 2169
286 1618
286 1073
286 800
287 2306
287 631
287 1754
289 1297
290 2330
290 1258
291 1610
291 1073
291 1015
292 2516
292 2001
292 498
293 2674
294 2673
294 631
295 2398
296 2391
296 2390
296 2382
296 2249
296 1965
296 1769
296 662
296 315
296 314
296 313
296 312
296 311
296 310
296 309
296 308
296 307
296 306
296 305
296 304
296 303
296 302
296 301
296 300
296 299
296 298
296 297
297 2467
297 1481
297 502
297 916
299 950
300 2489
301 2011
302 502
303 1115
304 2688
304 916
304 385
305 2169
306 2414
306 2332
306 1345
306 461
307 2488
308 1794
308 552
309 2657
309 1727
310 2011
310 1207
311 502
312 1794
312 1406
313 2306
314 461
315 2708
316 1295
316 317
317 336
317 335
317 334
317 333
317 332
317 331
317 330
317 329
317 328
317 327
317 326
317 325
317 324
317 323
317 322
317 321
317 320
317 319
317 318
318 631
319 2082
319 1861
320 2162
320 1861
321 1861
322 2670
322 1839
323 2375
323 2166
323 1337
323 385
324 2695
324 1861
325 590
325 2298
325 2104
325 1794
325 1297
325 751
326 1861
327 2723
328 631
329 2231
330 1115
331 2054
331 1429
332 2082
332 557
333 1754
334 2583
334 1429
335 1468
336 2082
336 502
337 1361
337 338
338 361
338 360
338 359
338 358
338 357
338 356
338 355
338 354
338 353
338 352
338 351
338 350
338 349
338 348
338 347
338 346
338 345
338 344
338 343
338 342
338 341
338 340
338 339
339 2759
340 2266
341 2332
342 1282
343 385
344 2601
345 1282
348 2001
348 1184
348 1059
349 612
350 1265
351 498
352 1775
352 1994
353 2606
353 2544
353 2330
353 521
353 725
353 1548
353 1445
353 1092
353 1073
353 751
353 612
354 2043
354 1727
354 1207
354 1337
354 1187
355 1345
356 2532
357 828
358 385
360 2673
362 383
362 382
362 381
362 380
362 379
362 378
362 377
362 376
362 375
362 374
362 373
362 372
362 371
362 370
362 369
362 368
362 367
362 366
362 365
362 364
362 363
364 2457
364 2054
364 1429
364 1037
364 972
365 2054
366 2421
367 2775
367 2773
367 2133
367 2175
367 2699
367 1947
368 972
370 2661
371 2398
375 2548
375 2487
375 2448
377 2166
379 2660
379 1940
380 1337
380 972
381 843
381 972
383 1337
384 2532
384 385
385 2161
385 2160
385 2159
385 2099
385 2096
385 1717
385 1673
385 1662
385 1559
385 1254
385 1162
385 1132
385 1127
385 949
385 948
385 947
385 946
385 945
385 944
385 943
385 942
385 941
385 940
385 939
385 938
385 937
385 936
385 935
385 934
385 933
385 932
385 900
385 899
385 898
385 897
385 896
385 895
385 894
385 893
385 892
385 891
385 890
385 889
385 888
385 887
385 886
385 885
385 884
385 883
385 882
385 881
385 880
385 820
385 787
385 749
385 747
385 746
385 704
385 695
385 667
385 666
385 665
385 664
385 658
385 608
385 603
385 584
385 545
385 497
385 496
385 495
385 494
385 493
385 492
385 491
385 490
385 489
385 488
385 487
385 486
385 485
385 484
385 478
385 417
385 416
385 415
385 414
385 413
385 412
385 411
385 410
385 409
385 408
385 407
385 406
385 405
385 404
385 403
385 402
385 401
385 400
385 399
385 398
385 397
385 396
385 395
385 394
385 393
385 392
385 391
385 390
385 389
385 388
385 387
385 386
386 725
387 1187
388 2455
388 472
388 1187
389 461
390 1548
390 1708
390 2383
390 1187
390 1659
390 776
390 1337
390 1295
390 1160
390 461
390 472
391 2266
391 1295
392 2802
392 2771
392 2725
392 2266
392 2211
392 1429
392 631
393 1610
394 800
395 2758
395 1187
396 1297
397 2294
397 1682
397 1295
398 1659
398 1337
398 461
398 472
399 1297
400 2288
400 1406
401 950
402 1783
403 2601
404 2566
404 2516
404 534
405 2579
405 725
406 2506
407 1406
408 1307
409 2551
410 472
411 472
412 2687
412 725
412 472
413 1659
414 725
414 472
415 1659
415 472
416 472
417 2394
418 1994
418 1767
419 2752
420 2436
420 423
420 422
420 421
421 2681
422 2784
424 1881
424 434
424 433
424 432
424 431
424 430
424 429
424 428
424 427
424 426
424 425
425 1659
426 1345
427 776
428 2298
429 2357
429 1638
430 2253
430 1604
430 1845
431 1604
432 2457
433 1307
434 1421
435 2367
435 2294
435 2143
435 2089
435 1187
437 513
438 1913
439 1858
440 2187
440 1974
440 725
440 472
441 2143
442 800
443 1868
445 2801
445 2463
445 2320
446 1733
447 1207
448 1297
449 972
450 2211
450 1803
450 1638
450 1345
450 1025
451 2436
451 534
452 1962
452 1406
453 2211
454 460
454 459
454 458
454 457
454 456
454 455
455 1586
456 502
457 1586
458 1586
459 502
460 1187
461 1561
461 1558
461 1418
461 1133
461 1132
461 1131
461 1130
461 1129
461 1128
461 1127
461 1126
461 1125
461 1124
461 1123
461 1122
461 1121
461 1120
461 1119
461 1118
461 1117
461 1116
461 1115
461 1069
461 1066
461 1061
461 939
461 879
461 609
461 562
461 560
461 531
461 480
461 476
461 475
461 471
461 470
461 469
461 468
461 467
461 466
461 465
461 464
461 463
461 462
462 1295
462 1207
463 725
464 2282
464 1697
464 1470
464 1065
465 472
466 1798
469 472
470 1708
470 1337
470 472
471 2436
472 1953
472 1917
472 1827
472 1826
472 1736
472 1665
472 1658
472 1371
472 1242
472 1235
472 1171
472 1156
472 1130
472 1128
472 750
472 749
472 748
472 747
472 746
472 745
472 744
472 743
472 742
472 741
472 667
472 666
472 665
472 664
472 663
472 662
472 661
472 660
472 659
472 658
472 657
472 656
472 655
472 654
472 497
472 496
472 490
472 483
472 482
472 481
472 480
472 479
472 478
472 477
472 476
472 475
472 474
472 473
473 1297
474 2346
474 725
476 1659
476 1207
477 1295
479 1659
480 1618
481 1659
482 725
483 1754
484 1059
485 2633
486 1187
486 1092
487 2294
488 1059
489 2463
489 1059
491 2576
492 2621
492 534
493 1207
493 1015
494 2356
495 1659
498 2377
498 2376
498 2361
498 2358
498 2304
498 2177
498 2023
498 2022
498 2021
498 2020
498 2019
498 1941
498 1891
498 1886
498 1688
498 1530
498 1402
498 1257
498 1256
498 1255
498 1254
498 1253
498 1252
498 1251
498 1250
498 1249
498 1248
498 1247
498 1237
498 1209
498 1180
498 1151
498 1122
498 1077
498 1072
498 1031
498 840
498 593
498 564
498 501
498 500
498 499
499 1092
499 513
500 1505
501 2610
502 1114
502 1113
502 1112
502 1111
502 1110
502 1109
502 1108
502 1107
502 1106
502 931
502 925
502 921
502 787
502 771
502 512
502 511
502 510
502 509
502 508
502 507
502 506
502 505
502 504
502 503
503 1297
504 2631
504 590
504 2079
505 916
506 2467
507 916
508 1754
509 916
510 2557
511 2011
511 1783
512 2467
513 532
513 531
513 530
513 529
513 528
513 527
513 526
513 525
513 524
513 523
513 522
513 521
513 520
513 519
513 518
513 517
513 516
513 515
513 514
514 2421
515 1265
516 521
517 2394
518 521
519 521
520 521
521 2490
521 2371
521 2283
521 2282
521 2281
521 2280
521 2279
521 1969
521 1968
521 1967
521 1742
521 1448
521 1087
521 1057
521 873
521 780
521 532
521 529
521 528
521 527
521 526
521 525
521 524
521 523
521 522
526 2502
530 1337
533 2076
534 551
534 550
534 549
534 548
534 547
534 546
534 545
534 544
534 543
534 542
534 541
534 540
534 539
534 538
534 537
534 536
534 535
535 1952
535 736
536 828
537 2211
538 609
540 1505
541 2398
542 1335
543 2134
544 1548
544 2623
544 2448
544 1187
544 1882
544 800
545 2536
545 2129
545 1976
546 1618
546 1207
547 1952
547 1345
547 950
548 2801
548 2764
549 1604
550 2455
552 556
552 555
552 554
552 553
553 2436
553 795
554 1994
554 843
555 668
556 2240
557 575
557 574
557 573
557 572
557 571
557 570
557 569
557 568
557 567
557 566
557 565
557 564
557 563
557 562
557 561
557 560
557 559
557 558
558 795
559 2583
559 2563
559 2357
559 2162
559 1297
560 2746
560 1337
561 1790
563 1429
565 2612
565 1207
565 1912
565 1187
566 2529
567 1767
568 2398
568 1861
568 1307
568 1025
569 2526
570 1468
571 1468
572 2721
573 1667
574 2487
574 776
575 2563
576 2454
576 589
576 588
576 587
576 586
576 585
576 584
576 583
576 582
576 581
576 580
576 579
576 578
576 577
577 843
578 2355
578 1861
578 1464
579 2613
580 949
581 709
582 2398
583 2421
584 1616
584 2306
585 2320
586 1345
587 2547
588 2398
588 1638
589 2653
590 1515
590 599
590 598
590 597
590 596
590 595
590 594
590 593
590 592
590 591
591 2714
592 1335
593 2689
593 1638
593 1335
594 2181
595 1516
596 2082
596 776
597 2803
598 1579
599 2548
600 1994
601 2637
601 2579
601 2538
601 1764
601 611
601 610
601 609
601 608
601 607
601 606
601 605
601 604
601 603
601 602
602 2639
604 2627
604 2421
605 2489
606 1586
607 2617
608 2793
608 1659
608 2089
608 2527
608 725
608 751
609 2357
609 1638
609 1604
609 2475
609 2474
609 2419
609 2194
609 1195
609 1149
609 966
610 2406
610 2082
610 1976
611 1839
611 1803
611 1258
612 630
612 629
612 628
612 627
612 626
612 625
612 624
612 623
612 622
612 621
612 620
612 619
612 618
612 617
612 616
612 615
612 614
612 613
613 2355
614 1258
615 1258
616 1258
617 2631
617 1258
618 1258
619 1868
620 1295
620 1258
621 2732
621 2079
621 916
622 2724
623 631
624 1073
625 1073
626 1025
627 1790
627 1297
628 2631
629 2294
629 2089
630 2357
630 1207
630 828
631 2246
631 2245
631 2244
631 2243
631 2207
631 2103
631 2102
631 2091
631 2072
631 1942
631 1755
631 1679
631 1517
631 1391
631 1321
631 1256
631 1203
631 1046
631 835
631 832
631 830
631 815
631 785
631 723
631 653
631 652
631 651
631 650
631 649
631 648
631 647
631 646
631 645
631 644
631 643
631 642
631 641
631 640
631 639
631 638
631 637
631 636
631 635
631 634
631 633
631 632
632 1803
633 1015
634 725
634 1604
635 2320
636 2351
637 843
638 2662
638 1616
638 1187
639 2166
641 1741
642 2266
643 2127
643 972
645 765
646 1386
647 1568
648 2226
649 1741
650 2206
650 1803
651 2396
651 1790
652 972
653 2785
653 2356
654 1187
655 725
656 2697
656 1767
657 2368
659 2544
660 2625
661 1659
662 782
664 1659
664 725
666 1659
668 674
668 673
668 672
668 671
668 670
668 669
669 1059
670 2253
672 2652
672 2063
672 1839
672 1148
672 843
673 1059
674 1798
675 2781
676 2719
677 1375
678 1568
679 2606
680 2288
680 2637
680 2104
680 2082
680 1905
681 2226
682 2226
683 2226
683 1429
684 2772
685 2501
686 1335
687 782
688 2226
689 2226
690 2226
691 1337
692 2689
692 2162
692 2385
692 1187
692 800
693 751
694 2226
696 2166
696 1638
696 1307
697 2737
697 1754
697 1595
698 1913
699 1092
699 1708
699 1337
699 1187
699 1160
700 1767
701 2627
701 1025
702 2443
702 2043
703 2226
704 2750
705 2043
705 1868
705 1295
705 1406
707 2226
708 1913
708 1207
709 2649
709 2613
709 2001
709 1921
709 1568
709 724
709 723
709 722
709 721
709 720
709 719
709 718
709 717
709 716
709 715
709 714
709 713
709 712
709 711
709 710
710 2357
711 2674
711 2169
711 1337
711 1059
712 2197
713 2649
714 2294
715 1307
716 2639
717 2001
718 2591
719 2001
720 1568
721 2346
721 1148
722 999
723 2787
724 1861
725 1676
725 1675
725 1674
725 1673
725 1672
725 1671
725 1664
725 1660
725 1244
725 1243
725 1242
725 1241
725 1240
725 1239
725 1238
725 1237
725 1236
725 1235
725 1234
725 1233
725 1232
725 1231
725 1230
725 1229
725 1164
725 1129
725 1128
725 1120
725 947
725 943
725 939
725 938
725 935
725 897
725 890
725 884
725 746
725 731
725 730
725 729
725 728
725 727
725 726
726 2494
726 2332
727 2514
728 2681
728 999
728 733
729 2718
729 1375
730 2586
730 2487
731 1092
732 2024
733 734
734 2664
735 782
736 2448
736 740
736 739
736 738
736 737
737 1037
738 1767
739 2719
740 2532
741 2294
741 1912
741 1974
741 782
742 2758
742 1187
743 1708
743 1295
744 782
745 1659
745 1295
747 1516
748 1207
750 2346
750 1659
751 764
751 763
751 762
751 761
751 760
751 759
751 758
751 757
751 756
751 755
751 754
751 753
751 752
752 2054
752 1468
753 2741
754 2557
754 2502
754 1468
755 1847
756 2502
756 1638
757 1361
758 1861
759 1921
759 1638
760 2605
761 2522
762 1669
763 2748
764 1187
764 1913
765 2542
765 2541
765 2540
765 2539
765 2467
765 2452
765 2123
765 1393
765 1287
765 1261
765 930
765 927
765 772
765 771
765 770
765 769
765 768
765 767
765 766
766 916
767 2809
768 916
769 1160
770 2289
770 1586
771 1297
772 2703
773 1829
774 1158
774 1794
775 1829
776 1585
776 1443
776 1442
776 1441
776 1440
776 1439
776 1247
776 1006
776 779
776 778
776 777
777 2463
777 1976
777 1905
778 1086
779 2011
781 782
782 1912
782 910
782 909
782 908
782 907
782 906
782 905
782 904
782 903
782 902
782 901
782 844
782 793
782 792
782 791
782 790
782 789
782 788
782 787
782 786
782 785
782 784
782 783
783 1912
784 2104
786 1790
787 1839
790 1025
791 2085
791 2448
791 2355
791 2169
791 1912
791 2082
791 1741
791 800
792 2362
793 2288
793 843
794 1295
795 2133
795 798
795 797
795 796
796 2211
798 2514
799 828
799 800
800 827
800 826
800 825
800 824
800 823
800 822
800 821
800 820
800 819
800 818
800 817
800 816
800 815
800 814
800 813
800 812
800 811
800 810
800 809
800 808
800 807
800 806
800 805
800 804
800 803
800 802
800 801
801 1595
802 2508
802 1706
802 1579
802 1345
803 2663
803 2662
803 2532
803 2306
803 2089
803 2011
803 1025
804 2799
805 2069
805 1861
806 1861
807 2043
808 1297
809 828
810 2254
811 1297
812 2613
813 1861
814 1307
816 1059
817 2001
818 843
819 1994
819 1148
819 1037
820 2715
821 2478
822 2742
822 2720
822 2332
823 1618
824 2741
825 2502
825 1092
825 1337
826 2787
826 2143
827 1682
828 842
828 841
828 840
828 839
828 838
828 837
828 836
828 835
828 834
828 833
828 832
828 831
828 830
828 829
831 1345
833 1954
834 2398
837 2487
838 2355
839 2478
839 1708
840 950
840 2506
840 1207
841 1568
842 1568
842 1207
843 1898
843 1897
843 1896
843 1895
843 1894
843 1893
843 1892
843 1891
843 1890
843 1889
843 1888
843 1545
843 1456
843 937
843 851
843 850
843 849
843 848
843 847
843 846
843 845
843 844
844 2273
844 1604
845 950
846 1767
847 1345
849 2443
850 2125
851 1516
853 2328
854 1337
855 2793
855 1962
856 1092
857 2532
858 1912
858 1548
858 1406
859 2418
859 1092
860 1962
860 1868
861 1406
862 1092
863 1207
863 1921
863 1839
863 1814
863 1337
864 2247
865 2751
866 2206
867 2206
867 1638
867 1037
868 1868
869 1667
870 1092
871 2398
871 1295
872 2564
872 1767
874 2104
875 1912
876 1616
877 2206
877 1092
878 2089
878 2328
878 1295
878 1445
878 1059
879 2799
879 1406
879 2692
879 1861
879 1754
879 1295
880 1921
880 1568
881 1803
881 1295
882 2302
883 1659
885 1741
886 1361
887 1803
889 2089
889 1207
889 1187
892 2089
893 1847
894 1618
895 2011
895 1468
896 2455
897 2313
897 1187
897 1814
898 2175
899 1207
900 1659
900 1092
900 1974
900 1187
901 1295
901 1618
902 972
903 1429
904 1429
905 2560
905 2557
905 1708
905 1803
906 1912
907 1682
909 2612
910 1498
911 914
911 913
911 912
912 2011
913 1610
914 1798
915 2532
916 931
916 930
916 929
916 928
916 927
916 926
916 925
916 924
916 923
916 922
916 921
916 920
916 919
916 918
916 917
917 2294
918 2732
919 2467
920 1345
921 1845
922 1610
923 2467
926 2551
928 2745
928 2166
929 1861
930 2676
932 1803
933 1659
933 1148
936 1160
937 1059
938 2089
939 1803
940 2527
941 1282
942 1659
942 2455
942 1481
943 2383
943 2346
943 1912
943 1659
944 1207
944 1160
945 2698
946 1337
947 2527
947 2346
947 1207
948 2355
948 1921
948 1337
949 2730
949 2728
949 2611
949 2556
949 1935
950 1535
950 1426
950 1104
950 971
950 970
950 969
950 968
950 967
950 966
950 965
950 964
950 963
950 962
950 961
950 960
950 959
950 958
950 957
950 956
950 955
950 954
950 953
950 952
950 951
951 1905
952 1732
953 2085
953 2375
953 1682
954 1328
956 2139
957 1732
957 2692
957 2564
957 1345
958 2306
958 1794
959 2166
960 2745
961 1682
961 1386
962 1092
963 2253
963 2710
963 2443
963 1187
963 1337
963 1445
964 1876
964 1025
965 1505
966 2787
966 2557
966 1187
967 2598
968 1307
969 2676
969 2673
970 2532
970 2478
970 2024
971 1754
972 998
972 997
972 996
972 995
972 994
972 993
972 992
972 991
972 990
972 989
972 988
972 987
972 986
972 985
972 984
972 983
972 982
972 981
972 980
972 979
972 978
972 977
972 976
972 975
972 974
972 973
976 1610
977 2687
977 1361
980 1337
988 2185
989 2532
989 2001
989 1297
992 2247
992 1692
993 1037
999 1013
999 1012
999 1011
999 1010
999 1009
999 1008
999 1007
999 1006
999 1005
999 1004
999 1003
999 1002
999 1001
999 1000
1000 1282
1001 1307
1002 1505
1003 2089
1004 2751
1005 2406
1007 2398
1008 1307
1009 2776
1009 1994
1009 1265
1010 2043
1010 1295
1011 1092
1012 1265
1013 1345
1013 1604
1014 2506
1014 1207
1014 1015
1015 1024
1015 1023
1015 1022
1015 1021
1015 1020
1015 1019
1015 1018
1015 1017
1015 1016
1016 2753
1016 1754
1016 1265
1017 1754
1019 2398
1020 1845
1020 1754
1021 2746
1022 1025
1023 2780
1023 2712
1023 2406
1024 2166
1025 2312
1025 2311
1025 2310
1025 2243
1025 1620
1025 1609
1025 1368
1025 1356
1025 1080
1025 1036
1025 1035
1025 1034
1025 1033
1025 1032
1025 1031
1025 1030
1025 1029
1025 1028
1025 1027
1025 1026
1027 2069
1029 1481
1030 1616
1031 2721
1031 1861
1032 1265
1033 2697
1033 2351
1035 2211
1035 2063
1036 2547
1037 1058
1037 1057
1037 1056
1037 1055
1037 1054
1037 1053
1037 1052
1037 1051
1037 1050
1037 1049
1037 1048
1037 1047
1037 1046
1037 1045
1037 1044
1037 1043
1037 1042
1037 1041
1037 1040
1037 1039
1037 1038
1038 2465
1039 2644
1040 2398
1041 1184
1042 2670
1042 2069
1043 2313
1044 1803
1044 1669
1045 2695
1045 2398
1047 2719
1048 2054
1048 1586
1048 1429
1049 2519
1050 2211
1050 1783
1051 1429
1052 1803
1053 1361
1054 2375
1055 2211
1056 1905
1056 1861
1057 2162
1058 1646
1059 1072
1059 1071
1059 1070
1059 1069
1059 1068
1059 1067
1059 1066
1059 1065
1059 1064
1059 1063
1059 1062
1059 1061
1059 1060
1060 1847
1060 1505
1062 2673
1063 2725
1063 1652
1063 1954
1064 1682
1065 1295
1065 1882
1065 1861
1065 1618
1067 1708
1067 1682
1068 2792
1068 1783
1068 2532
1068 1913
1069 2206
1069 2433
1069 1337
1070 2738
1070 2699
1070 2551
1070 1921
1070 1847
1070 1361
1071 2421
1072 1307
1073 1085
1073 1084
1073 1083
1073 1082
1073 1081
1073 1080
1073 1079
1073 1078
1073 1077
1073 1076
1073 1075
1073 1074
1074 1604
1075 2697
1075 1847
1076 2063
1077 2663
1077 2505
1077 2346
1077 1160
1078 2653
1078 2104
1078 1921
1078 1847
1078 1604
1078 1207
1079 2764
1079 1345
1081 2206
1082 1994
1083 2191
1084 1429
1085 2689
1085 2396
1085 1706
1086 1753
1086 1091
1086 1090
1086 1089
1086 1088
1086 1087
1087 1445
1088 2162
1089 2305
1090 2388
1090 1579
1091 1562
1092 2258
1092 1973
1092 1972
1092 1971
1092 1721
1092 1715
1092 1675
1092 1662
1092 1532
1092 1132
1092 1130
1092 1102
1092 1101
1092 1100
1092 1099
1092 1098
1092 1097
1092 1096
1092 1095
1092 1094
1092 1093
1093 2662
1094 2502
1095 1548
1095 1207
1096 1659
1096 2544
1096 1187
1097 2206
1097 2418
1097 2406
1097 1361
1098 2328
1099 1882
1100 2583
1101 1659
1102 1295
1103 2011
1103 1667
1105 1158
1107 2394
1108 2488
1108 1733
1109 2253
1109 1638
1110 1148
1111 1604
1112 1187
1113 2396
1114 2414
1115 2324
1115 2221
1115 2118
1115 1818
1115 1718
1115 1463
1115 1314
1115 1219
1116 2505
1116 2143
1116 1160
1117 2741
1118 2555
1119 1868
1121 1187
1121 1160
1123 1468
1124 2741
1125 2398
1126 2351
1126 2404
1126 2169
1126 1468
1127 1548
1127 1847
1127 1659
1127 1481
1128 1783
1128 2383
1128 1295
1130 2357
1130 1337
1130 1207
1130 1481
1131 2319
1131 2357
1132 2603
1132 2351
1132 2206
1132 1912
1132 2011
1132 2043
1132 1337
1132 1207
1132 1733
1133 2247
1135 2187
1135 1638
1135 1337
1136 2130
1136 2673
1136 2069
1138 2079
1139 1265
1140 1429
1142 2211
1144 1158
1144 2569
1144 2529
1145 1158
1145 2459
1146 1386
1147 2476
1147 1876
1148 1732
1148 2191
1148 1706
1148 1767
1148 1155
1148 1154
1148 1153
1148 1152
1148 1151
1148 1150
1148 1149
1149 2691
1149 1638
1149 1604
1150 1741
1150 1345
1152 1839
1153 2191
1153 1421
1154 2143
1154 1905
1155 2294
1155 1328
1157 2298
1158 2685
1158 2646
1158 2531
1158 2504
1158 2395
1158 2300
1158 2283
1158 2120
1158 1876
1158 1609
1158 1515
1158 1450
1158 1362
1158 1178
1159 2612
1159 1667
1159 1375
1160 1183
1160 1182
1160 1181
1160 1180
1160 1179
1160 1178
1160 1177
1160 1176
1160 1175
1160 1174
1160 1173
1160 1172
1160 1171
1160 1170
1160 1169
1160 1168
1160 1167
1160 1166
1160 1165
1160 1164
1160 1163
1160 1162
1160 1161
1161 2575
1162 2773
1163 1798
1164 2346
1164 2606
1164 2505
1164 1912
1164 1337
1165 1861
1165 1733
1166 2773
1166 1861
1166 1858
1167 2773
1168 2505
1169 1207
1170 2443
1170 2346
1170 1207
1171 2383
1171 1295
1172 2575
1174 1295
1174 2063
1175 2346
1176 2448
1177 2803
1177 2705
1177 1882
1178 1618
1178 1913
1179 1708
1180 2421
1180 2134
1181 2793
1181 1659
1181 2506
1181 1727
1182 1337
1183 2653
1183 2536
1183 1798
1184 1186
1184 1185
1185 2465
1185 1882
1186 2647
1187 2554
1187 2257
1187 2256
1187 2255
1187 2208
1187 2161
1187 2136
1187 2029
1187 1838
1187 1837
1187 1836
1187 1835
1187 1834
1187 1833
1187 1782
1187 1781
1187 1780
1187 1736
1187 1547
1187 1546
1187 1420
1187 1402
1187 1383
1187 1235
1187 1208
1187 1206
1187 1205
1187 1204
1187 1203
1187 1202
1187 1201
1187 1200
1187 1199
1187 1198
1187 1197
1187 1196
1187 1195
1187 1194
1187 1193
1187 1192
1187 1191
1187 1190
1187 1189
1187 1188
1188 1618
1189 1345
1190 2758
1190 2328
1191 2557
1191 1638
1192 2710
1192 2603
1192 2404
1193 1548
1194 2516
1194 2289
1196 2689
1196 2644
1196 1652
1196 2613
1196 1646
1196 2557
1196 2537
1196 1638
1197 2686
1197 1861
1198 1646
1199 2043
1200 2089
1201 2601
1201 1994
1201 2043
1201 1962
1201 1803
1201 1481
1202 2689
1202 2532
1202 2191
1203 2557
1204 2557
1204 1921
1205 2779
1205 2253
1205 1803
1206 2557
1206 1921
1207 2382
1207 2381
1207 2348
1207 2327
1207 2260
1207 2249
1207 2248
1207 2239
1207 2209
1207 2198
1207 2149
1207 2027
1207 2021
1207 1959
1207 1955
1207 1828
1207 1827
1207 1826
1207 1792
1207 1671
1207 1664
1207 1663
1207 1622
1207 1560
1207 1493
1207 1488
1207 1373
1207 1240
1207 1238
1207 1235
1207 1216
1207 1215
1207 1214
1207 1213
1207 1212
1207 1211
1207 1210
1207 1209
1207 1208
1208 2758
1208 2483
1208 1548
1210 1337
1211 1568
1212 1295
1213 2598
1214 2134
1214 2627
1214 2357
1215 1345
1216 1882
1217 1847
1218 1505
1219 2699
1220 1775
1222 1505
1223 2418
1224 2791
1225 2750
1226 1548
1227 1638
1228 2313
1228 1604
1229 1659
1230 1659
1231 2346
1232 2715
1232 1652
1234 1337
1235 1783
1235 2627
1235 1659
1235 2520
1235 1708
1235 1912
1235 1337
1236 2433
1236 1682
1238 1337
1239 2383
1240 2197
1241 1783
1242 2383
1242 1659
1242 1295
1243 1659
1244 1659
1245 1790
1246 2670
1248 2211
1249 1337
1250 2710
1251 1708
1252 2169
1253 1962
1256 1429
1257 2715
1257 1708
1257 1548
1258 1263
1258 1262
1258 1261
1258 1260
1258 1259
1259 1505
1260 2743
1262 2569
1263 2663
1263 2670
1263 2652
1263 2601
1263 2471
1263 2134
1263 1406
1264 1610
1264 1265
1265 2608
1265 2185
1265 1281
1265 1280
1265 1279
1265 1278
1265 1277
1265 1276
1265 1275
1265 1274
1265 1273
1265 1272
1265 1271
1265 1270
1265 1269
1265 1268
1265 1267
1265 1266
1266 1783
1266 1568
1267 2069
1267 2670
1268 2185
1268 2134
1269 2684
1269 2253
1270 2406
1270 2001
1271 2197
1272 2608
1272 2185
1273 2370
1274 1839
1275 2608
1276 2745
1276 2608
1276 2489
1276 2392
1277 2744
1277 2185
1278 2489
1279 2253
1279 2197
1279 1921
1280 1659
1281 2001
1282 1294
1282 1293
1282 1292
1282 1291
1282 1290
1282 1289
1282 1288
1282 1287
1282 1286
1282 1285
1282 1284
1282 1283
1283 2719
1284 1618
1284 1610
1286 1954
1288 1767
1288 1345
1289 1361
1290 1328
1291 2253
1291 1706
1291 2089
1291 1921
1292 2787
1292 1468
1293 2433
1294 2691
1294 2342
1294 1708
1295 2554
1295 2553
1295 2437
1295 2295
1295 2150
1295 1955
1295 1871
1295 1869
1295 1637
1295 1636
1295 1635
1295 1634
1295 1633
1295 1632
1295 1631
1295 1630
1295 1629
1295 1628
1295 1627
1295 1626
1295 1598
1295 1561
1295 1559
1295 1457
1295 1345
1295 1296
1297 1304
1297 1303
1297 1302
1297 1301
1297 1300
1297 1299
1297 1298
1298 2328
1299 1921
1301 1803
1302 2677
1303 2436
1304 1604
1305 2794
1305 2536
1306 1733
1307 1327
1307 1326
1307 1325
1307 1324
1307 1323
1307 1322
1307 1321
1307 1320
1307 1319
1307 1318
1307 1317
1307 1316
1307 1315
1307 1314
1307 1313
1307 1312
1307 1311
1307 1310
1307 1309
1307 1308
1308 2557
1308 1962
1308 1839
1309 2001
1310 2677
1311 1732
1311 2330
1311 1882
1312 1754
1313 2489
1313 2253
1314 2206
1315 2414
1316 1505
1317 2674
1318 2398
1318 2011
1318 1337
1319 2001
1320 2206
1321 2211
1321 1445
1322 2563
1323 1345
1324 2443
1325 1921
1325 1839
1325 1568
1325 1505
1326 1775
1327 1361
1328 1334
1328 1333
1328 1332
1328 1331
1328 1330
1328 1329
1329 1505
1330 1976
1331 2104
1332 2743
1332 2536
1333 2569
1333 1562
1334 2794
1335 1336
1336 1337
1337 2248
1337 2218
1337 2217
1337 2183
1337 2053
1337 1920
1337 1919
1337 1918
1337 1917
1337 1891
1337 1719
1337 1707
1337 1706
1337 1705
1337 1704
1337 1703
1337 1702
1337 1701
1337 1700
1337 1699
1337 1666
1337 1665
1337 1663
1337 1630
1337 1559
1337 1556
1337 1547
1337 1546
1337 1545
1337 1544
1337 1543
1337 1542
1337 1541
1337 1540
1337 1539
1337 1538
1337 1537
1337 1536
1337 1535
1337 1534
1337 1530
1337 1520
1337 1507
1337 1420
1337 1344
1337 1343
1337 1342
1337 1341
1337 1340
1337 1339
1337 1338
1338 1839
1339 2688
1340 2231
1341 1727
1342 1814
1343 2653
1344 2211
1345 2231
1345 1604
1345 2565
1345 2444
1345 2238
1345 2236
1345 1760
1345 1722
1345 1360
1345 1359
1345 1358
1345 1357
1345 1356
1345 1355
1345 1354
1345 1353
1345 1352
1345 1351
1345 1350
1345 1349
1345 1348
1345 1347
1345 1346
1346 1516
1347 2298
1348 2692
1349 2754
1350 1732
1350 1406
1351 2761
1352 1361
1353 1462
1354 1361
1355 1913
1355 1638
1357 2794
1357 2368
1357 2306
1357 1913
1358 2647
1358 1445
1359 2649
1360 2692
1360 1424
1361 1374
1361 1373
1361 1372
1361 1371
1361 1370
1361 1369
1361 1368
1361 1367
1361 1366
1361 1365
1361 1364
1361 1363
1361 1362
1362 1962
1363 1706
1364 2278
1364 2277
1364 2276
1364 2275
1364 2274
1364 1902
1364 1776
1364 1534
1364 1442
1364 1413
1365 1692
1366 2284
1367 2288
1367 1682
1369 2688
1370 1604
1370 1861
1371 2253
1371 2089
1371 1913
1372 2253
1374 2729
1375 1385
1375 1384
1375 1383
1375 1382
1375 1381
1375 1380
1375 1379
1375 1378
1375 1377
1375 1376
1376 2738
1376 1954
1376 1794
1376 1682
1377 2288
1377 2162
1378 2421
1379 2605
1379 2443
1379 1618
1380 1962
1381 2738
1381 1954
1381 1794
1382 2461
1384 2195
1385 2606
1385 2627
1386 1405
1386 1404
1386 1403
1386 1402
1386 1401
1386 1400
1386 1399
1386 1398
1386 1397
1386 1396
1386 1395
1386 1394
1386 1393
1386 1392
1386 1391
1386 1390
1386 1389
1386 1388
1386 1387
1387 2471
1387 1905
1388 1741
1390 2692
1392 2289
1394 2385
1395 2785
1395 2385
1396 2522
1397 2385
1398 2385
1399 2684
1399 2508
1399 2320
1400 2298
1401 2716
1401 2398
1402 2560
1402 1912
1403 2169
1404 2385
1405 2388
1406 1663
1406 1555
1406 1419
1406 1418
1406 1417
1406 1416
1406 1415
1406 1414
1406 1413
1406 1412
1406 1411
1406 1410
1406 1409
1406 1408
1406 1407
1407 2557
1409 2658
1410 2421
1411 2564
1413 2043
1413 1595
1414 2104
1416 2633
1416 1708
1417 1798
1418 1708
1419 2288
1421 1578
1421 1577
1421 1576
1421 1534
1422 2195
1422 1876
1423 1618
1424 2679
1424 2641
1424 1428
1424 1427
1424 1426
1424 1425
1425 2079
1426 2421
1427 2642
1428 2398
1429 1438
1429 1437
1429 1436
1429 1435
1429 1434
1429 1433
1429 1432
1429 1431
1429 1430
1430 2054
1431 1767
1432 1912
1433 2532
1434 2069
1434 1505
1435 2332
1436 1706
1437 1610
1438 2769
1438 2563
1439 2398
1440 2448
1441 2206
1442 2298
1442 1912
1443 2644
1444 1445
1445 1461
1445 1460
1445 1459
1445 1458
1445 1457
1445 1456
1445 1455
1445 1454
1445 1453
1445 1452
1445 1451
1445 1450
1445 1449
1445 1448
1445 1447
1445 1446
1446 2548
1447 2414
1447 2332
1450 2139
1451 2626
1451 2191
1452 1962
1453 1790
1454 2362
1454 1876
1457 2302
1459 2697
1459 1876
1459 2305
1460 2288
1461 2436
1462 1463
1464 1467
1464 1466
1464 1465
1465 2724
1466 2751
1466 1839
1467 2463
1468 1480
1468 1479
1468 1478
1468 1477
1468 1476
1468 1475
1468 1474
1468 1473
1468 1472
1468 1471
1468 1470
1468 1469
1469 2082
1471 1976
1472 2698
1473 2054
1474 2169
1474 1868
1475 2054
1475 1481
1476 2743
1476 2698
1476 2520
1476 2247
1476 2191
1476 2079
1477 2211
1478 1974
1479 2612
1479 1876
1480 2505
1481 1497
1481 1496
1481 1495
1481 1494
1481 1493
1481 1492
1481 1491
1481 1490
1481 1489
1481 1488
1481 1487
1481 1486
1481 1485
1481 1484
1481 1483
1481 1482
1482 1876
1482 1562
1483 2642
1483 1646
1483 1708
1484 2306
1485 2653
1485 2342
1486 2718
1486 2063
1487 1913
1489 1921
1490 1921
1491 1921
1492 1839
1494 2043
1495 2169
1495 2134
1495 1962
1497 2206
1497 1912
1498 2596
1498 2595
1498 2012
1498 1880
1498 1560
1498 1547
1498 1503
1498 1502
1498 1501
1498 1500
1498 1499
1499 2211
1499 1610
1500 2457
1500 2162
1501 2288
1501 1790
1501 2134
1502 2351
1503 1638
1504 2253
1505 1514
1505 1513
1505 1512
1505 1511
1505 1510
1505 1509
1505 1508
1505 1507
1505 1506
1506 2653
1508 2001
1509 2001
1510 2739
1511 2756
1512 2808
1513 1595
1514 2330
1515 1876
1515 1579
1515 1516
1516 1525
1516 1524
1516 1523
1516 1522
1516 1521
1516 1520
1516 1519
1516 1518
1516 1517
1517 2689
1517 2351
1518 2394
1519 1790
1519 1829
1520 2328
1521 2024
1522 1579
1523 2689
1523 2185
1525 2394
1525 1814
1526 2720
1526 2557
1526 2119
1526 1839
1527 1861
1527 1868
1528 1882
1528 1610
1529 2691
1529 2134
1529 2043
1529 1708
1530 2691
1530 1962
1530 1868
1531 2011
1532 1912
1533 2663
1533 1659
1534 2693
1534 2362
1534 2306
1535 2716
1535 2714
1535 2448
1535 1708
1535 1682
1545 2612
1545 2606
1545 2330
1546 2743
1546 1913
1546 1548
1547 2613
1548 2656
1548 2655
1548 2437
1548 1856
1548 1690
1548 1622
1548 1561
1548 1560
1548 1559
1548 1558
1548 1557
1548 1556
1548 1555
1548 1554
1548 1553
1548 1552
1548 1551
1548 1550
1548 1549
1549 1618
1550 2758
1551 2342
1552 1733
1553 2644
1553 2206
1553 1733
1554 2612
1554 1912
1555 1962
1557 1912
1558 1783
1559 2606
1559 2089
1559 2506
1559 1708
1560 1912
1561 2302
1561 2346
1561 1912
1561 1618
1561 1727
1561 1733
1561 1708
1562 1566
1562 1565
1562 1564
1562 1563
1563 2063
1563 1882
1565 1708
1566 2561
1566 2011
1567 2695
1568 1638
1568 1575
1568 1574
1568 1573
1568 1572
1568 1571
1568 1570
1568 1569
1569 2063
1570 2406
1571 2253
1571 2613
1572 2375
1574 2649
1575 2796
1575 2302
1576 1952
1577 2351
1578 2127
1579 1585
1579 1584
1579 1583
1579 1582
1579 1581
1579 1580
1580 2463
1581 2569
1583 2483
1583 1618
1583 1595
1584 2396
1586 1594
1586 1593
1586 1592
1586 1591
1586 1590
1586 1589
1586 1588
1586 1587
1587 2076
1588 2076
1588 1976
1589 2598
1589 2716
1591 2769
1591 2418
1591 1962
1592 2536
1593 2421
1593 2076
1594 2735
1594 2686
1595 1603
1595 1602
1595 1601
1595 1600
1595 1599
1595 1598
1595 1597
1595 1596
1597 2342
1598 1783
1599 2139
1600 1790
1601 2722
1602 2143
1603 2799
1604 2039
1604 2038
1604 2037
1604 2036
1604 2035
1604 2034
1604 1985
1604 1873
1604 1865
1604 1864
1604 1844
1604 1755
1604 1687
1604 1609
1604 1608
1604 1607
1604 1606
1604 1605
1605 2197
1606 2777
1606 1861
1607 2566
1608 2650
1608 1839
1609 2692
1609 2305
1610 1617
1610 1616
1610 1615
1610 1614
1610 1613
1610 1612
1610 1611
1611 1692
1612 2621
1612 1618
1613 1839
1614 2777
1615 2211
1616 2611
1616 2281
1616 2033
1617 2166
1618 2578
1618 2440
1618 2379
1618 2101
1618 2100
1618 1909
1618 1886
1618 1817
1618 1625
1618 1624
1618 1623
1618 1622
1618 1621
1618 1620
1618 1619
1619 2527
1619 1708
1621 1912
1621 2544
1621 1882
1622 2606
1622 2383
1622 1708
1623 2519
1624 2770
1624 2726
1625 2406
1626 2289
1627 2089
1628 1803
1629 1882
1630 1732
1630 2627
1630 2351
1630 1706
1630 1994
1631 2658
1631 2302
1631 1912
1631 2583
1631 1708
1633 2697
1633 2288
1634 1767
1635 2792
1635 1814
1636 1652
1637 2043
1638 2537
1638 1657
1638 1656
1638 1655
1638 1654
1638 1653
1638 1652
1638 1651
1638 1650
1638 1649
1638 1648
1638 1647
1638 1646
1638 1645
1638 1644
1638 1643
1638 1642
1638 1641
1638 1640
1638 1639
1639 2457
1639 2187
1640 2206
1640 2043
1640 1814
1641 2001
1642 2273
1643 2421
1644 2443
1645 2351
1646 2562
1646 2277
1646 2203
1647 1912
1648 2752
1649 2613
1651 2089
1652 2644
1652 2537
1652 2632
1652 2565
1652 2558
1652 2341
1652 2231
1652 1742
1653 2133
1653 2418
1653 2231
1653 2169
1653 2024
1653 1741
1654 2724
1654 2677
1655 2063
1656 1754
1657 2169
1658 1659
1659 2624
1659 2604
1659 2533
1659 2297
1659 2205
1659 2204
1659 1715
1659 1666
1659 1665
1659 1664
1659 1663
1659 1662
1659 1661
1659 1660
1661 2253
1661 2197
1662 2586
1662 1921
1662 1803
1667 1668
1668 2368
1669 1670
1670 2689
1672 2691
1676 2143
1677 2574
1678 1798
1679 2790
1679 2613
1679 2253
1680 1952
1680 1913
1681 1861
1682 1814
1682 1996
1682 1914
1682 1896
1682 1822
1682 1807
1682 1796
1682 1702
1682 1691
1682 1690
1682 1689
1682 1688
1682 1687
1682 1686
1682 1685
1682 1684
1682 1683
1683 2798
1684 2557
1684 2532
1684 2406
1684 2330
1685 2715
1686 2544
1688 2532
1689 1814
1690 2253
1690 2169
1691 2346
1692 1698
1692 1697
1692 1696
1692 1695
1692 1694
1692 1693
1694 1954
1695 2211
1696 2357
1696 2289
1698 2079
1699 2501
1700 1708
1701 2247
1703 1912
1704 2383
1706 2793
1706 2627
1706 2606
1706 1814
1706 2118
1706 2117
1706 2116
1706 2115
1706 2114
1706 2113
1706 2112
1706 2111
1706 2110
1706 2109
1706 2108
1707 2627
1708 2619
1708 2618
1708 2381
1708 2297
1708 1945
1708 1813
1708 1785
1708 1732
1708 1728
1708 1720
1708 1719
1708 1718
1708 1717
1708 1716
1708 1715
1708 1714
1708 1713
1708 1712
1708 1711
1708 1710
1708 1709
1709 2666
1709 2433
1710 2231
1711 2663
1711 2682
1711 2346
1711 1868
1712 2606
1713 1861
1714 2746
1716 2623
1717 2483
1717 2478
1717 2226
1717 2089
1718 2804
1718 1882
1719 2133
1720 2760
1721 2687
1722 2721
1722 2076
1723 2024
1724 2457
1725 2104
1726 2162
1727 2008
1727 2007
1727 1856
1727 1843
1727 1732
1727 1731
1727 1730
1727 1729
1727 1728
1729 2710
1730 2544
1731 2488
1731 2436
1731 1814
1732 2506
1732 2726
1732 2298
1732 1733
1732 2431
1732 2117
1732 2111
1732 2083
1732 2036
1732 1983
1733 1737
1733 1736
1733 1735
1733 1734
1734 2803
1734 2388
1734 2139
1736 2129
1736 1905
1737 2197
1737 2024
1738 2253
1739 1882
1740 2076
1741 1752
1741 1751
1741 1750
1741 1749
1741 1748
1741 1747
1741 1746
1741 1745
1741 1744
1741 1743
1741 1742
1742 2631
1743 2197
1744 2712
1745 2169
1746 2741
1746 2583
1746 2436
1747 2727
1748 2557
1749 2527
1749 1882
1750 2522
1751 2455
1752 2169
1754 1763
1754 1762
1754 1761
1754 1760
1754 1759
1754 1758
1754 1757
1754 1756
1754 1755
1755 2777
1756 2748
1756 2608
1757 2536
1757 2508
1758 1861
1759 2355
1761 2465
1762 2639
1763 2206
1764 2191
1764 1905
1765 2684
1766 2650
1767 1779
1767 1778
1767 1777
1767 1776
1767 1775
1767 1774
1767 1773
1767 1772
1767 1771
1767 1770
1767 1769
1767 1768
1768 2211
1770 2684
1771 2076
1772 2691
1772 1861
1773 2586
1775 2082
1775 2454
1775 2453
1775 2452
1775 2451
1775 2361
1775 2323
1775 2201
1775 2132
1775 1936
1777 2197
1778 2673
1779 1783
1779 1994
1780 1868
1781 2742
1781 2206
1781 2575
1781 1882
1782 2695
1783 2462
1783 2402
1783 2327
1783 1787
1783 1786
1783 1785
1783 1784
1784 2211
1785 2076
1787 2211
1788 2284
1789 1882
1790 2709
1790 2259
1790 2122
1790 1949
1790 1899
1790 1793
1790 1792
1790 1791
1791 1829
1793 2162
1794 1796
1794 1795
1795 2346
1795 2682
1795 2623
1796 2563
1796 1814
1797 2011
1798 1802
1798 1801
1798 1800
1798 1799
1800 2254
1801 2330
1801 1861
1802 2288
1802 1952
1803 1813
1803 1812
1803 1811
1803 1810
1803 1809
1803 1808
1803 1807
1803 1806
1803 1805
1803 1804
1804 2398
1805 2289
1806 1882
1806 1839
1809 2506
1810 2197
1811 1882
1812 2069
1814 1821
1814 1820
1814 1819
1814 1818
1814 1817
1814 1816
1814 1815
1815 1882
1816 2652
1819 2501
1819 2461
1820 2471
1821 2133
1821 2129
1823 2079
1824 2708
1825 2445
1828 2653
1828 2011
1829 1832
1829 1831
1829 1830
1830 2666
1831 2303
1832 2085
1833 2750
1833 2527
1833 2313
1834 2555
1835 2750
1835 2253
1835 2505
1837 2253
1838 1912
1839 1843
1839 1842
1839 1841
1839 1840
1840 2691
1841 2737
1842 1994
1842 1921
1842 1861
1843 2206
1843 1912
1846 2708
1847 1857
1847 1856
1847 1855
1847 1854
1847 1853
1847 1852
1847 1851
1847 1850
1847 1849
1847 1848
1848 2601
1849 2502
1850 2063
1851 2355
1852 2404
1853 2339
1854 1952
1855 2774
1856 2613
1857 2506
1857 2253
1857 1905
1858 1859
1859 2718
1859 2355
1860 2738
1860 2082
1860 2024
1861 1904
1861 1903
1861 1902
1861 1901
1861 1900
1861 1867
1861 1866
1861 1865
1861 1864
1861 1863
1861 1862
1862 2398
1863 2741
1864 2746
1864 2522
1865 2777
1866 2320
1867 2463
1868 1872
1868 1871
1868 1870
1868 1869
1869 2346
1869 1962
1870 1962
1871 2520
1872 2211
1873 2769
1874 2766
1874 2681
1874 2660
1875 2166
1876 2596
1876 1881
1876 1880
1876 1879
1876 1878
1876 1877
1877 2743
1878 1881
1878 2226
1879 2119
1879 1881
1879 2104
1881 2638
1881 2230
1881 2018
1881 1957
1881 1955
1882 1993
1882 1992
1882 1886
1882 1885
1882 1884
1882 1883
1883 2436
1884 2574
1885 2328
1886 2743
1886 2714
1886 2483
1886 2478
1887 2501
1887 1962
1888 2666
1889 2166
1889 1994
1890 2642
1891 1974
1891 2471
1891 2548
1892 2231
1893 2792
1894 2069
1894 1940
1895 2532
1895 2406
1897 2043
1898 2195
1899 2598
1899 2561
1899 2362
1899 2139
1900 2043
1901 2605
1903 2773
1903 1921
1904 2206
1905 1912
1905 1911
1905 1910
1905 1909
1905 1908
1905 1907
1905 1906
1906 2421
1907 2467
1908 2676
1910 2735
1910 2289
1910 2079
1911 2082
1912 2612
1912 2438
1912 2366
1912 2158
1912 2157
1912 2156
1912 2155
1912 2154
1912 2151
1912 2150
1912 2149
1912 2090
1912 1955
1913 1916
1913 1915
1913 1914
1915 2357
1917 2133
1917 2129
1918 2799
1918 2253
1918 1921
1919 2043
1920 2302
1921 1939
1921 1938
1921 1937
1921 1936
1921 1935
1921 1934
1921 1933
1921 1932
1921 1931
1921 1930
1921 1929
1921 1928
1921 1927
1921 1926
1921 1925
1921 1924
1921 1923
1921 1922
1922 2166
1923 2001
1924 2414
1924 2332
1924 2054
1925 2169
1926 2185
1927 2349
1928 2187
1929 2687
1930 2206
1931 2414
1931 2357
1931 2332
1931 2187
1932 2613
1932 2253
1933 2489
1934 2737
1937 2557
1938 2253
1939 2708
1940 1946
1940 1945
1940 1944
1940 1943
1940 1942
1940 1941
1943 2772
1943 2564
1943 2448
1944 2536
1946 2760
1946 2660
1947 1952
1947 1951
1947 1950
1947 1949
1947 1948
1948 2247
1949 2502
1950 2699
1951 2461
1952 2216
1952 2215
1952 2214
1952 2106
1953 2644
1954 1958
1954 1957
1954 1956
1954 1955
1955 2544
1955 2089
1956 2119
1958 2617
1958 2011
1959 2206
1960 2266
1961 2716
1962 1966
1962 1965
1962 1964
1962 1963
1963 2723
1964 2134
1966 2328
1970 2406
1971 2346
1973 2516
1973 2143
1974 2296
1974 2210
1974 1975
1975 2357
1976 1991
1976 1990
1976 1989
1976 1988
1976 1987
1976 1986
1976 1985
1976 1984
1976 1983
1976 1982
1976 1981
1976 1980
1976 1979
1976 1978
1976 1977
1977 2684
1978 2807
1978 2794
1979 2807
1979 2794
1979 2536
1980 2536
1981 2689
1981 2522
1982 2735
1982 2684
1984 2805
1985 2794
1985 2754
1985 2536
1986 2536
1987 2794
1988 2747
1988 2536
1989 2414
1990 2807
1991 2536
1992 2660
1993 2627
1994 2556
1994 2417
1994 2361
1994 2016
1994 1999
1994 1998
1994 1997
1994 1996
1994 1995
1995 2076
1997 2351
1998 2527
1999 2753
2000 2439
2001 2006
2001 2005
2001 2004
2001 2003
2001 2002
2002 2566
2003 2253
2004 2206
2005 2406
2005 2143
2006 2557
2006 2375
2007 2197
2008 2551
2009 2010
2010 2166
2011 2062
2011 2061
2011 2060
2011 2059
2011 2045
2011 2037
2011 2017
2011 2016
2011 2015
2011 2014
2011 2013
2011 2012
2013 2206
2015 2561
2017 2561
2019 2673
2020 2502
2022 2357
2022 2606
2023 2406
2024 2033
2024 2032
2024 2031
2024 2030
2024 2029
2024 2028
2024 2027
2024 2026
2024 2025
2025 2526
2026 2414
2028 2738
2030 2621
2030 2551
2031 2623
2032 2617
2034 2780
2034 2712
2036 2467
2036 2079
2038 2253
2038 2206
2039 2516
2040 2414
2040 2332
2041 2639
2042 2298
2043 2053
2043 2052
2043 2051
2043 2050
2043 2049
2043 2048
2043 2047
2043 2046
2043 2045
2043 2044
2044 2563
2046 2076
2047 2714
2048 2134
2049 2396
2050 2797
2051 2652
2051 2548
2051 2443
2052 2649
2054 2055
2055 2725
2056 2667
2057 2058
2058 2804
2059 2069
2060 2253
2061 2605
2061 2175
2063 2068
2063 2067
2063 2066
2063 2065
2063 2064
2064 2298
2064 2289
2065 2735
2065 2626
2066 2626
2067 2664
2068 2375
2069 2473
2069 2075
2069 2074
2069 2073
2069 2072
2069 2071
2069 2070
2070 2463
2071 2467
2073 2082
2074 2129
2075 2732
2076 2078
2076 2077
2077 2266
2078 2532
2079 2226
2079 2081
2079 2080
2080 2743
2080 2191
2081 2745
2082 2088
2082 2087
2082 2086
2082 2085
2082 2084
2082 2083
2086 2653
2086 2612
2086 2330
2087 2768
2088 2461
2088 2459
2089 2521
2089 2159
2089 2099
2089 2098
2089 2097
2089 2096
2089 2095
2089 2094
2089 2093
2089 2092
2089 2091
2089 2090
2090 2662
2090 2455
2091 2501
2091 2414
2091 2294
2092 2191
2093 2516
2094 2368
2095 2332
2097 2253
2097 2351
2098 2302
2100 2639
2101 2181
2102 2718
2103 2398
2104 2577
2104 2365
2104 2222
2104 2221
2104 2220
2104 2219
2104 2112
2104 2107
2104 2106
2104 2105
2107 2790
2109 2756
2109 2598
2109 2288
2109 2421
2110 2759
2113 2716
2113 2569
2114 2388
2115 2421
2116 2169
2119 2543
2119 2241
2119 2124
2119 2123
2119 2122
2119 2121
2119 2120
2122 2162
2122 2305
2122 2139
2124 2288
2125 2126
2126 2421
2127 2128
2128 2266
2129 2133
2129 2132
2129 2131
2129 2130
2133 2446
2134 2654
2134 2562
2134 2266
2134 2138
2134 2137
2134 2136
2134 2135
2135 2787
2137 2313
2138 2560
2138 2226
2139 2141
2139 2140
2140 2191
2141 2560
2141 2488
2142 2769
2142 2143
2143 2148
2143 2147
2143 2146
2143 2145
2143 2144
2144 2483
2144 2169
2145 2792
2146 2681
2147 2406
2148 2742
2151 2302
2152 2803
2153 2708
2154 2471
2155 2436
2156 2346
2157 2606
2158 2240
2159 2793
2160 2302
2160 2351
2162 2528
2162 2458
2162 2430
2162 2389
2162 2165
2162 2164
2162 2163
2163 2532
2164 2357
2166 2168
2166 2167
2167 2508
2168 2617
2169 2174
2169 2173
2169 2172
2169 2171
2169 2170
2170 2697
2171 2505
2172 2563
2172 2231
2173 2722
2174 2674
2175 2180
2175 2179
2175 2178
2175 2177
2175 2176
2176 2455
2178 2501
2179 2459
2180 2699
2180 2226
2181 2184
2181 2183
2181 2182
2185 2186
2186 2613
2187 2190
2187 2189
2187 2188
2188 2693
2189 2406
2190 2508
2191 2194
2191 2193
2191 2192
2192 2576
2193 2797
2193 2768
2195 2196
2196 2483
2197 2203
2197 2202
2197 2201
2197 2200
2197 2199
2197 2198
2199 2612
2202 2406
2203 2777
2205 2346
2206 2571
2206 2434
2206 2210
2206 2209
2206 2208
2206 2207
2207 2737
2208 2720
2211 2213
2211 2212
2213 2716
2214 2463
2215 2342
2216 2727
2217 2383
2218 2610
2219 2288
2220 2394
2222 2613
2223 2225
2223 2224
2224 2289
2225 2527
2225 2313
2226 2230
2226 2229
2226 2228
2226 2227
2227 2328
2228 2699
2229 2673
2230 2421
2231 2239
2231 2238
2231 2237
2231 2236
2231 2235
2231 2234
2231 2233
2231 2232
2232 2406
2233 2406
2234 2306
2235 2800
2235 2494
2237 2476
2238 2306
2240 2242
2240 2241
2242 2620
2244 2743
2245 2406
2246 2266
2249 2758
2249 2527
2250 2443
2251 2252
2252 2670
2252 2461
2253 2690
2253 2354
2253 2279
2253 2260
2255 2751
2256 2443
2256 2388
2257 2786
2258 2516
2259 2288
2261 2753
2262 2406
2263 2720
2263 2692
2264 2357
2265 2483
2266 2272
2266 2271
2266 2270
2266 2269
2266 2268
2266 2267
2267 2661
2268 2398
2269 2733
2269 2289
2270 2661
2272 2532
2274 2708
2275 2677
2276 2439
2277 2294
2278 2298
2281 2506
2284 2286
2284 2285
2285 2356
2287 2288
2288 2602
2288 2582
2289 2293
2289 2292
2289 2291
2289 2290
2290 2306
2291 2346
2292 2418
2293 2769
2293 2306
2294 2296
2294 2295
2297 2773
2297 2527
2298 2302
2298 2301
2298 2300
2298 2299
2299 2697
2301 2603
2302 2704
2302 2607
2303 2304
2306 2309
2306 2308
2306 2307
2307 2689
2308 2753
2309 2576
2310 2737
2311 2681
2313 2319
2313 2318
2313 2317
2313 2316
2313 2315
2313 2314
2314 2319
2315 2746
2316 2658
2317 2319
2318 2319
2319 2707
2320 2326
2320 2325
2320 2324
2320 2323
2320 2322
2320 2321
2321 2385
2322 2351
2325 2398
2326 2414
2326 2332
2327 2346
2328 2360
2328 2359
2328 2329
2329 2693
2330 2331
2332 2337
2332 2336
2332 2335
2332 2334
2332 2333
2333 2547
2334 2532
2335 2414
2336 2414
2337 2414
2338 2626
2338 2339
2339 2341
2339 2340
2340 2609
2342 2345
2342 2344
2342 2343
2343 2644
2344 2674
2345 2478
2346 2348
2346 2347
2347 2786
2347 2527
2349 2350
2350 2532
2351 2589
2351 2523
2351 2384
2351 2354
2351 2353
2351 2352
2352 2564
2352 2398
2353 2677
2353 2668
2353 2406
2354 2738
2354 2459
2357 2358
2359 2745
2360 2465
2361 2684
2362 2366
2362 2365
2362 2364
2362 2363
2363 2433
2364 2436
2369 2689
2369 2370
2370 2374
2370 2373
2370 2372
2370 2371
2371 2764
2372 2769
2373 2639
2374 2639
2376 2721
2377 2591
2378 2457
2381 2758
2383 2384
2385 2387
2385 2386
2386 2770
2386 2448
2387 2781
2390 2697
2391 2563
2392 2393
2393 2478
2394 2395
2397 2747
2397 2398
2398 2401
2398 2400
2398 2399
2399 2489
2400 2747
2401 2804
2403 2795
2404 2405
2405 2502
2406 2413
2406 2412
2406 2411
2406 2410
2406 2409
2406 2408
2406 2407
2407 2780
2408 2793
2408 2537
2409 2693
2409 2674
2410 2609
2411 2639
2412 2759
2412 2756
2412 2744
2413 2668
2414 2417
2414 2416
2414 2415
2415 2790
2416 2794
2417 2723
2417 2522
2418 2420
2418 2419
2420 2800
2421 2432
2421 2431
2421 2430
2421 2429
2421 2428
2421 2427
2421 2426
2421 2425
2421 2424
2421 2423
2421 2422
2422 2689
2423 2716
2425 2746
2426 2445
2428 2727
2428 2667
2429 2574
2432 2729
2432 2708
2433 2434
2435 2778
2435 2443
2435 2436
2438 2684
2439 2441
2439 2440
2441 2463
2442 2687
2442 2680
2442 2443
2443 2444
2445 2447
2445 2446
2447 2605
2448 2450
2448 2449
2450 2476
2453 2708
2454 2782
2454 2527
2455 2456
2456 2529
2457 2458
2459 2462
2459 2461
2459 2460
2460 2529
2461 2501
2463 2464
2464 2623
2466 2516
2467 2470
2467 2469
2467 2468
2468 2746
2469 2591
2470 2801
2470 2688
2471 2711
2471 2473
2471 2472
2472 2586
2475 2772
2475 2658
2476 2477
2477 2778
2478 2483
2478 2486
2478 2485
2478 2484
2478 2482
2478 2481
2478 2480
2478 2479
2479 2483
2480 2739
2481 2483
2482 2483
2483 2486
2483 2485
2483 2484
2489 2492
2489 2491
2489 2490
2491 2783
2492 2508
2493 2705
2494 2498
2494 2497
2494 2496
2494 2495
2495 2737
2496 2598
2497 2733
2498 2721
2499 2680
2500 2772
2501 2695
2501 2580
2501 2524
2502 2504
2502 2503
2503 2710
2503 2527
2506 2507
2507 2673
2508 2513
2508 2512
2508 2511
2508 2510
2508 2509
2509 2806
2510 2739
2511 2661
2512 2739
2513 2612
2515 2520
2516 2518
2516 2517
2517 2639
2518 2750
2520 2521
2521 2770
2521 2551
2522 2525
2522 2524
2522 2523
2525 2721
2528 2745
2529 2531
2529 2530
2530 2788
2532 2535
2532 2534
2532 2533
2534 2708
2535 2591
2537 2538
2539 2676
2540 2768
2541 2703
2542 2761
2543 2569
2544 2545
2545 2667
2546 2765
2548 2652
2548 2550
2548 2549
2549 2652
2550 2652
2551 2552
2552 2606
2553 2743
2557 2559
2557 2558
2559 2769
2559 2689
2562 2750
2566 2568
2566 2567
2567 2781
2568 2693
2569 2573
2569 2572
2569 2571
2569 2570
2570 2639
2577 2674
2579 2582
2579 2581
2579 2580
2581 2667
2583 2585
2583 2584
2584 2699
2586 2588
2586 2587
2587 2653
2588 2649
2589 2722
2590 2800
2590 2591
2591 2594
2591 2593
2591 2592
2592 2677
2593 2776
2594 2800
2595 2612
2597 2716
2597 2642
2597 2598
2598 2643
2598 2600
2598 2599
2599 2642
2600 2642
2602 2749
2603 2604
2606 2690
2606 2607
2613 2644
2613 2615
2613 2614
2614 2644
2616 2784
2618 2629
2619 2787
2621 2622
2622 2790
2624 2741
2627 2628
2628 2743
2629 2630
2630 2809
2632 2716
2633 2635
2633 2634
2634 2718
2636 2802
2636 2637
2638 2776
2638 2763
2639 2641
2639 2640
2640 2764
2642 2643
2644 2645
2646 2684
2647 2648
2648 2791
2650 2651
2653 2654
2655 2681
2656 2662
2658 2659
2659 2771
2662 2663
2664 2665
2665 2748
2668 2669
2669 2798
2670 2672
2670 2671
2671 2688
2672 2741
2675 2769
2675 2676
2677 2678
2678 2780
2679 2715
2683 2767
2684 2685
2689 2734
2689 2690
2692 2694
2692 2693
2693 2731
2694 2800
2695 2696
2696 2698
2699 2701
2699 2700
2700 2771
2704 2775
2705 2706
2706 2743
2708 2709
2710 2711
2712 2713
2716 2717
2717 2755
2727 2728
2729 2730
2731 2769
2733 2734
2735 2736
2736 2795
2740 2742
2756 2757
2757 2764
2788 2789
2789 2799
