new_label original_label
1 3
2 5
3 6
4 7
5 8
6 10
7 63
8 64
9 65
10 66
11 67
12 68
13 69
14 70
15 71
16 72
17 73
18 74
19 75
20 76
21 77
22 78
23 79
24 81
25 82
26 83
27 84
28 85
29 86
30 87
31 88
32 89
33 90
34 91
35 92
36 94
37 95
38 97
39 98
40 99
41 100
42 101
43 104
44 121
45 122
46 123
47 124
48 125
49 126
50 127
51 128
52 129
53 130
54 131
55 132
56 133
57 134
58 135
59 136
60 137
61 138
62 139
63 140
64 141
65 142
66 143
67 144
68 145
69 146
70 147
71 148
72 149
73 150
74 151
75 152
76 160
77 187
78 188
79 189
80 190
81 191
82 192
83 193
84 194
85 195
86 196
87 197
88 198
89 199
90 200
91 201
92 202
93 203
94 204
95 205
96 225
97 244
98 277
99 278
100 279
101 280
102 281
103 282
104 283
105 284
106 285
107 286
108 287
109 288
110 289
111 290
112 291
113 292
114 293
115 294
116 295
117 296
118 297
119 298
120 299
121 301
122 302
123 303
124 304
125 305
126 306
127 307
128 308
129 309
130 310
131 311
132 312
133 313
134 314
135 315
136 316
137 317
138 318
139 319
140 320
141 321
142 322
143 324
144 325
145 326
146 327
147 328
148 344
149 347
150 348
151 350
152 351
153 366
154 367
155 368
156 369
157 370
158 371
159 372
160 373
161 374
162 375
163 376
164 377
165 378
166 379
167 380
168 381
169 382
170 418
171 423
172 424
173 435
174 436
175 437
176 438
177 439
178 440
179 441
180 442
181 443
182 444
183 445
184 446
185 447
186 448
187 449
188 528
189 592
190 614
191 615
192 616
193 617
194 618
195 619
196 620
197 621
198 622
199 623
200 624
201 625
202 627
203 628
204 629
205 630
206 631
207 632
208 635
209 646
210 651
211 652
212 653
213 654
214 679
215 681
216 686
217 688
218 703
219 704
220 705
221 707
222 716
223 717
224 718
225 719
226 720
227 721
228 722
229 723
230 724
231 725
232 726
233 727
234 728
235 729
236 730
237 731
238 732
239 733
240 734
241 735
242 736
243 737
244 738
245 739
246 740
247 741
248 742
249 743
250 744
251 745
252 746
253 747
254 748
255 749
256 750
257 751
258 752
259 753
260 754
261 755
262 774
263 775
264 776
265 777
266 778
267 779
268 780
269 781
270 782
271 783
272 784
273 785
274 786
275 787
276 788
277 789
278 790
279 791
280 792
281 793
282 794
283 795
284 796
285 808
286 809
287 810
288 811
289 812
290 813
291 814
292 815
293 816
294 839
295 840
296 841
297 842
298 843
299 844
300 845
301 846
302 847
303 848
304 849
305 850
306 851
307 852
308 853
309 854
310 855
311 856
312 857
313 858
314 859
315 860
316 861
317 862
318 863
319 864
320 865
321 866
322 867
323 868
324 869
325 870
326 871
327 872
328 873
329 874
330 875
331 876
332 877
333 878
334 879
335 880
336 881
337 882
338 883
339 884
340 885
341 886
342 887
343 888
344 889
345 890
346 891
347 892
348 893
349 894
350 895
351 896
352 897
353 898
354 899
355 900
356 901
357 902
358 903
359 904
360 905
361 906
362 907
363 908
364 909
365 910
366 933
367 935
368 936
369 939
370 941
371 942
372 943
373 959
374 974
375 983
376 985
377 986
378 987
379 991
380 996
381 998
382 999
383 1001
384 1002
385 1003
386 1004
387 1005
388 1006
389 1007
390 1008
391 1009
392 1010
393 1011
394 1012
395 1013
396 1014
397 1015
398 1016
399 1017
400 1018
401 1030
402 1052
403 1053
404 1054
405 1055
406 1056
407 1057
408 1058
409 1059
410 1060
411 1061
412 1073
413 1102
414 1105
415 1106
416 1107
417 1108
418 1109
419 1110
420 1111
421 1112
422 1113
423 1114
424 1115
425 1116
426 1117
427 1118
428 1119
429 1180
430 1186
431 1187
432 1189
433 1190
434 1191
435 1192
436 1193
437 1194
438 1195
439 1196
440 1197
441 1198
442 1199
443 1200
444 1201
445 1202
446 1203
447 1204
448 1205
449 1206
450 1207
451 1208
452 1209
453 1210
454 1211
455 1212
456 1213
457 1214
458 1215
459 1216
460 1217
461 1218
462 1219
463 1220
464 1221
465 1222
466 1223
467 1224
468 1227
469 1228
470 1229
471 1230
472 1231
473 1232
474 1233
475 1235
476 1236
477 1237
478 1238
479 1239
480 1246
481 1247
482 1248
483 1249
484 1250
485 1251
486 1258
487 1281
488 1282
489 1283
490 1284
491 1285
492 1286
493 1287
494 1288
495 1289
496 1290
497 1291
498 1292
499 1293
500 1294
501 1295
502 1296
503 1297
504 1298
505 1299
506 1300
507 1301
508 1302
509 1303
510 1304
511 1305
512 1306
513 1307
514 1308
515 1317
516 1318
517 1319
518 1321
519 1322
520 1324
521 1325
522 1326
523 1327
524 1328
525 1329
526 1331
527 1332
528 1333
529 1334
530 1335
531 1341
532 1342
533 1343
534 1344
535 1345
536 1346
537 1347
538 1348
539 1349
540 1351
541 1352
542 1353
543 1354
544 1355
545 1356
546 1357
547 1358
548 1359
549 1360
550 1361
551 1362
552 1363
553 1364
554 1365
555 1366
556 1367
557 1368
558 1369
559 1370
560 1371
561 1372
562 1373
563 1375
564 1376
565 1377
566 1378
567 1379
568 1380
569 1382
570 1383
571 1384
572 1385
573 1386
574 1387
575 1388
576 1389
577 1390
578 1391
579 1392
580 1393
581 1396
582 1399
583 1400
584 1409
585 1411
586 1412
587 1413
588 1414
589 1415
590 1416
591 1417
592 1418
593 1420
594 1421
595 1425
596 1457
597 1458
598 1459
599 1460
600 1461
601 1462
602 1463
603 1464
604 1465
605 1466
606 1467
607 1468
608 1469
609 1485
610 1486
611 1487
612 1488
613 1489
614 1490
615 1491
616 1492
617 1493
618 1494
619 1495
620 1506
621 1507
622 1508
623 1560
624 1561
625 1562
626 1563
627 1564
628 1565
629 1566
630 1567
631 1568
632 1569
633 1570
634 1571
635 1572
636 1573
637 1574
638 1575
639 1585
640 1587
641 1596
642 1597
643 1598
644 1599
645 1600
646 1601
647 1602
648 1603
649 1604
650 1605
651 1606
652 1607
653 1608
654 1609
655 1610
656 1611
657 1612
658 1614
659 1649
660 1650
661 1651
662 1652
663 1653
664 1654
665 1655
666 1656
667 1657
668 1658
669 1659
670 1660
671 1661
672 1662
673 1663
674 1686
675 1687
676 1688
677 1689
678 1690
679 1691
680 1692
681 1693
682 1694
683 1707
684 1776
685 1800
686 1801
687 1802
688 1803
689 1804
690 1805
691 1806
692 1807
693 1808
694 1809
695 1810
696 1811
697 1812
698 1813
699 1814
700 1815
701 1816
702 1817
703 1818
704 1819
705 1829
706 1838
707 1842
708 1854
709 1855
710 1857
711 1860
712 1861
713 1872
714 1887
715 1894
716 1895
717 1896
718 1897
719 1898
720 1899
721 1901
722 1902
723 1903
724 1904
725 1905
726 1906
727 1907
728 1908
729 1909
730 1910
731 1911
732 1912
733 1913
734 1914
735 1915
736 1916
737 1917
738 1918
739 1919
740 1922
741 1925
742 1934
743 1936
744 1937
745 1938
746 1940
747 1941
748 1942
749 1943
750 1944
751 1945
752 1954
753 1955
754 1956
755 1957
756 1958
757 1959
758 1961
759 1962
760 1963
761 1965
762 1966
763 1967
764 1968
765 1999
766 2002
767 2012
768 2031
769 2032
770 2050
771 2051
772 2052
773 2053
774 2054
775 2055
776 2056
777 2066
778 2075
779 2076
780 2077
781 2079
782 2080
783 2081
784 2082
785 2083
786 2084
787 2085
788 2086
789 2087
790 2090
791 2091
792 2092
793 2093
794 2094
795 2095
796 2096
797 2097
798 2098
799 2110
800 2111
801 2112
802 2113
803 2114
804 2115
805 2116
806 2117
807 2118
808 2119
809 2120
810 2127
811 2128
812 2129
813 2130
814 2131
815 2132
816 2133
817 2134
818 2135
819 2136
820 2138
821 2139
822 2140
823 2141
824 2142
825 2143
826 2144
827 2145
828 2146
829 2147
830 2148
831 2149
832 2182
833 2183
834 2184
835 2185
836 2186
837 2197
838 2198
839 2199
840 2224
841 2229
842 2232
843 2233
844 2234
845 2236
846 2237
847 2238
848 2239
849 2240
850 2241
851 2242
852 2243
853 2244
854 2245
855 2246
856 2247
857 2248
858 2249
859 2250
860 2251
861 2252
862 2254
863 2255
864 2256
865 2257
866 2258
867 2260
868 2262
869 2268
870 2270
871 2303
872 2304
873 2305
874 2309
875 2312
876 2313
877 2317
878 2318
879 2322
880 2325
881 2337
882 2341
883 2364
884 2365
885 2366
886 2368
887 2369
888 2370
889 2371
890 2372
891 2373
892 2374
893 2375
894 2376
895 2377
896 2378
897 2379
898 2382
899 2383
900 2388
901 2390
902 2393
903 2394
904 2395
905 2396
906 2397
907 2398
908 2399
909 2400
910 2401
911 2402
912 2403
913 2404
914 2405
915 2406
916 2407
917 2408
918 2409
919 2410
920 2411
921 2412
922 2413
923 2414
924 2415
925 2416
926 2417
927 2418
928 2419
929 2431
930 2432
931 2433
932 2434
933 2435
934 2436
935 2437
936 2438
937 2439
938 2440
939 2441
940 2442
941 2443
942 2444
943 2445
944 2446
945 2447
946 2448
947 2453
948 2454
949 2461
950 2468
951 2470
952 2472
953 2481
954 2487
955 2488
956 2489
957 2490
958 2491
959 2492
960 2493
961 2494
962 2495
963 2496
964 2497
965 2498
966 2499
967 2500
968 2501
969 2502
970 2503
971 2504
972 2505
973 2543
974 2545
975 2546
976 2547
977 2548
978 2549
979 2550
980 2551
981 2553
982 2554
983 2565
984 2583
985 2584
986 2585
987 2586
988 2587
989 2588
990 2589
991 2590
992 2591
993 2592
994 2593
995 2594
996 2596
997 2597
998 2598
999 2601
1000 2602
1001 2607
1002 2616
1003 2620
1004 2637
1005 2640
1006 2641
1007 2642
1008 2643
1009 2644
1010 2645
1011 2646
1012 2647
1013 2648
1014 2649
1015 2650
1016 2651
1017 2652
1018 2653
1019 2654
1020 2655
1021 2656
1022 2658
1023 2660
1024 2661
1025 2662
1026 2663
1027 2674
1028 2679
1029 2680
1030 2687
1031 2690
1032 2707
1033 2709
1034 2712
1035 2713
1036 2714
1037 2715
1038 2716
1039 2727
1040 2729
1041 2734
1042 2735
1043 2736
1044 2737
1045 2738
1046 2739
1047 2740
1048 2741
1049 2742
1050 2743
1051 2744
1052 2745
1053 2746
1054 2747
1055 2748
1056 2749
1057 2750
1058 2751
1059 2752
1060 2753
1061 2754
1062 2763
1063 2765
1064 2777
1065 2798
1066 2799
1067 2800
1068 2803
1069 2805
1070 2814
1071 2815
1072 2816
1073 2817
1074 2818
1075 2819
1076 2820
1077 2821
1078 2822
1079 2823
1080 2824
1081 2825
1082 2826
1083 2828
1084 2829
1085 2830
1086 2831
1087 2832
1088 2833
1089 2834
1090 2835
1091 2836
1092 2837
1093 2838
1094 2839
1095 2840
1096 2841
1097 2842
1098 2846
1099 2848
1100 2849
1101 2850
1102 2851
1103 2852
1104 2853
1105 2854
1106 2856
1107 2862
1108 2863
1109 2864
1110 2865
1111 2866
1112 2867
1113 2868
1114 2869
1115 2870
1116 2871
1117 2872
1118 2877
1119 2878
1120 2879
1121 2880
1122 2881
1123 2882
1124 2885
1125 2889
1126 2898
1127 2899
1128 2900
1129 2901
1130 2902
1131 2903
1132 2904
1133 2905
1134 2914
1135 2915
1136 2916
1137 2917
1138 2918
1139 2919
1140 2929
1141 2930
1142 2931
1143 2932
1144 2933
1145 2934
1146 2935
1147 2936
1148 2937
1149 2938
1150 2939
1151 2940
1152 2941
1153 2942
1154 2943
1155 2944
1156 2945
1157 2946
1158 2947
1159 2948
1160 2949
1161 2963
1162 2964
1163 2965
1164 2966
1165 2968
1166 2969
1167 2970
1168 2971
1169 2972
1170 2973
1171 2974
1172 2976
1173 2977
1174 2978
1175 2979
1176 2981
1177 2982
1178 2983
1179 2984
1180 2985
1181 2986
1182 2987
1183 2988
1184 2989
1185 2990
1186 2991
1187 2992
1188 2993
1189 2994
1190 2995
1191 2996
1192 2997
1193 2998
1194 2999
1195 3000
1196 3002
1197 3003
1198 3005
1199 3007
1200 3008
1201 3009
1202 3010
1203 3011
1204 3012
1205 3013
1206 3014
1207 3015
1208 3021
1209 3023
1210 3025
1211 3031
1212 3032
1213 3033
1214 3034
1215 3035
1216 3036
1217 3037
1218 3038
1219 3039
1220 3040
1221 3041
1222 3042
1223 3059
1224 3060
1225 3061
1226 3062
1227 3063
1228 3076
1229 3077
1230 3079
1231 3080
1232 3081
1233 3082
1234 3083
1235 3084
1236 3085
1237 3086
1238 3087
1239 3088
1240 3089
1241 3092
1242 3093
1243 3094
1244 3095
1245 3117
1246 3118
1247 3119
1248 3120
1249 3121
1250 3122
1251 3124
1252 3125
1253 3126
1254 3127
1255 3128
1256 3129
1257 3130
1258 3131
1259 3133
1260 3136
1261 3140
1262 3141
1263 3144
1264 3145
1265 3149
1266 3150
1267 3151
1268 3152
1269 3153
1270 3154
1271 3155
1272 3157
1273 3174
1274 3175
1275 3176
1276 3177
1277 3178
1278 3179
1279 3180
1280 3181
1281 3182
1282 3183
1283 3192
1284 3193
1285 3194
1286 3195
1287 3198
1288 3199
1289 3208
1290 3209
1291 3210
1292 3211
1293 3212
1294 3213
1295 3214
1296 3215
1297 3216
1298 3223
1299 3236
1300 3238
1301 3239
1302 3240
1303 3241
1304 3242
1305 3243
1306 3244
1307 3245
1308 3246
1309 3247
1310 3248
1311 3249
1312 3250
1313 3251
1314 3252
1315 3253
1316 3254
1317 3255
1318 3256
1319 3257
1320 3259
1321 3260
1322 3262
1323 3274
1324 3275
1325 3276
1326 3279
1327 3280
1328 3281
1329 3282
1330 3283
1331 3284
1332 3285
1333 3287
1334 3288
1335 3289
1336 3290
1337 3291
1338 3292
1339 3293
1340 3294
1341 3295
1342 3303
1343 3304
1344 3305
1345 3306
1346 3307
1347 3308
1348 3309
1349 3310
1350 3311
1351 3312
1352 3313
1353 3314
1354 3315
1355 3316
1356 3317
1357 3318
1358 3319
1359 3326
1360 3327
1361 3328
1362 3329
1363 3330
1364 3331
1365 3332
1366 3340
1367 3341
1368 3342
1369 3344
1370 3345
1371 3351
1372 3352
1373 3354
1374 3355
1375 3356
1376 3357
1377 3358
1378 3370
1379 3371
1380 3372
1381 3374
1382 3375
1383 3376
1384 3377
1385 3381
1386 3392
1387 3393
1388 3417
1389 3428
1390 3437
1391 3440
1392 3441
1393 3448
1394 3449
1395 3450
1396 3451
1397 3453
1398 3454
1399 3455
1400 3456
1401 3457
1402 3458
1403 3459
1404 3460
1405 3465
1406 3471
1407 3474
1408 3475
1409 3476
1410 3477
1411 3479
1412 3481
1413 3482
1414 3483
1415 3484
1416 3485
1417 3486
1418 3492
1419 3493
1420 3495
1421 3512
1422 3513
1423 3516
1424 3517
1425 3518
1426 3519
1427 3520
1428 3521
1429 3528
1430 3529
1431 3530
1432 3543
1433 3544
1434 3546
1435 3547
1436 3550
1437 3558
1438 3559
1439 3560
1440 3562
1441 3563
1442 3564
1443 3570
1444 3571
1445 3572
1446 3573
1447 3604
1448 3605
1449 3608
1450 3610
1451 3611
1452 3612
1453 3613
1454 3614
1455 3615
1456 3616
1457 3617
1458 3618
1459 3625
1460 3626
1461 3642
1462 3644
1463 3645
1464 3646
1465 3647
1466 3648
1467 3649
1468 3651
1469 3674
1470 3675
1471 3684
1472 3686
1473 3687
1474 3688
1475 3689
1476 3690
1477 3691
1478 3692
1479 3693
1480 3699
1481 3706
1482 3707
1483 3708
1484 3709
1485 3710
1486 3711
1487 3712
1488 3713
1489 3714
1490 3715
1491 3716
1492 3717
1493 3718
1494 3719
1495 3720
1496 3721
1497 3722
1498 3723
1499 3724
1500 3725
1501 3726
1502 3732
1503 3736
1504 3743
1505 3744
1506 3745
1507 3746
1508 3747
1509 3748
1510 3749
1511 3758
1512 3763
1513 3766
1514 3767
1515 3768
1516 3769
1517 3770
1518 3771
1519 3779
1520 3780
1521 3781
1522 3782
1523 3783
1524 3784
1525 3785
1526 3786
1527 3787
1528 3788
1529 3789
1530 3790
1531 3791
1532 3792
1533 3793
1534 3797
1535 3798
1536 3800
1537 3801
1538 3815
1539 3816
1540 3817
1541 3818
1542 3819
1543 3820
1544 3821
1545 3831
1546 3833
1547 3834
1548 3835
1549 3843
1550 3847
1551 3848
1552 3849
1553 3850
1554 3861
1555 3871
1556 3872
1557 3873
1558 3874
1559 3875
1560 3876
1561 3877
1562 3878
1563 3879
1564 3881
1565 3884
1566 3885
1567 3891
1568 3892
1569 3893
1570 3894
1571 3895
1572 3896
1573 3897
1574 3904
1575 3905
1576 3906
1577 3907
1578 3919
1579 3920
1580 3921
1581 3922
1582 3923
1583 3924
1584 3942
1585 3943
1586 3944
1587 3945
1588 3946
1589 3947
1590 3948
1591 3949
1592 3950
1593 3951
1594 3952
1595 3953
1596 3959
1597 3962
1598 3963
1599 3964
1600 3965
1601 3966
1602 3967
1603 3968
1604 3969
1605 3970
1606 3971
1607 3975
1608 3976
1609 3977
1610 3978
1611 3979
1612 3980
1613 3981
1614 3982
1615 3983
1616 3986
1617 3988
1618 3989
1619 3990
1620 3993
1621 3994
1622 3998
1623 4001
1624 4005
1625 4006
1626 4007
1627 4009
1628 4010
1629 4019
1630 4020
1631 4021
1632 4022
1633 4023
1634 4024
1635 4025
1636 4036
1637 4040
1638 4041
1639 4042
1640 4043
1641 4045
1642 4046
1643 4047
1644 4048
1645 4049
1646 4050
1647 4051
1648 4052
1649 4053
1650 4054
1651 4055
1652 4056
1653 4057
1654 4058
1655 4059
1656 4060
1657 4061
1658 4063
1659 4064
1660 4083
1661 4084
1662 4085
1663 4086
1664 4087
1665 4088
1666 4089
1667 4090
1668 4092
1669 4096
1670 4098
1671 4099
1672 4100
1673 4101
1674 4102
1675 4103
1676 4122
1677 4123
1678 4124
1679 4125
1680 4126
1681 4127
1682 4147
1683 4148
1684 4149
1685 4150
1686 4151
1687 4152
1688 4153
1689 4154
1690 4155
1691 4156
1692 4157
1693 4158
1694 4159
1695 4163
1696 4166
1697 4167
1698 4174
1699 4175
1700 4176
1701 4177
1702 4178
1703 4179
1704 4180
1705 4181
1706 4195
1707 4196
1708 4197
1709 4198
1710 4199
1711 4200
1712 4212
1713 4213
1714 4214
1715 4215
1716 4219
1717 4221
1718 4226
1719 4231
1720 4232
1721 4233
1722 4234
1723 4235
1724 4236
1725 4237
1726 4238
1727 4239
1728 4240
1729 4241
1730 4242
1731 4244
1732 4245
1733 4248
1734 4249
1735 4250
1736 4251
1737 4252
1738 4253
1739 4254
1740 4255
1741 4256
1742 4257
1743 4258
1744 4259
1745 4260
1746 4263
1747 4264
1748 4265
1749 4266
1750 4267
1751 4268
1752 4269
1753 4270
1754 4271
1755 4272
1756 4273
1757 4276
1758 4277
1759 4278
1760 4280
1761 4281
1762 4282
1763 4288
1764 4289
1765 4290
1766 4293
1767 4294
1768 4305
1769 4309
1770 4316
1771 4335
1772 4336
1773 4337
1774 4338
1775 4339
1776 4354
1777 4357
1778 4358
1779 4359
1780 4360
1781 4361
1782 4366
1783 4367
1784 4368
1785 4371
1786 4373
1787 4374
1788 4377
1789 4378
1790 4383
1791 4384
1792 4385
1793 4386
1794 4387
1795 4388
1796 4389
1797 4390
1798 4391
1799 4395
1800 4396
1801 4398
1802 4406
1803 4407
1804 4423
1805 4425
1806 4426
1807 4427
1808 4428
1809 4429
1810 4435
1811 4436
1812 4437
1813 4438
1814 4439
1815 4447
1816 4448
1817 4449
1818 4452
1819 4453
1820 4454
1821 4455
1822 4456
1823 4458
1824 4459
1825 4463
1826 4464
1827 4475
1828 4476
1829 4478
1830 4479
1831 4480
1832 4481
1833 4485
1834 4486
1835 4487
1836 4488
1837 4489
1838 4490
1839 4498
1840 4501
1841 4502
1842 4503
1843 4504
1844 4506
1845 4507
1846 4509
1847 4519
1848 4522
1849 4531
1850 4534
1851 4535
1852 4536
1853 4542
1854 4543
1855 4546
1856 4547
1857 4548
1858 4549
1859 4550
1860 4551
1861 4552
1862 4553
1863 4554
1864 4555
1865 4556
1866 4557
1867 4559
1868 4560
1869 4567
1870 4568
1871 4569
1872 4571
1873 4572
1874 4573
1875 4575
1876 4576
1877 4577
1878 4579
1879 4580
1880 4581
1881 4582
1882 4583
1883 4584
1884 4585
1885 4590
1886 4591
1887 4597
1888 4598
1889 4599
1890 4602
1891 4603
1892 4604
1893 4606
1894 4607
1895 4611
1896 4618
1897 4619
1898 4623
1899 4624
1900 4626
1901 4627
1902 4635
1903 4636
1904 4637
1905 4638
1906 4645
1907 4646
1908 4650
1909 4651
1910 4652
1911 4656
1912 4657
1913 4658
1914 4662
1915 4664
1916 4665
1917 4668
1918 4669
1919 4670
1920 4671
1921 4675
1922 4679
1923 4683
1924 4684
1925 4685
1926 4687
1927 4690
1928 4694
1929 4696
1930 4701
1931 4709
1932 4710
1933 4713
1934 4714
1935 4716
1936 4717
1937 4723
1938 4724
1939 4728
1940 4729
1941 4730
1942 4731
1943 4735
1944 4736
1945 4742
1946 4745
1947 4746
1948 4747
1949 4748
1950 4749
1951 4751
1952 4752
1953 4753
1954 4754
1955 4755
1956 4756
1957 4757
1958 4758
1959 4762
1960 4763
1961 4765
1962 4766
1963 4771
1964 4773
1965 4777
1966 4781
1967 4788
1968 4789
1969 4790
1970 4792
1971 4794
1972 4796
1973 4803
1974 4804
1975 4805
1976 4806
1977 4807
1978 4808
1979 4809
1980 4810
1981 4811
1982 4812
1983 4820
1984 4824
1985 4825
1986 4827
1987 4831
1988 4832
1989 4834
1990 4835
1991 4836
1992 4837
1993 4840
1994 4841
1995 4845
1996 4848
1997 4849
1998 4850
1999 4853
2000 4854
2001 4862
2002 4863
2003 4864
2004 4865
2005 4866
2006 4867
2007 4868
2008 4869
2009 4870
2010 4871
2011 4872
2012 4873
2013 4874
2014 4877
2015 4878
2016 4879
2017 4880
2018 4881
2019 4886
2020 4887
2021 4888
2022 4889
2023 4894
2024 4895
2025 4896
2026 4897
2027 4901
2028 4902
2029 4903
2030 4907
2031 4909
2032 4910
2033 4911
2034 4916
2035 4919
2036 4922
2037 4924
2038 4925
2039 4926
2040 4927
2041 4930
2042 4931
2043 4932
2044 4933
2045 4934
2046 4935
2047 4937
2048 4939
2049 4941
2050 4942
2051 4943
2052 4944
2053 4945
2054 4946
2055 4947
2056 4948
2057 4951
2058 4952
2059 4953
2060 4955
2061 4956
2062 4957
2063 4958
2064 4962
2065 4963
2066 4964
2067 4966
2068 4968
2069 4969
2070 4970
2071 4972
2072 4973
2073 4974
2074 4975
2075 4978
2076 4979
2077 4980
2078 4981
2079 4983
2080 4987
2081 4991
2082 4993
2083 4994
2084 4995
2085 4996
2086 4997
2087 4998
2088 5001
2089 5002
2090 5005
2091 5008
2092 5009
2093 5016
2094 5019
2095 5020
2096 5021
2097 5022
2098 5023
2099 5024
2100 5025
2101 5031
2102 5034
2103 5035
2104 5039
2105 5041
2106 5042
2107 5043
2108 5044
2109 5048
2110 5054
2111 5055
2112 5058
2113 5063
2114 5064
2115 5065
2116 5066
2117 5067
2118 5068
2119 5074
2120 5075
2121 5077
2122 5078
2123 5081
2124 5082
2125 5085
