2809 5837
1 2 61
2 420 109
3 2478 140
4 178 321
5 2718 116
6 26 399
6 25 230
6 24 306
6 23 361
6 22 297
6 21 327
6 20 311
6 19 237
6 18 319
6 17 344
6 16 254
6 15 375
6 14 302
6 13 368
6 12 402
6 11 328
6 10 256
6 9 348
6 8 367
6 7 310
8 1618 364
9 2569 297
10 2139 73
11 2139 145
11 2119 174
12 843 426
12 1767 401
12 258 443
13 228 360
14 1669 100
15 61 338
16 2349 87
17 136 365
18 2586 203
19 2139 54
19 552 65
20 1464 216
21 1445 273
22 1861 263
23 631 382
23 154 313
24 2162 187
26 2697 387
26 1406 425
26 258 440
26 89 419
27 49 340
27 48 321
27 47 321
27 46 338
27 45 291
27 44 294
27 43 309
27 42 368
27 41 347
27 40 339
27 39 232
27 38 356
27 37 289
27 36 307
27 35 249
27 34 315
27 33 326
27 32 325
27 31 290
27 30 352
27 29 385
27 28 372
28 2770 303
28 2680 253
28 2169 392
28 1847 395
28 1307 396
29 2762 305
29 843 418
29 89 414
30 1187 327
31 1059 327
33 1307 350
34 999 297
34 154 276
35 782 171
36 2532 333
36 1086 135
37 281 261
38 1025 400
39 472 158
40 2574 221
40 843 373
40 1307 362
41 2773 243
41 2211 357
41 1882 344
42 2294 379
42 2211 377
43 776 172
44 2191 284
45 1868 270
46 136 369
46 108 355
47 709 282
48 534 353
49 2398 356
49 1921 347
50 1732 432
50 2439 441
50 57 385
50 56 359
50 55 421
50 54 400
50 53 429
50 52 386
50 51 405
51 1839 413
52 2001 316
53 2253 408
53 2206 401
54 2043 405
55 1073 426
56 2298 259
57 1767 367
57 247 305
58 2702 8
59 2162 135
59 2421 241
60 61 193
61 2380 235
61 2379 333
61 2222 299
61 2121 226
61 1875 259
61 1874 265
61 1842 314
61 1786 240
61 1544 274
61 1543 298
61 1541 304
61 1540 298
61 1538 189
61 1536 287
61 1534 323
61 1174 296
61 1143 175
61 1141 239
61 1137 242
61 1135 362
61 1134 266
61 1008 221
61 995 217
61 992 329
61 987 299
61 985 313
61 982 291
61 981 303
61 975 366
61 973 245
61 854 302
61 398 263
61 383 316
61 380 319
61 378 275
61 376 288
61 374 233
61 373 273
61 369 325
61 367 323
61 364 359
61 363 236
61 323 346
61 88 313
61 87 187
61 85 264
61 84 341
61 83 234
61 81 388
61 79 303
61 75 278
61 74 250
61 73 298
61 72 293
61 71 286
61 70 321
61 69 259
61 68 305
61 67 321
61 66 251
61 65 248
61 64 331
61 63 224
61 62 252
62 2716 203
62 2566 188
62 2414 285
63 76 197
64 1741 391
64 362 357
64 76 304
65 76 220
66 576 288
67 972 275
67 454 251
67 362 347
67 76 293
68 362 331
68 76 277
69 782 208
70 2288 175
70 1692 302
70 362 347
71 362 312
72 972 247
72 362 319
72 76 265
73 1429 339
73 76 271
73 972 252
74 2506 108
74 1905 227
74 76 222
75 362 304
76 2442 261
76 2380 207
76 2200 205
76 1540 271
76 1536 259
76 1534 295
76 1321 326
76 1143 148
76 1142 232
76 1141 211
76 1140 286
76 1139 185
76 1138 238
76 1137 214
76 1136 258
76 1135 334
76 1134 238
76 998 225
76 997 204
76 996 259
76 995 189
76 994 162
76 992 301
76 991 265
76 990 156
76 987 271
76 986 238
76 985 285
76 984 231
76 983 199
76 982 263
76 981 275
76 979 248
76 978 196
76 974 257
76 652 233
76 643 310
76 398 235
76 383 289
76 380 291
76 376 260
76 372 222
76 369 298
76 261 298
76 181 247
76 92 305
76 88 285
76 87 160
76 86 198
76 85 236
76 84 313
76 83 207
76 82 214
76 81 360
76 80 306
76 79 275
76 78 309
76 77 328
77 2805 234
77 2674 412
77 2633 297
77 2398 399
77 521 375
77 1708 372
77 1337 366
77 1429 397
78 1481 406
79 362 329
80 950 401
81 2421 412
81 1025 460
81 1847 438
81 107 441
81 461 366
81 576 425
81 362 414
82 1905 219
84 1025 413
86 972 179
88 1337 322
88 972 267
88 362 339
89 708 397
89 707 404
89 706 434
89 705 433
89 704 386
89 703 419
89 702 402
89 701 392
89 700 333
89 699 386
89 698 387
89 697 399
89 696 412
89 695 399
89 694 425
89 693 362
89 692 418
89 691 353
89 690 418
89 689 287
89 688 384
89 687 336
89 686 329
89 685 417
89 684 294
89 683 384
89 682 408
89 681 281
89 680 364
89 679 398
89 678 338
89 677 318
89 676 294
89 675 382
89 663 319
89 551 351
89 467 346
89 453 304
89 452 370
89 451 399
89 450 419
89 449 323
89 448 359
89 447 281
89 446 402
89 445 418
89 444 264
89 443 257
89 442 349
89 441 342
89 440 349
89 439 311
89 438 365
89 437 331
89 436 343
89 435 414
89 404 405
89 394 355
89 361 367
89 359 410
89 235 429
89 201 319
89 146 416
89 117 420
89 107 455
89 106 418
89 105 327
89 104 372
89 103 345
89 102 421
89 101 395
89 100 353
89 99 260
89 98 404
89 97 387
89 96 395
89 95 418
89 94 345
89 93 392
89 92 389
89 91 305
89 90 388
90 1767 368
91 2514 112
92 2461 259
92 1803 371
92 612 344
93 107 388
93 1073 393
94 1783 231
95 2349 231
95 631 420
95 1741 421
95 751 356
96 1616 371
96 1847 389
97 2653 350
98 1337 356
98 1092 354
98 258 424
99 1015 227
100 2162 215
101 534 399
102 2796 296
102 2548 356
102 2439 407
102 2266 410
102 751 359
103 424 319
104 828 365
104 631 374
105 2668 154
106 2076 365
106 1586 350
106 1073 419
107 1228 386
107 1227 387
107 1226 392
107 1225 345
107 1224 291
107 1223 281
107 1222 301
107 1221 260
107 1220 302
107 1219 419
107 1218 300
107 1217 363
107 1013 359
107 1007 341
107 955 249
107 832 385
108 135 347
108 134 369
108 133 416
108 132 384
108 131 347
108 130 349
108 129 356
108 128 385
108 127 361
108 126 328
108 125 344
108 124 311
108 123 311
108 122 324
108 121 329
108 120 348
108 119 368
108 118 360
108 117 408
108 116 309
108 115 400
108 114 359
108 113 243
108 112 337
108 111 360
108 110 356
108 109 257
109 751 207
110 1345 368
111 424 346
112 2788 240
114 631 372
115 2783 271
115 2339 323
115 1361 423
115 385 401
116 1282 317
117 2681 363
117 317 377
117 178 396
118 631 374
119 209 354
120 2796 235
120 2494 261
120 1295 273
121 136 343
122 2612 255
122 2547 135
123 2001 250
123 1265 263
124 281 266
125 2591 275
125 2185 257
125 1265 296
126 338 312
127 916 319
128 258 418
128 916 343
129 258 389
130 196 300
131 1015 326
132 2351 403
132 1505 362
132 1307 391
133 2691 373
133 1579 335
133 1025 443
134 1706 369
135 1429 343
136 153 354
136 152 291
136 151 349
136 150 407
136 149 423
136 148 362
136 147 395
136 146 417
136 145 417
136 144 385
136 143 253
136 142 397
136 141 319
136 140 389
136 139 345
136 138 366
136 137 314
137 196 253
138 1847 358
139 2626 264
139 1775 270
140 2448 320
140 1258 360
141 733 109
142 1616 371
144 498 356
145 1616 392
146 461 337
146 800 420
147 154 325
148 1861 307
149 1783 308
150 1767 386
151 281 291
152 631 292
153 2398 339
154 175 223
154 174 180
154 173 216
154 172 251
154 171 199
154 170 247
154 169 233
154 168 193
154 167 328
154 166 234
154 165 284
154 164 193
154 163 312
154 162 330
154 161 278
154 160 271
154 159 277
154 158 276
154 157 261
154 156 266
154 155 262
155 828 323
156 2583 223
157 612 284
158 999 296
158 828 336
159 281 289
160 2398 325
161 1912 268
161 828 339
162 2779 364
162 1464 283
162 1184 312
163 1618 357
163 461 301
164 725 155
164 385 251
165 1847 346
166 281 246
167 2626 316
167 1861 342
168 709 192
169 338 273
170 385 304
171 2406 215
172 196 259
173 2398 270
174 1059 256
175 338 263
176 2226 297
177 178 311
178 193 263
178 192 407
178 191 343
178 190 369
178 189 362
178 188 401
178 187 339
178 186 365
178 185 384
178 184 347
178 183 361
178 182 365
178 181 308
178 180 365
178 179 284
179 2807 127
179 521 269
180 2598 342
182 1610 371
183 2169 375
183 2608 222
183 1265 324
184 2076 318
185 2591 327
185 1337 360
186 2076 336
187 2684 311
188 950 435
188 258 445
189 2406 334
189 1207 263
189 2211 366
190 1994 393
191 2302 260
192 1037 412
192 1025 445
192 1015 397
193 2676 126
194 362 265
195 1814 322
195 196 283
196 208 365
196 207 274
196 206 186
196 205 261
196 204 293
196 203 328
196 202 336
196 201 258
196 200 264
196 199 312
196 198 326
196 197 281
197 1803 323
198 2169 377
198 1604 392
199 2226 374
200 2320 305
201 2719 170
202 800 402
203 2735 298
203 1548 331
204 1604 360
205 765 254
206 2406 194
207 2684 283
207 1307 329
208 2211 405
208 1882 393
208 1586 358
208 1429 409
208 1345 425
208 461 346
208 631 427
208 424 400
209 227 282
209 226 343
209 225 275
209 224 273
209 223 343
209 222 369
209 221 344
209 220 308
209 219 212
209 218 331
209 217 322
209 216 249
209 215 244
209 214 207
209 213 357
209 212 309
209 211 294
209 210 233
210 631 261
211 751 259
212 999 289
213 2011 392
214 464 34
215 2744 58
216 2684 224
217 2251 231
217 1184 263
218 612 313
220 281 278
221 362 340
222 2001 322
222 424 369
223 2306 375
224 2715 150
224 2566 180
224 2418 140
225 242 108
226 2551 321
227 338 280
228 241 295
228 240 229
228 239 288
228 238 348
228 237 371
228 236 366
228 235 402
228 234 294
228 233 329
228 232 348
228 231 333
228 230 314
228 229 317
229 2637 198
229 2082 181
230 247 259
231 2723 200
232 1337 328
233 2712 253
235 2085 231
235 2684 378
235 2433 380
235 1861 375
235 1295 342
235 1337 382
235 668 318
235 472 326
235 317 386
235 296 431
236 2339 305
237 950 409
238 2223 249
238 2104 325
239 2303 91
239 1421 131
239 1468 271
239 1037 297
240 2162 118
241 2676 162
241 765 255
242 246 72
242 245 145
242 244 38
242 243 83
243 1187 221
244 1375 29
245 2649 246
246 1158 169
246 2024 184
247 256 197
247 255 195
247 254 322
247 253 288
247 252 161
247 251 266
247 250 148
247 249 342
247 248 224
248 2658 78
248 2191 268
249 2169 415
249 2011 433
249 1921 403
249 601 388
249 385 414
251 2467 322
251 1974 146
253 2313 270
253 1618 347
254 2606 296
254 1682 382
254 1604 410
254 1481 417
255 1158 181
256 552 86
257 1092 344
257 258 415
258 1868 429
258 1530 439
258 1529 410
258 1528 428
258 1527 404
258 1526 414
258 1415 321
258 1412 411
258 1408 426
258 1350 436
258 1119 392
258 879 450
258 878 444
258 877 375
258 876 391
258 875 417
258 874 364
258 873 374
258 872 375
258 871 415
258 870 417
258 869 372
258 868 375
258 867 403
258 866 377
258 865 413
258 864 372
258 863 429
258 862 395
258 861 428
258 860 421
258 859 353
258 858 429
258 857 403
258 856 347
258 855 366
258 854 380
258 853 329
258 852 397
258 706 455
258 705 454
258 697 419
258 382 393
258 359 431
258 347 410
258 285 411
258 280 432
258 279 451
258 278 425
258 277 423
258 276 381
258 275 414
258 274 378
258 273 418
258 272 275
258 271 369
258 270 389
258 269 408
258 268 340
258 267 443
258 266 441
258 265 311
258 264 399
258 263 387
258 262 393
258 261 404
258 260 353
258 259 265
259 1092 194
260 1462 162
261 972 280
262 2191 333
263 1406 372
264 2743 262
264 2191 340
264 1406 384
265 2557 282
266 2557 412
266 2743 304
266 2191 381
266 1406 426
267 828 415
268 2398 306
268 1307 314
269 1706 375
270 2770 271
271 1307 343
272 2800 110
272 1568 214
273 1429 381
273 1037 379
274 2398 344
274 828 350
275 2487 187
275 725 286
276 1682 337
277 2143 341
277 1754 388
277 1265 342
277 1015 369
278 1610 387
279 2752 265
279 2689 409
279 2357 391
279 1962 431
279 1767 409
279 1406 436
279 461 351
280 2691 356
280 1962 412
280 1481 423
281 295 303
281 294 282
281 293 305
281 292 250
281 291 341
281 290 349
281 289 293
281 288 198
281 287 304
281 286 360
281 285 333
281 284 205
281 283 263
281 282 249
282 828 299
282 338 278
283 1086 120
284 999 215
285 1962 391
285 1913 386
285 1868 340
286 1994 417
286 2253 393
286 2169 407
286 1618 394
286 1073 418
286 800 421
287 2306 366
287 631 363
287 1754 347
289 1297 349
290 2330 403
290 1258 377
291 1610 380
291 1073 400
291 1015 365
292 2516 213
292 2001 234
292 498 280
293 2674 361
294 2673 219
294 631 340
295 2398 346
296 2391 384
296 2390 423
296 2382 336
296 2249 353
296 1965 299
296 1769 399
296 662 376
296 315 396
296 314 377
296 313 315
296 312 348
296 311 381
296 310 417
296 309 346
296 308 317
296 307 387
296 306 421
296 305 390
296 304 432
296 303 417
296 302 363
296 301 408
296 300 347
296 299 417
296 298 274
296 297 439
297 2467 411
297 1481 450
297 502 423
297 916 383
299 950 426
300 2489 275
301 2011 415
302 502 347
303 1115 398
304 2688 382
304 916 377
304 385 420
305 2169 378
306 2414 396
306 2332 387
306 1345 419
306 461 340
307 2488 302
308 1794 143
308 552 123
309 2657 147
309 1727 209
310 2011 424
310 1207 292
311 502 365
312 1794 173
312 1406 352
313 2306 318
314 461 297
315 2708 335
316 1295 261
316 317 306
317 336 272
317 335 313
317 334 346
317 333 350
317 332 267
317 331 346
317 330 342
317 329 359
317 328 344
317 327 201
317 326 272
317 325 304
317 324 329
317 323 360
317 322 331
317 321 291
317 320 253
317 319 299
317 318 306
318 631 351
319 2082 179
319 1861 288
320 2162 157
320 1861 242
321 1861 280
322 2670 292
322 1839 379
323 2375 318
323 2166 329
323 1337 355
323 385 392
324 2695 266
324 1861 317
325 590 146
325 2298 244
325 2104 296
325 1794 174
325 1297 346
325 751 285
326 1861 261
327 2723 83
328 631 389
329 2231 401
330 1115 367
331 2054 347
331 1429 372
332 2082 147
332 557 219
333 1754 379
334 2583 277
334 1429 373
335 1468 312
336 2082 152
336 502 301
337 1361 300
337 338 261
338 361 339
338 360 320
338 359 382
338 358 361
338 357 335
338 356 334
338 355 277
338 354 351
338 353 392
338 352 354
338 351 285
338 350 283
338 349 266
338 348 367
338 347 361
338 346 261
338 345 242
338 344 276
338 343 383
338 342 393
338 341 335
338 340 359
338 339 304
339 2759 211
340 2266 376
341 2332 331
342 1282 417
343 385 401
344 2601 206
345 1282 266
348 2001 322
348 1184 309
348 1059 403
349 612 250
350 1265 252
351 498 286
352 1775 308
352 1994 383
353 2606 312
353 2544 275
353 2330 418
353 521 382
353 725 314
353 1548 363
353 1445 346
353 1092 371
353 1073 422
353 751 358
353 612 375
354 2043 381
354 1727 243
354 1207 255
354 1337 332
354 1187 324
355 1345 305
356 2532 359
357 828 356
358 385 378
360 2673 229
362 383 342
362 382 341
362 381 370
362 380 345
362 379 226
362 378 301
362 377 332
362 376 314
362 375 288
362 374 259
362 373 298
362 372 275
362 371 223
362 370 283
362 369 351
362 368 263
362 367 349
362 366 347
362 365 298
362 364 385
362 363 262
364 2457 244
364 2054 375
364 1429 400
364 1037 398
364 972 313
365 2054 288
366 2421 345
367 2775 192
367 2773 247
367 2133 318
367 2175 240
367 2699 323
367 1947 186
368 972 191
370 2661 151
371 2398 240
375 2548 254
375 2487 113
375 2448 251
377 2166 290
379 2660 37
379 1940 105
380 1337 329
380 972 273
381 843 406
381 972 298
383 1337 326
384 2532 320
384 385 312
385 2161 283
385 2160 372
385 2159 372
385 2099 381
385 2096 334
385 1717 403
385 1673 267
385 1662 369
385 1559 322
385 1254 335
385 1162 318
385 1132 408
385 1127 375
385 949 343
385 948 381
385 947 246
385 946 382
385 945 307
385 944 332
385 943 306
385 942 349
385 941 382
385 940 326
385 939 337
385 938 367
385 937 411
385 936 310
385 935 343
385 934 235
385 933 340
385 932 403
385 900 332
385 899 331
385 898 295
385 897 339
385 896 290
385 895 342
385 894 383
385 893 324
385 892 384
385 891 247
385 890 311
385 889 360
385 888 247
385 887 351
385 886 356
385 885 392
385 884 329
385 883 258
385 882 344
385 881 355
385 880 362
385 820 273
385 787 386
385 749 327
385 747 262
385 746 292
385 704 375
385 695 388
385 667 280
385 666 294
385 665 267
385 664 306
385 658 250
385 608 335
385 603 341
385 584 411
385 545 404
385 497 317
385 496 311
385 495 316
385 494 286
385 493 368
385 492 356
385 491 354
385 490 323
385 489 386
385 488 319
385 487 379
385 486 348
385 485 319
385 484 375
385 478 276
385 417 331
385 416 352
385 415 298
385 414 281
385 413 301
385 412 298
385 411 276
385 410 303
385 409 375
385 408 357
385 407 320
385 406 275
385 405 303
385 404 395
385 403 289
385 402 310
385 401 388
385 400 301
385 399 267
385 398 309
385 397 389
385 396 347
385 395 336
385 394 345
385 393 331
385 392 435
385 391 393
385 390 337
385 389 266
385 388 330
385 387 351
385 386 314
386 725 218
387 1187 307
388 2455 159
388 472 238
388 1187 286
389 461 198
390 1548 290
390 1708 307
390 2383 152
390 1187 293
390 1659 202
390 776 182
390 1337 300
390 1295 260
390 1160 238
390 461 268
390 472 244
391 2266 393
391 1295 317
392 2802 408
392 2771 330
392 2725 224
392 2266 435
392 2211 426
392 1429 429
392 631 447
393 1610 324
394 800 360
395 2758 196
395 1187 292
396 1297 357
397 2294 382
397 1682 377
397 1295 313
398 1659 174
398 1337 272
398 461 241
398 472 217
399 1297 276
400 2288 109
400 1406 318
401 950 409
402 1783 207
403 2601 200
404 2566 285
404 2516 311
404 534 409
405 2579 108
405 725 207
406 2506 87
407 1406 336
408 1307 362
409 2551 337
410 472 210
411 472 183
412 2687 122
412 725 202
412 472 205
413 1659 167
414 725 185
414 472 188
415 1659 163
415 472 205
416 472 260
417 2394 167
418 1994 361
418 1767 340
419 2752 74
420 2436 234
420 423 110
420 422 68
420 421 180
421 2681 286
422 2784 3
424 1881 258
424 434 231
424 433 359
424 432 265
424 431 370
424 430 379
424 429 374
424 428 330
424 427 268
424 426 357
424 425 299
425 1659 180
426 1345 383
427 776 129
428 2298 252
429 2357 361
429 1638 399
430 2253 381
430 1604 410
430 1845 274
431 1604 401
432 2457 119
433 1307 379
434 1421 72
435 2367 207
435 2294 396
435 2143 353
435 2089 373
435 1187 360
437 513 311
438 1913 361
439 1858 151
440 2187 304
440 1974 147
440 725 243
440 472 246
441 2143 281
442 800 354
443 1868 207
445 2801 345
445 2463 352
445 2320 398
446 1733 369
447 1207 158
448 1297 358
449 972 221
450 2211 399
450 1803 401
450 1638 419
450 1345 419
450 1025 434
451 2436 339
451 534 403
452 1962 372
452 1406 376
453 2211 284
454 460 204
454 459 277
454 458 199
454 457 276
454 456 228
454 455 195
455 1586 254
456 502 340
457 1586 334
458 1586 258
459 502 389
460 1187 276
461 1561 296
461 1558 232
461 1418 299
461 1133 244
461 1132 339
461 1131 218
461 1130 296
461 1129 194
461 1128 206
461 1127 307
461 1126 281
461 1125 280
461 1124 157
461 1123 184
461 1122 252
461 1121 223
461 1120 173
461 1119 292
461 1118 150
461 1117 219
461 1116 235
461 1115 361
461 1069 307
461 1066 280
461 1061 314
461 939 269
461 879 350
461 609 336
461 562 181
461 560 265
461 531 287
461 480 237
461 476 197
461 475 179
461 471 223
461 470 248
461 469 214
461 468 153
461 467 267
461 466 236
461 465 164
461 464 180
461 463 178
461 462 181
462 1295 173
462 1207 137
463 725 151
464 2282 107
464 1697 78
464 1470 87
464 1065 173
465 472 140
466 1798 216
469 472 190
470 1708 287
470 1337 280
470 472 224
471 2436 241
472 1953 179
472 1917 261
472 1827 209
472 1826 143
472 1736 248
472 1665 180
472 1658 138
472 1371 281
472 1242 157
472 1235 221
472 1171 155
472 1156 174
472 1130 271
472 1128 182
472 750 175
472 749 235
472 748 194
472 747 169
472 746 199
472 745 152
472 744 152
472 743 242
472 742 146
472 741 226
472 667 188
472 666 201
472 665 175
472 664 214
472 663 216
472 662 271
472 661 161
472 660 231
472 659 194
472 658 157
472 657 211
472 656 280
472 655 200
472 654 179
472 497 224
472 496 219
472 490 231
472 483 239
472 482 159
472 481 127
472 480 213
472 479 173
472 478 183
472 477 178
472 476 173
472 475 155
472 474 132
472 473 170
473 1297 272
474 2346 113
474 725 128
476 1659 131
476 1207 152
477 1295 194
479 1659 131
480 1618 293
481 1659 85
482 725 156
483 1754 327
484 1059 394
485 2633 214
486 1187 304
486 1092 309
487 2294 371
488 1059 338
489 2463 330
489 1059 405
491 2576 301
492 2621 245
492 534 370
493 1207 255
493 1015 345
494 2356 102
495 1659 182
498 2377 328
498 2376 302
498 2361 366
498 2358 328
498 2304 230
498 2177 221
498 2023 324
498 2022 302
498 2021 239
498 2020 379
498 2019 314
498 1941 292
498 1891 338
498 1886 365
498 1688 362
498 1530 391
498 1402 348
498 1257 327
498 1256 370
498 1255 237
498 1254 319
498 1253 368
498 1252 317
498 1251 321
498 1250 307
498 1249 240
498 1248 320
498 1247 214
498 1237 370
498 1209 290
498 1180 282
498 1151 354
498 1122 304
498 1077 302
498 1072 383
498 1031 369
498 840 302
498 593 257
498 564 334
498 501 293
498 500 313
498 499 338
499 1092 315
499 513 345
500 1505 306
501 2610 116
502 1114 347
502 1113 346
502 1112 333
502 1111 325
502 1110 327
502 1109 296
502 1108 360
502 1107 332
502 1106 230
502 931 319
502 925 340
502 921 340
502 787 382
502 771 379
502 512 359
502 511 384
502 510 320
502 509 375
502 508 254
502 507 367
502 506 314
502 505 358
502 504 347
502 503 374
503 1297 387
504 2631 177
504 590 161
504 2079 195
505 916 319
506 2467 302
507 916 327
508 1754 254
509 916 336
510 2557 327
511 2011 407
511 1783 284
512 2467 347
513 532 350
513 531 346
513 530 309
513 529 363
513 528 350
513 527 247
513 526 370
513 525 333
513 524 341
513 523 340
513 522 328
513 521 400
513 520 261
513 519 373
513 518 330
513 517 288
513 516 349
513 515 364
513 514 377
514 2421 363
515 1265 324
516 521 331
517 2394 133
518 521 312
519 521 355
520 521 242
521 2490 355
521 2371 286
521 2283 278
521 2282 269
521 2281 319
521 2280 270
521 2279 344
521 1969 222
521 1968 226
521 1967 268
521 1742 375
521 1448 329
521 1087 213
521 1057 318
521 873 316
521 780 269
521 532 332
521 529 345
521 528 331
521 527 229
521 526 352
521 525 315
521 524 323
521 523 322
521 522 310
526 2502 380
530 1337 282
533 2076 239
534 551 355
534 550 387
534 549 346
534 548 276
534 547 423
534 546 381
534 545 418
534 544 417
534 543 322
534 542 338
534 541 353
534 540 319
534 539 385
534 538 348
534 537 380
534 536 341
534 535 390
535 1952 335
535 736 321
536 828 330
537 2211 356
538 609 301
540 1505 282
541 2398 336
542 1335 125
543 2134 306
544 1548 356
544 2623 281
544 2448 346
544 1187 359
544 1882 381
544 800 418
545 2536 401
545 2129 360
545 1976 352
546 1618 354
546 1207 253
547 1952 368
547 1345 419
547 950 430
548 2801 199
548 2764 132
549 1604 349
550 2455 201
552 556 109
552 555 73
552 554 121
552 553 135
553 2436 267
553 795 189
554 1994 314
554 843 318
555 668 154
556 2240 165
557 575 261
557 574 190
557 573 245
557 572 229
557 571 177
557 570 259
557 569 180
557 568 312
557 567 240
557 566 173
557 565 271
557 564 271
557 563 189
557 562 169
557 561 171
557 560 253
557 559 198
557 558 154
558 795 106
559 2583 177
559 2563 217
559 2357 250
559 2162 150
559 1297 288
560 2746 297
560 1337 297
561 1790 65
563 1429 264
565 2612 281
565 1207 238
565 1912 283
565 1187 307
566 2529 58
567 1767 310
568 2398 389
568 1861 348
568 1307 397
568 1025 417
569 2526 63
570 1468 305
571 1468 223
572 2721 211
573 1667 208
574 2487 75
574 776 115
575 2563 280
576 2454 309
576 589 342
576 588 373
576 587 293
576 586 361
576 585 238
576 584 402
576 583 370
576 582 346
576 581 307
576 580 319
576 579 352
576 578 345
576 577 366
577 843 390
578 2355 339
578 1861 310
578 1464 250
579 2613 335
580 949 234
581 709 258
582 2398 352
583 2421 356
584 1616 398
584 2306 427
585 2320 238
586 1345 381
587 2547 112
588 2398 379
588 1638 393
589 2653 324
590 1515 92
590 599 57
590 598 98
590 597 38
590 596 79
590 595 51
590 594 67
590 593 84
590 592 39
590 591 127
591 2714 185
592 1335 30
593 2689 264
593 1638 284
593 1335 75
594 2181 129
595 1516 180
596 2082 116
596 776 114
597 2803 16
598 1579 204
599 2548 192
600 1994 375
601 2637 275
601 2579 216
601 2538 319
601 1764 285
601 611 288
601 610 344
601 609 378
601 608 309
601 607 328
601 606 315
601 605 342
601 604 321
601 603 315
601 602 335
602 2639 299
604 2627 245
604 2421 325
605 2489 309
606 1586 284
607 2617 207
608 2793 294
608 1659 201
608 2089 305
608 2527 192
608 725 240
608 751 284
609 2357 376
609 1638 415
609 1604 421
609 2475 246
609 2474 205
609 2419 285
609 2194 228
609 1195 266
609 1149 358
609 966 370
610 2406 329
610 2082 218
610 1976 319
611 1839 331
611 1803 307
611 1258 298
612 630 312
612 629 343
612 628 203
612 627 218
612 626 330
612 625 260
612 624 296
612 623 299
612 622 285
612 621 313
612 620 270
612 619 234
612 618 330
612 617 244
612 616 264
612 615 332
612 614 258
612 613 348
613 2355 367
614 1258 275
615 1258 349
616 1258 281
617 2631 104
617 1258 261
618 1258 347
619 1868 229
620 1295 227
620 1258 287
621 2732 212
621 2079 192
621 916 304
622 2724 239
623 631 345
624 1073 342
625 1073 306
626 1025 389
627 1790 66
627 1297 262
628 2631 63
629 2294 369
629 2089 347
630 2357 318
630 1207 233
630 828 349
631 2246 419
631 2245 334
631 2244 375
631 2243 407
631 2207 361
631 2103 372
631 2102 340
631 2091 422
631 2072 417
631 1942 292
631 1755 409
631 1679 330
631 1517 404
631 1391 381
631 1321 412
631 1256 399
631 1203 400
631 1046 363
631 835 405
631 832 390
631 830 325
631 815 402
631 785 314
631 723 379
631 653 326
631 652 319
631 651 351
631 650 348
631 649 396
631 648 415
631 647 384
631 646 391
631 645 367
631 644 365
631 643 397
631 642 378
631 641 318
631 640 273
631 639 386
631 638 413
631 637 383
631 636 373
631 635 366
631 634 364
631 633 314
631 632 305
632 1803 285
633 1015 279
634 725 256
634 1604 368
635 2320 344
636 2351 378
637 843 387
638 2662 355
638 1616 387
638 1187 357
639 2166 311
641 1741 319
642 2266 366
643 2127 269
643 972 292
645 765 298
646 1386 374
647 1568 343
648 2226 415
649 1741 397
650 2206 316
650 1803 328
651 2396 256
651 1790 152
652 972 215
653 2785 99
653 2356 129
654 1187 228
655 725 196
656 2697 351
656 1767 363
657 2368 203
659 2544 152
660 2625 208
661 1659 119
662 782 267
664 1659 172
664 725 211
666 1659 159
668 674 174
668 673 242
668 672 274
668 671 183
668 670 197
668 669 140
669 1059 260
670 2253 285
672 2652 318
672 2063 361
672 1839 391
672 1148 376
672 843 390
673 1059 362
674 1798 187
675 2781 281
676 2719 145
677 1375 116
678 1568 299
679 2606 290
680 2288 162
680 2637 219
680 2104 314
680 2082 202
680 1905 285
681 2226 282
682 2226 410
683 2226 386
683 1429 368
684 2772 124
685 2501 390
686 1335 119
687 782 229
688 2226 386
689 2226 288
690 2226 419
691 1337 306
692 2689 398
692 2162 280
692 2385 352
692 1187 364
692 800 423
693 751 300
694 2226 426
696 2166 338
696 1638 412
696 1307 406
697 2737 346
697 1754 384
697 1595 340
698 1913 384
699 1092 337
699 1708 346
699 1337 339
699 1187 332
699 1160 277
700 1767 313
701 2627 278
701 1025 407
702 2443 394
702 2043 404
703 2226 421
704 2750 341
705 2043 435
705 1868 383
705 1295 345
705 1406 439
707 2226 406
708 1913 393
708 1207 273
709 2649 298
709 2613 353
709 2001 317
709 1921 367
709 1568 350
709 724 259
709 723 309
709 722 235
709 721 282
709 720 231
709 719 249
709 718 232
709 717 255
709 716 277
709 715 303
709 714 246
709 713 233
709 712 261
709 711 350
709 710 188
710 2357 218
711 2674 418
711 2169 409
711 1337 372
711 1059 427
712 2197 286
713 2649 210
714 2294 296
715 1307 366
716 2639 272
717 2001 251
718 2591 220
719 2001 244
720 1568 260
721 2346 229
721 1148 341
722 999 257
723 2787 321
724 1861 273
725 1676 237
725 1675 140
725 1674 123
725 1673 172
725 1672 197
725 1671 203
725 1664 129
725 1660 154
725 1244 195
725 1243 163
725 1242 153
725 1241 166
725 1240 208
725 1239 142
725 1238 194
725 1237 291
725 1236 257
725 1235 218
725 1234 334
725 1233 129
725 1232 253
725 1231 177
725 1230 132
725 1229 130
725 1164 180
725 1129 167
725 1128 178
725 1120 146
725 947 150
725 943 210
725 939 241
725 938 271
725 935 247
725 897 243
725 890 215
725 884 233
725 746 196
725 731 170
725 730 157
725 729 131
725 728 215
725 727 173
725 726 246
726 2494 253
726 2332 320
727 2514 86
728 2681 265
728 999 274
728 733 113
729 2718 107
729 1375 35
730 2586 127
730 2487 57
731 1092 227
732 2024 175
733 734 65
734 2664 105
735 782 124
736 2448 324
736 740 298
736 739 277
736 738 282
736 737 318
737 1037 367
738 1767 328
739 2719 194
740 2532 361
741 2294 312
741 1912 251
741 1974 128
741 782 222
742 2758 99
742 1187 195
743 1708 304
743 1295 258
744 782 147
745 1659 109
745 1295 167
747 1516 201
748 1207 174
750 2346 156
750 1659 132
751 764 284
751 763 257
751 762 237
751 761 222
751 760 187
751 759 325
751 758 231
751 757 284
751 756 355
751 755 187
751 754 333
751 753 182
751 752 314
752 2054 335
752 1468 331
753 2741 102
754 2557 387
754 2502 386
754 1468 350
755 1847 242
756 2502 407
756 1638 417
757 1361 358
758 1861 239
759 1921 365
759 1638 387
760 2605 45
761 2522 180
762 1669 78
763 2748 225
764 1187 292
764 1913 343
765 2542 235
765 2541 178
765 2540 311
765 2539 197
765 2467 364
765 2452 281
765 2123 225
765 1393 188
765 1287 289
765 1261 243
765 930 231
765 927 249
765 772 181
765 771 327
765 770 298
765 769 248
765 768 273
765 767 330
765 766 255
766 916 269
767 2809 331
768 916 286
769 1160 206
770 2289 332
770 1586 298
771 1297 393
772 2703 36
773 1829 62
774 1158 154
774 1794 78
775 1829 67
776 1585 128
776 1443 128
776 1442 152
776 1441 117
776 1440 80
776 1439 172
776 1247 75
776 1006 124
776 779 175
776 778 83
776 777 143
777 2463 242
777 1976 246
777 1905 229
778 1086 48
779 2011 349
781 782 127
782 1912 273
782 910 138
782 909 190
782 908 171
782 907 150
782 906 200
782 905 292
782 904 190
782 903 238
782 902 174
782 901 234
782 844 257
782 793 205
782 792 213
782 791 302
782 790 277
782 789 161
782 788 151
782 787 289
782 786 156
782 785 205
782 784 196
782 783 215
783 1912 244
784 2104 253
786 1790 66
787 1839 402
790 1025 399
791 2085 211
791 2448 341
791 2355 383
791 2169 399
791 1912 331
791 2082 246
791 1741 412
791 800 414
792 2362 195
793 2288 109
793 843 317
794 1295 147
795 2133 257
795 798 130
795 797 107
795 796 210
796 2211 328
798 2514 75
799 828 381
799 800 393
800 827 384
800 826 414
800 825 417
800 824 361
800 823 405
800 822 397
800 821 378
800 820 289
800 819 411
800 818 424
800 817 402
800 816 343
800 815 405
800 814 401
800 813 392
800 812 341
800 811 415
800 810 347
800 809 386
800 808 404
800 807 414
800 806 283
800 805 396
800 804 395
800 803 437
800 802 428
800 801 400
801 1595 337
802 2508 355
802 1706 411
802 1579 330
802 1345 424
803 2663 318
803 2662 376
803 2532 429
803 2306 437
803 2089 391
803 2011 440
803 1025 447
804 2799 318
805 2069 389
805 1861 337
806 1861 224
807 2043 411
808 1297 398
809 828 374
810 2254 138
811 1297 408
812 2613 300
813 1861 333
814 1307 391
816 1059 346
817 2001 324
818 843 424
819 1994 407
819 1148 397
819 1037 388
820 2715 134
821 2478 280
822 2742 199
822 2720 279
822 2332 360
823 1618 377
824 2741 214
825 2502 402
825 1092 362
825 1337 365
826 2787 353
826 2143 348
827 1682 357
828 842 351
828 841 319
828 840 322
828 839 365
828 838 414
828 837 297
828 836 260
828 835 396
828 834 352
828 833 363
828 832 381
828 831 268
828 830 316
828 829 242
831 1345 275
833 1954 264
834 2398 346
837 2487 99
838 2355 395
839 2478 279
839 1708 332
840 950 340
840 2506 131
840 1207 206
841 1568 287
842 1568 319
842 1207 235
843 1898 343
843 1897 434
843 1896 385
843 1895 407
843 1894 405
843 1893 301
843 1892 401
843 1891 369
843 1890 363
843 1889 419
843 1888 393
843 1545 402
843 1456 359
843 937 426
843 851 393
843 850 343
843 849 425
843 848 379
843 847 414
843 846 370
843 845 391
843 844 369
844 2273 165
844 1604 370
845 950 397
846 1767 344
847 1345 409
849 2443 411
850 2125 127
851 1516 317
853 2328 234
854 1337 312
855 2793 293
855 1962 346
856 1092 277
857 2532 379
858 1912 330
858 1548 350
858 1406 414
859 2418 172
859 1092 283
860 1962 402
860 1868 351
861 1406 413
862 1092 325
863 1207 285
863 1921 386
863 1839 414
863 1814 388
863 1337 361
864 2247 260
865 2751 283
866 2206 326
867 2206 351
867 1638 382
867 1037 363
868 1868 304
869 1667 223
870 1092 347
871 2398 381
871 1295 307
872 2564 178
872 1767 334
874 2104 293
875 1912 318
876 1616 346
877 2206 324
877 1092 305
878 2089 382
878 2328 348
878 1295 335
878 1445 349
878 1059 431
879 2799 357
879 1406 435
879 2692 376
879 1861 375
879 1754 415
879 1295 342
880 1921 351
880 1568 333
881 1803 348
881 1295 279
882 2302 248
883 1659 123
885 1741 405
886 1361 378
887 1803 344
889 2089 330
889 1207 247
889 1187 316
892 2089 354
893 1847 328
894 1618 371
895 2011 361
895 1468 308
896 2455 118
897 2313 249
897 1187 295
897 1814 329
898 2175 165
899 1207 218
900 1659 197
900 1092 293
900 1974 140
900 1187 288
901 1295 254
901 1618 319
902 972 179
903 1429 329
904 1429 281
905 2560 328
905 2557 391
905 1708 359
905 1803 381
906 1912 229
907 1682 235
909 2612 217
910 1498 70
911 914 87
911 913 53
911 912 95
912 2011 325
913 1610 256
914 1798 210
915 2532 246
916 931 279
916 930 244
916 929 203
916 928 288
916 927 262
916 926 303
916 925 300
916 924 212
916 923 303
916 922 316
916 921 301
916 920 269
916 919 303
916 918 243
916 917 342
917 2294 378
918 2732 150
919 2467 330
920 1345 323
921 1845 225
922 1610 352
923 2467 331
926 2551 308
928 2745 238
928 2166 269
929 1861 203
930 2676 138
932 1803 396
933 1659 206
933 1148 342
936 1160 212
937 1059 430
938 2089 336
939 1803 329
940 2527 183
941 1282 388
942 1659 214
942 2455 177
942 1481 372
943 2383 121
943 2346 194
943 1912 238
943 1659 171
944 1207 220
944 1160 234
945 2698 177
946 1337 345
947 2527 103
947 2346 135
947 1207 133
948 2355 366
948 1921 369
948 1337 344
949 2730 183
949 2728 199
949 2611 203
949 2556 243
949 1935 215
950 1535 425
950 1426 271
950 1104 302
950 971 384
950 970 370
950 969 367
950 968 339
950 967 378
950 966 424
950 965 330
950 964 415
950 963 370
950 962 422
950 961 364
950 960 368
950 959 367
950 958 415
950 957 414
950 956 301
950 955 264
950 954 309
950 953 341
950 952 287
950 951 380
951 1905 290
952 1732 253
953 2085 132
953 2375 246
953 1682 308
954 1328 106
956 2139 87
957 1732 380
957 2692 350
957 2564 226
957 1345 403
958 2306 410
958 1794 231
959 2166 283
960 2745 253
961 1682 331
961 1386 338
962 1092 362
963 2253 336
963 2710 234
963 2443 351
963 1187 305
963 1337 312
963 1445 286
964 1876 242
964 1025 419
965 1505 285
966 2787 357
966 2557 406
966 1187 359
967 2598 321
968 1307 323
969 2676 196
969 2673 236
970 2532 356
970 2478 266
970 2024 278
971 1754 359
972 998 207
972 997 186
972 996 241
972 995 171
972 994 144
972 993 280
972 992 283
972 991 247
972 990 138
972 989 297
972 988 150
972 987 253
972 986 220
972 985 267
972 984 213
972 983 181
972 982 245
972 981 257
972 980 209
972 979 230
972 978 178
972 977 231
972 976 228
972 975 320
972 974 238
972 973 199
976 1610 313
977 2687 148
977 1361 345
980 1337 264
988 2185 154
989 2532 396
989 2001 326
989 1297 398
992 2247 294
992 1692 310
993 1037 364
999 1013 315
999 1012 348
999 1011 312
999 1010 339
999 1009 339
999 1008 230
999 1007 297
999 1006 243
999 1005 306
999 1004 259
999 1003 273
999 1002 307
999 1001 308
999 1000 228
1000 1282 271
1001 1307 350
1002 1505 320
1003 2089 279
1004 2751 197
1005 2406 301
1007 2398 331
1008 1307 272
1009 2776 314
1009 1994 387
1009 1265 327
1010 2043 388
1010 1295 299
1011 1092 309
1012 1265 335
1013 1345 362
1013 1604 368
1014 2506 115
1014 1207 191
1014 1015 281
1015 1024 362
1015 1023 300
1015 1022 337
1015 1021 339
1015 1020 347
1015 1019 335
1015 1018 287
1015 1017 346
1015 1016 339
1016 2753 230
1016 1754 357
1016 1265 312
1017 1754 364
1019 2398 355
1020 1845 250
1020 1754 365
1021 2746 325
1022 1025 385
1023 2780 241
1023 2712 230
1023 2406 281
1024 2166 322
1025 2312 402
1025 2311 301
1025 2310 436
1025 2243 420
1025 1620 425
1025 1609 412
1025 1368 445
1025 1356 364
1025 1080 413
1025 1036 387
1025 1035 348
1025 1034 344
1025 1033 433
1025 1032 364
1025 1031 411
1025 1030 441
1025 1029 464
1025 1028 321
1025 1027 432
1025 1026 376
1027 2069 415
1029 1481 461
1030 1616 401
1031 2721 288
1031 1861 342
1032 1265 289
1033 2697 385
1033 2351 425
1035 2211 313
1035 2063 308
1036 2547 171
1037 1058 351
1037 1057 338
1037 1056 337
1037 1055 326
1037 1054 240
1037 1053 363
1037 1052 271
1037 1051 264
1037 1050 368
1037 1049 370
1037 1048 394
1037 1047 287
1037 1046 343
1037 1045 361
1037 1044 309
1037 1043 326
1037 1042 377
1037 1041 319
1037 1040 383
1037 1039 359
1037 1038 333
1038 2465 255
1039 2644 312
1040 2398 387
1041 1184 251
1042 2670 314
1042 2069 394
1043 2313 243
1044 1803 309
1044 1669 106
1045 2695 274
1045 2398 366
1047 2719 157
1048 2054 371
1048 1586 344
1048 1429 396
1049 2519 319
1050 2211 366
1050 1783 272
1051 1429 265
1052 1803 271
1053 1361 393
1054 2375 173
1055 2211 324
1056 1905 276
1056 1861 301
1057 2162 217
1058 1646 341
1059 1072 418
1059 1071 350
1059 1070 441
1059 1069 395
1059 1068 430
1059 1067 413
1059 1066 367
1059 1065 380
1059 1064 370
1059 1063 301
1059 1062 332
1059 1061 401
1059 1060 392
1060 1847 377
1060 1505 350
1062 2673 205
1063 2725 71
1063 1652 288
1063 1954 187
1064 1682 339
1065 1295 285
1065 1882 339
1065 1861 318
1065 1618 349
1067 1708 365
1067 1682 382
1068 2792 369
1068 1783 308
1068 2532 419
1068 1913 418
1069 2206 356
1069 2433 338
1069 1337 339
1070 2738 263
1070 2699 376
1070 2551 384
1070 1921 410
1070 1847 426
1070 1361 444
1071 2421 309
1072 1307 404
1073 1085 413
1073 1084 391
1073 1083 377
1073 1082 377
1073 1081 372
1073 1080 400
1073 1079 340
1073 1078 402
1073 1077 331
1073 1076 298
1073 1075 330
1073 1074 375
1074 1604 379
1075 2697 296
1075 1847 322
1076 2063 272
1077 2663 216
1077 2505 115
1077 2346 208
1077 1160 220
1078 2653 363
1078 2104 349
1078 1921 378
1078 1847 393
1078 1604 406
1078 1207 276
1079 2764 199
1079 1345 339
1081 2206 340
1082 1994 376
1083 2191 336
1084 1429 373
1085 2689 391
1085 2396 319
1085 1706 399
1086 1753 50
1086 1091 79
1086 1090 40
1086 1089 67
1086 1088 46
1086 1087 50
1087 1445 177
1088 2162 107
1089 2305 69
1090 2388 28
1090 1579 147
1091 1562 199
1092 2258 278
1092 1973 301
1092 1972 256
1092 1971 223
1092 1721 202
1092 1715 315
1092 1675 197
1092 1662 330
1092 1532 261
1092 1132 369
1092 1130 325
1092 1102 267
1092 1101 310
1092 1100 219
1092 1099 330
1092 1098 308
1092 1097 349
1092 1096 307
1092 1095 257
1092 1094 335
1092 1093 322
1093 2662 316
1094 2502 375
1095 1548 249
1095 1207 183
1096 1659 212
1096 2544 212
1096 1187 303
1097 2206 368
1097 2418 238
1097 2406 346
1097 1361 410
1098 2328 283
1099 1882 347
1100 2583 157
1101 1659 214
1102 1295 229
1103 2011 294
1103 1667 158
1105 1158 165
1107 2394 172
1108 2488 291
1108 1733 341
1109 2253 287
1109 1638 310
1110 1148 332
1111 1604 345
1112 1187 293
1113 2396 268
1114 2414 338
1115 2324 367
1115 2221 358
1115 2118 369
1115 1818 359
1115 1718 340
1115 1463 315
1115 1314 414
1115 1219 404
1116 2505 100
1116 2143 253
1116 1160 205
1117 2741 156
1118 2555 3
1119 1868 321
1121 1187 247
1121 1160 192
1123 1468 219
1124 2741 93
1125 2398 345
1126 2351 367
1126 2404 218
1126 2169 351
1126 1468 316
1127 1548 328
1127 1847 379
1127 1659 241
1127 1481 398
1128 1783 171
1128 2383 89
1128 1295 197
1130 2357 336
1130 1337 327
1130 1207 251
1130 1481 387
1131 2319 193
1131 2357 258
1132 2603 344
1132 2351 425
1132 2206 388
1132 1912 340
1132 2011 427
1132 2043 420
1132 1337 371
1132 1207 295
1132 1733 384
1133 2247 231
1135 2187 374
1135 1638 419
1135 1337 372
1136 2130 124
1136 2673 222
1136 2069 340
1138 2079 156
1139 1265 210
1140 1429 354
1142 2211 296
1144 1158 173
1144 2569 199
1144 2529 64
1145 1158 172
1145 2459 61
1146 1386 334
1147 2476 70
1147 1876 70
1148 1732 425
1148 2191 410
1148 1706 436
1148 1767 428
1148 1155 351
1148 1154 379
1148 1153 358
1148 1152 307
1148 1151 371
1148 1150 389
1148 1149 392
1149 2691 346
1149 1638 401
1149 1604 407
1150 1741 402
1150 1345 399
1152 1839 322
1153 2191 328
1153 1421 182
1154 2143 327
1154 1905 309
1155 2294 343
1155 1328 168
1157 2298 133
1158 2685 208
1158 2646 250
1158 2531 148
1158 2504 237
1158 2395 188
1158 2300 166
1158 2283 220
1158 2120 153
1158 1876 199
1158 1609 300
1158 1515 196
1158 1450 172
1158 1362 331
1158 1178 311
1159 2612 166
1159 1667 119
1159 1375 45
1160 1183 273
1160 1182 178
1160 1181 204
1160 1180 200
1160 1179 158
1160 1178 298
1160 1177 271
1160 1176 205
1160 1175 179
1160 1174 243
1160 1173 202
1160 1172 122
1160 1171 149
1160 1170 247
1160 1169 158
1160 1168 128
1160 1167 186
1160 1166 181
1160 1165 270
1160 1164 177
1160 1163 230
1160 1162 219
1160 1161 176
1161 2575 100
1162 2773 195
1163 1798 240
1164 2346 164
1164 2606 178
1164 2505 72
1164 1912 208
1164 1337 239
1165 1861 325
1165 1733 345
1166 2773 156
1166 1861 236
1166 1858 130
1167 2773 162
1168 2505 23
1169 1207 144
1170 2443 348
1170 2346 234
1170 1207 233
1171 2383 63
1171 1295 171
1172 2575 47
1174 1295 265
1174 2063 328
1175 2346 166
1176 2448 247
1177 2803 158
1177 2705 251
1177 1882 348
1178 1618 385
1178 1913 404
1179 1708 227
1180 2421 276
1180 2134 297
1181 2793 262
1181 1659 168
1181 2506 115
1181 1727 178
1182 1337 240
1183 2653 346
1183 2536 369
1183 1798 284
1184 1186 268
1184 1185 245
1185 2465 234
1185 1882 298
1186 2647 259
1187 2554 204
1187 2257 211
1187 2256 348
1187 2255 212
1187 2208 279
1187 2161 239
1187 2136 258
1187 2029 345
1187 1838 295
1187 1837 242
1187 1836 250
1187 1835 311
1187 1834 242
1187 1833 367
1187 1782 208
1187 1781 310
1187 1780 310
1187 1736 296
1187 1547 305
1187 1546 334
1187 1420 259
1187 1402 321
1187 1383 251
1187 1235 270
1187 1208 271
1187 1206 318
1187 1205 370
1187 1204 325
1187 1203 344
1187 1202 336
1187 1201 381
1187 1200 245
1187 1199 321
1187 1198 317
1187 1197 284
1187 1196 330
1187 1195 255
1187 1194 307
1187 1193 305
1187 1192 293
1187 1191 345
1187 1190 218
1187 1189 266
1187 1188 312
1188 1618 344
1189 1345 321
1190 2758 122
1190 2328 198
1191 2557 391
1191 1638 399
1192 2710 222
1192 2603 273
1192 2404 205
1193 1548 302
1194 2516 267
1194 2289 328
1196 2689 364
1196 2644 319
1196 1652 379
1196 2613 348
1196 1646 357
1196 2557 376
1196 2537 304
1196 1638 384
1197 2686 188
1197 1861 285
1198 1646 344
1199 2043 378
1200 2089 259
1201 2601 337
1201 1994 436
1201 2043 438
1201 1962 437
1201 1803 417
1201 1481 448
1202 2689 370
1202 2532 387
1202 2191 351
1203 2557 390
1204 2557 371
1204 1921 357
1205 2779 391
1205 2253 401
1205 1803 406
1206 2557 364
1206 1921 350
1207 2382 211
1207 2381 196
1207 2348 162
1207 2327 180
1207 2260 235
1207 2249 228
1207 2248 172
1207 2239 251
1207 2209 194
1207 2198 132
1207 2149 160
1207 2027 132
1207 2021 143
1207 1959 152
1207 1955 229
1207 1828 226
1207 1827 188
1207 1826 123
1207 1792 107
1207 1671 186
1207 1664 112
1207 1663 238
1207 1622 231
1207 1560 212
1207 1493 230
1207 1488 123
1207 1373 123
1207 1240 191
1207 1238 176
1207 1235 201
1207 1216 223
1207 1215 171
1207 1214 214
1207 1213 264
1207 1212 207
1207 1211 290
1207 1210 142
1207 1209 193
1207 1208 202
1208 2758 175
1208 2483 243
1208 1548 268
1210 1337 218
1211 1568 374
1212 1295 243
1213 2598 342
1214 2134 325
1214 2627 224
1214 2357 299
1215 1345 294
1216 1882 313
1217 1847 360
1218 1505 269
1219 2699 366
1220 1775 231
1222 1505 270
1223 2418 124
1224 2791 158
1225 2750 303
1226 1548 338
1227 1638 390
1228 2313 289
1228 1604 396
1229 1659 91
1230 1659 93
1231 2346 161
1232 2715 209
1232 1652 354
1234 1337 393
1235 1783 210
1235 2627 210
1235 1659 179
1235 2520 147
1235 1708 284
1235 1912 246
1235 1337 277
1236 2433 315
1236 1682 341
1238 1337 253
1239 2383 53
1240 2197 270
1241 1783 159
1242 2383 64
1242 1659 114
1242 1295 172
1243 1659 124
1244 1659 156
1245 1790 33
1246 2670 180
1248 2211 327
1249 1337 219
1250 2710 208
1251 1708 308
1252 2169 335
1253 1962 396
1256 1429 381
1257 2715 204
1257 1708 313
1257 1548 296
1258 1263 339
1258 1262 361
1258 1261 283
1258 1260 299
1258 1259 291
1259 1505 284
1260 2743 211
1262 2569 318
1263 2663 253
1263 2670 285
1263 2652 299
1263 2601 267
1263 2471 218
1263 2134 353
1263 1406 372
1264 1610 372
1264 1265 330
1265 2608 236
1265 2185 299
1265 1281 307
1265 1280 263
1265 1279 295
1265 1278 296
1265 1277 226
1265 1276 314
1265 1275 221
1265 1274 321
1265 1273 231
1265 1272 243
1265 1271 265
1265 1270 303
1265 1269 221
1265 1268 310
1265 1267 344
1265 1266 307
1266 1783 253
1266 1568 327
1267 2069 402
1267 2670 323
1268 2185 270
1268 2134 357
1269 2684 229
1269 2253 257
1270 2406 311
1270 2001 290
1271 2197 281
1272 2608 141
1272 2185 204
1273 2370 89
1274 1839 386
1275 2608 119
1276 2745 270
1276 2608 211
1276 2489 303
1276 2392 264
1277 2744 72
1277 2185 186
1278 2489 286
1279 2253 331
1279 2197 311
1279 1921 333
1280 1659 177
1281 2001 294
1282 1294 320
1282 1293 369
1282 1292 380
1282 1291 417
1282 1290 264
1282 1289 302
1282 1288 379
1282 1287 352
1282 1286 289
1282 1285 330
1282 1284 419
1282 1283 312
1283 2719 168
1284 1618 401
1284 1610 406
1286 1954 187
1288 1767 363
1288 1345 384
1289 1361 318
1290 1328 76
1291 2253 398
1291 1706 409
1291 2089 381
1291 1921 400
1292 2787 329
1292 1468 340
1293 2433 325
1294 2691 270
1294 2342 241
1294 1708 284
1295 2554 171
1295 2553 237
1295 2437 267
1295 2295 259
1295 2150 173
1295 1955 265
1295 1871 223
1295 1869 275
1295 1637 302
1295 1636 299
1295 1635 312
1295 1634 278
1295 1633 246
1295 1632 249
1295 1631 283
1295 1630 332
1295 1629 256
1295 1628 292
1295 1627 259
1295 1626 252
1295 1598 239
1295 1561 287
1295 1559 245
1295 1457 191
1295 1345 371
1295 1296 162
1297 1304 380
1297 1303 372
1297 1302 304
1297 1301 351
1297 1300 283
1297 1299 369
1297 1298 385
1298 2328 312
1299 1921 348
1301 1803 334
1302 2677 251
1303 2436 313
1304 1604 388
1305 2794 272
1305 2536 338
1306 1733 286
1307 1327 336
1307 1326 293
1307 1325 354
1307 1324 384
1307 1323 292
1307 1322 362
1307 1321 405
1307 1320 372
1307 1319 301
1307 1318 403
1307 1317 394
1307 1316 277
1307 1315 340
1307 1314 427
1307 1313 378
1307 1312 375
1307 1311 399
1307 1310 321
1307 1309 344
1307 1308 379
1308 2557 376
1308 1962 385
1308 1839 390
1309 2001 277
1310 2677 273
1311 1732 381
1311 2330 402
1311 1882 371
1312 1754 366
1313 2489 313
1313 2253 360
1314 2206 401
1315 2414 321
1316 1505 249
1317 2674 398
1318 2398 395
1318 2011 417
1318 1337 362
1319 2001 233
1320 2206 347
1321 2211 390
1321 1445 336
1322 2563 295
1323 1345 297
1324 2443 381
1325 1921 337
1325 1839 364
1325 1568 319
1325 1505 325
1326 1775 224
1327 1361 353
1328 1334 57
1328 1333 119
1328 1332 64
1328 1331 90
1328 1330 73
1328 1329 91
1329 1505 249
1330 1976 203
1331 2104 232
1332 2743 140
1332 2536 243
1333 2569 241
1333 1562 231
1334 2794 169
1335 1336 37
1336 1337 199
1337 2248 249
1337 2218 267
1337 2217 189
1337 2183 338
1337 2053 353
1337 1920 258
1337 1919 319
1337 1918 356
1337 1917 317
1337 1891 317
1337 1719 324
1337 1707 284
1337 1706 398
1337 1705 220
1337 1704 204
1337 1703 330
1337 1702 296
1337 1701 327
1337 1700 322
1337 1699 322
1337 1666 307
1337 1665 235
1337 1663 314
1337 1630 372
1337 1559 285
1337 1556 239
1337 1547 312
1337 1546 341
1337 1545 350
1337 1544 284
1337 1543 307
1337 1542 208
1337 1541 314
1337 1540 308
1337 1539 209
1337 1538 198
1337 1537 197
1337 1536 296
1337 1535 367
1337 1534 332
1337 1530 371
1337 1520 312
1337 1507 255
1337 1420 266
1337 1344 289
1337 1343 296
1337 1342 304
1337 1341 244
1337 1340 343
1337 1339 316
1337 1338 289
1338 1839 342
1339 2688 315
1340 2231 389
1341 1727 155
1342 1814 330
1343 2653 307
1344 2211 316
1345 2231 457
1345 1604 464
1345 2565 371
1345 2444 409
1345 2238 413
1345 2236 398
1345 1760 370
1345 1722 323
1345 1360 344
1345 1359 348
1345 1358 387
1345 1357 390
1345 1356 349
1345 1355 417
1345 1354 373
1345 1353 262
1345 1352 359
1345 1351 311
1345 1350 415
1345 1349 316
1345 1348 332
1345 1347 374
1345 1346 377
1346 1516 306
1347 2298 271
1348 2692 278
1349 2754 170
1350 1732 391
1350 1406 421
1351 2761 134
1352 1361 371
1353 1462 92
1354 1361 385
1355 1913 413
1355 1638 417
1357 2794 310
1357 2368 278
1357 2306 395
1357 1913 386
1358 2647 292
1358 1445 313
1359 2649 256
1360 2692 290
1360 1424 150
1361 1374 308
1361 1373 258
1361 1372 399
1361 1371 396
1361 1370 411
1361 1369 404
1361 1368 441
1361 1367 353
1361 1366 316
1361 1365 396
1361 1364 436
1361 1363 390
1361 1362 440
1362 1962 429
1363 1706 366
1364 2278 308
1364 2277 368
1364 2276 345
1364 2275 296
1364 2274 212
1364 1902 271
1364 1776 236
1364 1534 345
1364 1442 283
1364 1413 365
1365 1692 309
1366 2284 96
1367 2288 138
1367 1682 318
1369 2688 344
1370 1604 405
1370 1861 345
1371 2253 361
1371 2089 343
1371 1913 381
1372 2253 364
1374 2729 143
1375 1385 82
1375 1384 40
1375 1383 104
1375 1382 48
1375 1381 72
1375 1380 134
1375 1379 155
1375 1378 79
1375 1377 62
1375 1376 95
1376 2738 127
1376 1954 190
1376 1794 124
1376 1682 274
1377 2288 61
1377 2162 125
1378 2421 248
1379 2605 153
1379 2443 349
1379 1618 334
1380 1962 338
1381 2738 105
1381 1954 168
1381 1794 101
1382 2461 120
1384 2195 68
1385 2606 176
1385 2627 170
1386 1405 280
1386 1404 311
1386 1403 332
1386 1402 360
1386 1401 381
1386 1400 353
1386 1399 387
1386 1398 281
1386 1397 374
1386 1396 292
1386 1395 281
1386 1394 342
1386 1393 240
1386 1392 334
1386 1391 364
1386 1390 342
1386 1389 253
1386 1388 356
1386 1387 302
1387 2471 169
1387 1905 238
1388 1741 374
1390 2692 303
1392 2289 316
1394 2385 290
1395 2785 71
1395 2385 230
1396 2522 203
1397 2385 322
1398 2385 230
1399 2684 350
1399 2508 334
1399 2320 382
1400 2298 265
1401 2716 291
1401 2398 383
1402 2560 304
1402 1912 297
1403 2169 337
1404 2385 259
1405 2388 82
1406 1663 367
1406 1555 410
1406 1419 292
1406 1418 384
1406 1417 312
1406 1416 307
1406 1415 306
1406 1414 383
1406 1413 405
1406 1412 396
1406 1411 314
1406 1410 351
1406 1409 300
1406 1408 411
1406 1407 384
1407 2557 370
1409 2658 66
1410 2421 312
1411 2564 131
1413 2043 402
1413 1595 341
1414 2104 326
1416 2633 185
1416 1708 261
1417 1798 208
1418 1708 338
1419 2288 83
1421 1578 67
1421 1577 106
1421 1576 71
1421 1534 194
1422 2195 62
1422 1876 74
1423 1618 278
1424 2679 70
1424 2641 127
1424 1428 128
1424 1427 125
1424 1426 67
1424 1425 64
1425 2079 91
1426 2421 227
1427 2642 289
1428 2398 308
1429 1438 314
1429 1437 391
1429 1436 348
1429 1435 382
1429 1434 338
1429 1433 378
1429 1432 354
1429 1431 283
1429 1430 345
1430 2054 320
1431 1767 279
1432 1912 293
1433 2532 391
1434 2069 353
1434 1505 321
1435 2332 366
1436 1706 352
1437 1610 389
1438 2769 244
1438 2563 258
1439 2398 323
1440 2448 178
1441 2206 252
1442 2298 214
1442 1912 239
1443 2644 229
1444 1445 207
1445 1461 292
1445 1460 193
1445 1459 260
1445 1458 225
1445 1457 204
1445 1456 280
1445 1455 173
1445 1454 244
1445 1453 239
1445 1452 248
1445 1451 297
1445 1450 195
1445 1449 190
1445 1448 293
1445 1447 246
1445 1446 232
1446 2548 241
1447 2414 296
1447 2332 288
1450 2139 66
1451 2626 291
1451 2191 333
1452 1962 323
1453 1790 116
1454 2362 192
1454 1876 155
1457 2302 171
1459 2697 302
1459 1876 172
1459 2305 136
1460 2288 64
1461 2436 306
1462 1463 163
1464 1467 233
1464 1466 183
1464 1465 198
1465 2724 221
1466 2751 189
1466 1839 303
1467 2463 282
1468 1480 278
1468 1479 253
1468 1478 257
1468 1477 348
1468 1476 343
1468 1475 259
1468 1474 331
1468 1473 263
1468 1472 274
1468 1471 238
1468 1470 242
1468 1469 277
1469 2082 159
1471 1976 220
1472 2698 178
1473 2054 266
1474 2169 366
1474 1868 326
1475 2054 263
1475 1481 316
1476 2743 272
1476 2698 248
1476 2520 211
1476 2247 297
1476 2191 349
1476 2079 222
1477 2211 373
1478 1974 99
1479 2612 217
1479 1876 135
1480 2505 109
1481 1497 402
1481 1496 434
1481 1495 399
1481 1494 435
1481 1493 365
1481 1492 441
1481 1491 433
1481 1490 289
1481 1489 418
1481 1488 259
1481 1487 343
1481 1486 390
1481 1485 361
1481 1484 432
1481 1483 438
1481 1482 383
1482 1876 208
1482 1562 291
1483 2642 396
1483 1646 398
1483 1708 385
1484 2306 425
1485 2653 312
1485 2342 265
1486 2718 247
1486 2063 353
1487 1913 327
1489 1921 384
1490 1921 254
1491 1921 398
1492 1839 434
1494 2043 425
1495 2169 377
1495 2134 374
1495 1962 388
1497 2206 359
1497 1912 311
1498 2596 70
1498 2595 120
1498 2012 186
1498 1880 66
1498 1560 160
1498 1547 184
1498 1503 188
1498 1502 143
1498 1501 57
1498 1500 95
1498 1499 238
1499 2211 394
1499 1610 397
1500 2457 99
1500 2162 132
1501 2288 30
1501 1790 36
1501 2134 220
1502 2351 326
1503 1638 363
1504 2253 317
1505 1514 326
1505 1513 291
1505 1512 240
1505 1511 297
1505 1510 256
1505 1509 324
1505 1508 250
1505 1507 268
1505 1506 291
1506 2653 288
1508 2001 211
1509 2001 285
1510 2739 141
1511 2756 187
1512 2808 63
1513 1595 267
1514 2330 358
1515 1876 130
1515 1579 198
1515 1516 221
1516 1525 263
1516 1524 179
1516 1523 254
1516 1522 227
1516 1521 262
1516 1520 288
1516 1519 196
1516 1518 208
1516 1517 331
1517 2689 382
1517 2351 409
1518 2394 105
1519 1790 69
1519 1829 100
1520 2328 285
1521 2024 252
1522 1579 204
1523 2689 304
1523 2185 225
1525 2394 160
1525 1814 314
1526 2720 280
1526 2557 385
1526 2119 219
1526 1839 398
1527 1861 329
1527 1868 333
1528 1882 375
1528 1610 390
1529 2691 334
1529 2134 376
1529 2043 391
1529 1708 348
1530 2691 363
1530 1962 419
1530 1868 368
1531 2011 329
1532 1912 232
1533 2663 147
1533 1659 115
1534 2693 273
1534 2362 254
1534 2306 385
1535 2716 309
1535 2714 272
1535 2448 347
1535 1708 374
1535 1682 392
1545 2612 317
1545 2606 289
1545 2330 395
1546 2743 272
1546 1913 385
1546 1548 331
1547 2613 323
1548 2656 313
1548 2655 303
1548 2437 296
1548 1856 311
1548 1690 312
1548 1622 297
1548 1561 317
1548 1560 278
1548 1559 275
1548 1558 253
1548 1557 277
1548 1556 228
1548 1555 346
1548 1554 306
1548 1553 322
1548 1552 319
1548 1551 232
1548 1550 278
1548 1549 323
1549 1618 358
1550 2758 185
1551 2342 206
1552 1733 343
1553 2644 314
1553 2206 349
1553 1733 345
1554 2612 283
1554 1912 285
1555 1962 405
1557 1912 256
1558 1783 197
1559 2606 224
1559 2089 292
1559 2506 134
1559 1708 292
1560 1912 257
1561 2302 268
1561 2346 253
1561 1912 296
1561 1618 352
1561 1727 239
1561 1733 341
1561 1708 334
1562 1566 288
1562 1565 181
1562 1564 167
1562 1563 266
1563 2063 321
1563 1882 313
1565 1708 220
1566 2561 203
1566 2011 376
1567 2695 188
1568 1638 419
1568 1575 322
1568 1574 316
1568 1573 238
1568 1572 243
1568 1571 325
1568 1570 311
1568 1569 320
1569 2063 335
1570 2406 299
1571 2253 341
1571 2613 328
1572 2375 198
1574 2649 263
1575 2796 236
1575 2302 255
1576 1952 204
1577 2351 298
1578 2127 126
1579 1585 200
1579 1584 203
1579 1583 237
1579 1582 159
1579 1581 285
1579 1580 199
1580 2463 226
1581 2569 308
1583 2483 249
1583 1618 309
1583 1595 273
1584 2396 205
1586 1594 316
1586 1593 324
1586 1592 331
1586 1591 297
1586 1590 188
1586 1589 317
1586 1588 320
1586 1587 304
1587 2076 319
1588 2076 335
1588 1976 325
1589 2598 339
1589 2716 279
1591 2769 278
1591 2418 204
1591 1962 366
1592 2536 385
1593 2421 358
1593 2076 339
1594 2735 293
1594 2686 233
1595 1603 283
1595 1602 266
1595 1601 310
1595 1600 223
1595 1599 181
1595 1598 267
1595 1597 318
1595 1596 218
1597 2342 294
1598 1783 212
1599 2139 37
1600 1790 85
1601 2722 245
1602 2143 263
1603 2799 269
1604 2039 329
1604 2038 374
1604 2037 410
1604 2036 394
1604 2035 399
1604 2034 360
1604 1985 411
1604 1873 311
1604 1865 343
1604 1864 326
1604 1844 287
1604 1755 414
1604 1687 420
1604 1609 403
1604 1608 378
1604 1607 359
1604 1606 357
1604 1605 361
1605 2197 311
1606 2777 255
1606 1861 297
1607 2566 233
1608 2650 229
1608 1839 377
1609 2692 343
1609 2305 198
1610 1617 307
1610 1616 416
1610 1615 383
1610 1614 264
1610 1613 388
1610 1612 364
1610 1611 219
1611 1692 161
1612 2621 260
1612 1618 359
1613 1839 411
1614 2777 185
1615 2211 381
1616 2611 283
1616 2281 333
1616 2033 327
1617 2166 251
1618 2578 264
1618 2440 296
1618 2379 367
1618 2101 332
1618 2100 358
1618 1909 321
1618 1886 369
1618 1817 378
1618 1625 370
1618 1624 407
1618 1623 365
1618 1622 332
1618 1621 351
1618 1620 388
1618 1619 249
1619 2527 118
1619 1708 231
1621 1912 296
1621 2544 228
1621 1882 341
1622 2606 246
1622 2383 159
1622 1708 314
1623 2519 319
1624 2770 332
1624 2726 378
1625 2406 341
1626 2289 306
1627 2089 306
1628 1803 361
1629 1882 311
1630 1732 396
1630 2627 305
1630 2351 426
1630 1706 406
1630 1994 420
1631 2658 142
1631 2302 263
1631 1912 292
1631 2583 258
1631 1708 330
1633 2697 301
1633 2288 130
1634 1767 345
1635 2792 347
1635 1814 379
1636 1652 381
1637 2043 391
1638 2537 378
1638 1657 348
1638 1656 285
1638 1655 293
1638 1654 372
1638 1653 430
1638 1652 453
1638 1651 357
1638 1650 331
1638 1649 368
1638 1648 357
1638 1647 359
1638 1646 431
1638 1645 411
1638 1644 261
1638 1643 342
1638 1642 291
1638 1641 276
1638 1640 411
1638 1639 344
1639 2457 172
1639 2187 299
1640 2206 381
1640 2043 414
1640 1814 391
1641 2001 203
1642 2273 91
1643 2421 309
1644 2443 252
1645 2351 418
1646 2562 356
1646 2277 375
1646 2203 329
1647 1912 281
1648 2752 192
1649 2613 331
1651 2089 317
1652 2644 388
1652 2537 373
1652 2632 362
1652 2565 366
1652 2558 371
1652 2341 349
1652 2231 452
1652 1742 408
1653 2133 367
1653 2418 269
1653 2231 429
1653 2169 420
1653 2024 349
1653 1741 433
1654 2724 281
1654 2677 318
1655 2063 269
1656 1754 271
1657 2169 338
1658 1659 96
1659 2624 182
1659 2604 216
1659 2533 204
1659 2297 104
1659 2205 166
1659 2204 84
1659 1715 219
1659 1666 209
1659 1665 137
1659 1664 90
1659 1663 216
1659 1662 234
1659 1661 202
1659 1660 115
1661 2253 324
1661 2197 304
1662 2586 243
1662 1921 357
1662 1803 361
1667 1668 134
1668 2368 151
1669 1670 116
1670 2689 317
1672 2691 248
1676 2143 282
1677 2574 163
1678 1798 202
1679 2790 145
1679 2613 292
1679 2253 305
1680 1952 306
1680 1913 354
1681 1861 196
1682 1814 415
1682 1996 227
1682 1914 372
1682 1896 358
1682 1822 218
1682 1807 330
1682 1796 314
1682 1702 320
1682 1691 299
1682 1690 346
1682 1689 353
1682 1688 366
1682 1687 391
1682 1686 288
1682 1685 291
1682 1684 410
1682 1683 312
1683 2798 159
1684 2557 425
1684 2532 430
1684 2406 381
1684 2330 431
1685 2715 164
1686 2544 165
1688 2532 386
1689 1814 356
1690 2253 345
1690 2169 360
1691 2346 200
1692 1698 169
1692 1697 202
1692 1696 198
1692 1695 241
1692 1694 261
1692 1693 179
1694 1954 230
1695 2211 296
1696 2357 234
1696 2289 240
1698 2079 78
1699 2501 343
1700 1708 329
1701 2247 283
1703 1912 299
1704 2383 55
1706 2793 394
1706 2627 332
1706 2606 337
1706 1814 425
1706 2118 374
1706 2117 350
1706 2116 299
1706 2115 341
1706 2114 270
1706 2113 334
1706 2112 335
1706 2111 333
1706 2110 316
1706 2109 378
1706 2108 358
1707 2627 218
1708 2619 321
1708 2618 224
1708 2381 279
1708 2297 209
1708 1945 264
1708 1813 355
1708 1785 319
1708 1732 394
1708 1728 259
1708 1720 305
1708 1719 331
1708 1718 318
1708 1717 374
1708 1716 254
1708 1715 324
1708 1714 302
1708 1713 290
1708 1712 311
1708 1711 271
1708 1710 334
1708 1709 292
1709 2666 234
1709 2433 284
1710 2231 373
1711 2663 198
1711 2682 82
1711 2346 189
1711 1868 261
1712 2606 243
1713 1861 277
1714 2746 295
1716 2623 163
1717 2483 332
1717 2478 321
1717 2226 415
1717 2089 373
1718 2804 149
1718 1882 325
1719 2133 308
1720 2760 184
1721 2687 65
1722 2721 214
1722 2076 270
1723 2024 148
1724 2457 101
1725 2104 196
1726 2162 105
1727 2008 180
1727 2007 150
1727 1856 232
1727 1843 229
1727 1732 299
1727 1731 241
1727 1730 106
1727 1729 103
1727 1728 164
1729 2710 113
1730 2544 97
1731 2488 294
1731 2436 317
1731 1814 356
1732 2506 236
1732 2726 383
1732 2298 331
1732 1733 401
1732 2431 276
1732 2117 340
1732 2111 322
1732 2083 288
1732 2036 365
1732 1983 332
1733 1737 378
1733 1736 317
1733 1735 257
1733 1734 226
1734 2803 37
1734 2388 47
1734 2139 57
1736 2129 296
1736 1905 272
1737 2197 367
1737 2024 330
1738 2253 246
1739 1882 244
1740 2076 225
1741 1752 408
1741 1751 383
1741 1750 334
1741 1749 359
1741 1748 372
1741 1747 419
1741 1746 414
1741 1745 384
1741 1744 328
1741 1743 390
1741 1742 416
1742 2631 229
1743 2197 343
1744 2712 222
1745 2169 372
1746 2741 269
1746 2583 299
1746 2436 351
1747 2727 275
1748 2557 362
1749 2527 203
1749 1882 323
1750 2522 227
1751 2455 198
1752 2169 395
1754 1763 294
1754 1762 345
1754 1761 403
1754 1760 356
1754 1759 382
1754 1758 285
1754 1757 386
1754 1756 329
1754 1755 393
1755 2777 312
1756 2748 249
1756 2608 181
1757 2536 388
1757 2508 333
1758 1861 245
1759 2355 370
1761 2465 321
1762 2639 286
1763 2206 277
1764 2191 284
1764 1905 243
1765 2684 215
1766 2650 135
1767 1779 320
1767 1778 293
1767 1777 308
1767 1776 250
1767 1775 364
1767 1774 293
1767 1773 300
1767 1772 337
1767 1771 353
1767 1770 344
1767 1769 377
1767 1768 297
1768 2211 297
1770 2684 313
1771 2076 321
1772 2691 302
1772 1861 303
1773 2586 184
1775 2082 221
1775 2454 255
1775 2453 244
1775 2452 275
1775 2451 203
1775 2361 319
1775 2323 167
1775 2201 198
1775 2132 263
1775 1936 287
1777 2197 284
1778 2673 194
1779 1783 226
1779 1994 341
1780 1868 315
1781 2742 172
1781 2206 334
1781 2575 179
1781 1882 332
1782 2695 157
1783 2462 125
1783 2402 153
1783 2327 190
1783 1787 221
1783 1786 183
1783 1785 245
1783 1784 202
1784 2211 296
1785 2076 306
1787 2211 315
1788 2284 29
1789 1882 215
1790 2709 107
1790 2259 34
1790 2122 40
1790 1949 120
1790 1899 51
1790 1793 34
1790 1792 34
1790 1791 41
1791 1829 71
1793 2162 92
1794 1796 164
1794 1795 71
1795 2346 122
1795 2682 15
1795 2623 112
1796 2563 264
1796 1814 316
1797 2011 352
1798 1802 255
1798 1801 265
1798 1800 202
1798 1799 141
1800 2254 96
1801 2330 361
1801 1861 309
1802 2288 150
1802 1952 302
1803 1813 377
1803 1812 331
1803 1811 374
1803 1810 298
1803 1809 246
1803 1808 253
1803 1807 335
1803 1806 378
1803 1805 354
1803 1804 388
1804 2398 392
1805 2289 339
1806 1882 363
1806 1839 401
1809 2506 66
1810 2197 272
1811 1882 359
1812 2069 347
1814 1821 341
1814 1820 279
1814 1819 359
1814 1818 356
1814 1817 380
1814 1816 266
1814 1815 329
1815 1882 317
1816 2652 219
1819 2501 353
1819 2461 249
1820 2471 151
1821 2133 299
1821 2129 307
1823 2079 117
1824 2708 182
1825 2445 59
1828 2653 313
1828 2011 358
1829 1832 62
1829 1831 111
1829 1830 141
1830 2666 210
1831 2303 54
1832 2085 31
1833 2750 376
1833 2527 268
1833 2313 321
1834 2555 70
1835 2750 321
1835 2253 342
1835 2505 152
1837 2253 272
1838 1912 271
1839 1843 371
1839 1842 376
1839 1841 397
1839 1840 275
1840 2691 215
1841 2737 338
1842 1994 372
1842 1921 349
1842 1861 317
1843 2206 335
1843 1912 287
1846 2708 223
1847 1857 347
1847 1856 362
1847 1855 283
1847 1854 369
1847 1853 366
1847 1852 325
1847 1851 414
1847 1850 323
1847 1849 331
1847 1848 383
1848 2601 291
1849 2502 328
1850 2063 305
1851 2355 395
1852 2404 189
1853 2339 285
1854 1952 324
1855 2774 82
1856 2613 332
1857 2506 155
1857 2253 330
1857 1905 274
1858 1859 178
1859 2718 208
1859 2355 312
1860 2738 101
1860 2082 108
1860 2024 189
1861 1904 225
1861 1903 250
1861 1902 251
1861 1901 215
1861 1900 320
1861 1867 238
1861 1866 315
1861 1865 283
1861 1864 266
1861 1863 211
1861 1862 201
1862 2398 242
1863 2741 123
1864 2746 272
1864 2522 216
1865 2777 242
1866 2320 349
1867 2463 226
1868 1872 304
1868 1871 261
1868 1870 295
1868 1869 312
1869 2346 240
1869 1962 363
1870 1962 345
1871 2520 134
1872 2211 333
1873 2769 218
1874 2766 98
1874 2681 265
1874 2660 102
1875 2166 242
1876 2596 83
1876 1881 121
1876 1880 80
1876 1879 82
1876 1878 148
1876 1877 115
1877 2743 162
1878 1881 136
1878 2226 312
1879 2119 70
1879 1881 70
1879 2104 194
1881 2638 168
1881 2230 133
1881 2018 72
1881 1957 96
1881 1955 178
1882 1993 262
1882 1992 266
1882 1886 359
1882 1885 334
1882 1884 319
1882 1883 306
1883 2436 279
1884 2574 205
1885 2328 292
1886 2743 275
1886 2714 249
1886 2483 309
1886 2478 298
1887 2501 254
1887 1962 282
1888 2666 290
1889 2166 341
1889 1994 414
1890 2642 329
1891 1974 163
1891 2471 216
1891 2548 299
1892 2231 394
1893 2792 243
1894 2069 398
1894 1940 248
1895 2532 400
1895 2406 351
1897 2043 431
1898 2195 164
1899 2598 202
1899 2561 83
1899 2362 123
1899 2139 45
1900 2043 377
1901 2605 65
1903 2773 171
1903 1921 282
1904 2206 249
1905 1912 301
1905 1911 162
1905 1910 327
1905 1909 265
1905 1908 244
1905 1907 323
1905 1906 194
1906 2421 240
1907 2467 376
1908 2676 163
1910 2735 316
1910 2289 373
1910 2079 240
1911 2082 79
1912 2612 300
1912 2438 250
1912 2366 268
1912 2158 256
1912 2157 288
1912 2156 222
1912 2155 174
1912 2154 229
1912 2151 269
1912 2150 182
1912 2149 205
1912 2090 318
1912 1955 274
1913 1916 318
1913 1915 379
1913 1914 391
1915 2357 344
1917 2133 301
1917 2129 310
1918 2799 331
1918 2253 380
1918 1921 381
1919 2043 368
1920 2302 198
1921 1939 302
1921 1938 341
1921 1937 320
1921 1936 339
1921 1935 298
1921 1934 349
1921 1933 274
1921 1932 345
1921 1931 365
1921 1930 344
1921 1929 233
1921 1928 344
1921 1927 282
1921 1926 340
1921 1925 263
1921 1924 376
1921 1923 319
1921 1922 326
1922 2166 275
1923 2001 268
1924 2414 375
1924 2332 366
1924 2054 357
1925 2169 276
1926 2185 263
1927 2349 117
1928 2187 321
1929 2687 69
1930 2206 335
1931 2414 364
1931 2357 349
1931 2332 355
1931 2187 343
1932 2613 330
1932 2253 343
1933 2489 226
1934 2737 318
1937 2557 334
1938 2253 339
1939 2708 265
1940 1946 120
1940 1945 153
1940 1944 200
1940 1943 124
1940 1942 138
1940 1941 167
1943 2772 106
1943 2564 99
1943 2448 208
1944 2536 339
1946 2760 111
1946 2660 52
1947 1952 213
1947 1951 62
1947 1950 115
1947 1949 123
1947 1948 75
1948 2247 178
1949 2502 308
1950 2699 252
1951 2461 126
1952 2216 308
1952 2215 248
1952 2214 303
1952 2106 313
1953 2644 217
1954 1958 262
1954 1957 165
1954 1956 149
1954 1955 246
1955 2544 207
1955 2089 312
1956 2119 81
1958 2617 211
1958 2011 377
1959 2206 245
1960 2266 290
1961 2716 137
1962 1966 383
1962 1965 299
1962 1964 363
1962 1963 369
1963 2723 207
1964 2134 349
1966 2328 307
1970 2406 234
1971 2346 150
1973 2516 257
1973 2143 289
1974 2296 59
1974 2210 55
1974 1975 61
1975 2357 224
1976 1991 188
1976 1990 257
1976 1989 258
1976 1988 317
1976 1987 246
1976 1986 322
1976 1985 342
1976 1984 233
1976 1983 294
1976 1982 183
1976 1981 303
1976 1980 319
1976 1979 286
1976 1978 292
1976 1977 294
1977 2684 305
1978 2807 174
1978 2794 275
1979 2807 167
1979 2794 268
1979 2536 335
1980 2536 368
1981 2689 345
1981 2522 262
1982 2735 155
1982 2684 194
1984 2805 116
1985 2794 325
1985 2754 258
1985 2536 391
1986 2536 371
1987 2794 229
1988 2747 258
1988 2536 366
1989 2414 297
1990 2807 138
1991 2536 237
1992 2660 78
1993 2627 181
1994 2556 348
1994 2417 355
1994 2361 394
1994 2016 415
1994 1999 355
1994 1998 422
1994 1997 318
1994 1996 250
1994 1995 406
1995 2076 353
1997 2351 324
1998 2527 268
1999 2753 212
2000 2439 229
2001 2006 312
2001 2005 228
2001 2004 289
2001 2003 301
2001 2002 243
2002 2566 196
2003 2253 350
2004 2206 331
2005 2406 250
2005 2143 240
2006 2557 377
2006 2375 301
2007 2197 242
2008 2551 267
2009 2010 156
2010 2166 260
2011 2062 241
2011 2061 342
2011 2060 394
2011 2059 389
2011 2045 388
2011 2037 413
2011 2017 360
2011 2016 424
2011 2015 356
2011 2014 240
2011 2013 339
2011 2012 371
2013 2206 299
2015 2561 182
2017 2561 187
2019 2673 221
2020 2502 396
2022 2357 291
2022 2606 221
2023 2406 299
2024 2033 270
2024 2032 154
2024 2031 202
2024 2030 280
2024 2029 318
2024 2028 156
2024 2027 174
2024 2026 273
2024 2025 215
2025 2526 88
2026 2414 331
2028 2738 67
2030 2621 240
2030 2551 313
2031 2623 152
2032 2617 78
2034 2780 263
2034 2712 251
2036 2467 362
2036 2079 222
2038 2253 345
2038 2206 338
2039 2516 229
2040 2414 326
2040 2332 318
2041 2639 248
2042 2298 224
2043 2053 402
2043 2052 362
2043 2051 411
2043 2050 353
2043 2049 353
2043 2048 376
2043 2047 318
2043 2046 427
2043 2045 382
2043 2044 403
2044 2563 329
2046 2076 372
2047 2714 174
2048 2134 361
2049 2396 259
2050 2797 184
2051 2652 342
2051 2548 344
2051 2443 401
2052 2649 268
2054 2055 270
2055 2725 90
2056 2667 174
2057 2058 33
2058 2804 39
2059 2069 379
2060 2253 362
2061 2605 129
2061 2175 193
2063 2068 352
2063 2067 269
2063 2066 234
2063 2065 381
2063 2064 318
2064 2298 239
2064 2289 309
2065 2735 315
2065 2626 326
2066 2626 179
2067 2664 126
2068 2375 292
2069 2473 345
2069 2075 362
2069 2074 312
2069 2073 363
2069 2072 414
2069 2071 304
2069 2070 394
2070 2463 329
2071 2467 279
2073 2082 202
2074 2129 259
2075 2732 217
2076 2078 263
2076 2077 317
2077 2266 360
2078 2532 312
2079 2226 293
2079 2081 177
2079 2080 192
2080 2743 242
2080 2191 320
2081 2745 239
2082 2088 96
2082 2087 197
2082 2086 236
2082 2085 97
2082 2084 114
2082 2083 149
2086 2653 363
2086 2612 319
2086 2330 397
2087 2768 295
2088 2461 129
2088 2459 51
2089 2521 342
2089 2159 342
2089 2099 351
2089 2098 329
2089 2097 350
2089 2096 304
2089 2095 332
2089 2094 263
2089 2093 307
2089 2092 218
2089 2091 380
2089 2090 355
2090 2662 339
2090 2455 213
2091 2501 394
2091 2414 397
2091 2294 403
2092 2191 220
2093 2516 253
2094 2368 192
2095 2332 340
2097 2253 367
2097 2351 398
2098 2302 263
2100 2639 308
2101 2181 215
2102 2718 208
2103 2398 357
2104 2577 369
2104 2365 296
2104 2222 305
2104 2221 326
2104 2220 224
2104 2219 270
2104 2112 297
2104 2107 271
2104 2106 314
2104 2105 197
2107 2790 137
2109 2756 246
2109 2598 344
2109 2288 188
2109 2421 357
2110 2759 208
2113 2716 241
2113 2569 276
2114 2388 71
2115 2421 320
2116 2169 302
2119 2543 100
2119 2241 87
2119 2124 74
2119 2123 118
2119 2122 63
2119 2121 108
2119 2120 75
2122 2162 99
2122 2305 39
2122 2139 35
2124 2288 46
2125 2126 111
2126 2421 290
2127 2128 237
2128 2266 352
2129 2133 341
2129 2132 283
2129 2131 212
2129 2130 186
2133 2446 242
2134 2654 331
2134 2562 371
2134 2266 434
2134 2138 395
2134 2137 327
2134 2136 300
2134 2135 306
2135 2787 263
2137 2313 239
2138 2560 336
2138 2226 409
2139 2141 85
2139 2140 54
2140 2191 217
2141 2560 216
2141 2488 205
2142 2769 255
2142 2143 280
2143 2148 242
2143 2147 245
2143 2146 317
2143 2145 321
2143 2144 313
2144 2483 292
2144 2169 365
2145 2792 330
2146 2681 322
2147 2406 255
2148 2742 111
2151 2302 240
2152 2803 27
2153 2708 197
2154 2471 159
2155 2436 191
2156 2346 178
2157 2606 258
2158 2240 198
2159 2793 331
2160 2302 276
2160 2351 390
2162 2528 190
2162 2458 91
2162 2430 218
2162 2389 108
2162 2165 107
2162 2164 195
2162 2163 190
2163 2532 326
2164 2357 296
2166 2168 283
2166 2167 258
2167 2508 264
2168 2617 199
2169 2174 343
2169 2173 327
2169 2172 368
2169 2171 325
2169 2170 365
2170 2697 342
2171 2505 121
2172 2563 305
2172 2231 376
2173 2722 213
2174 2674 351
2175 2180 160
2175 2179 100
2175 2178 189
2175 2177 108
2175 2176 158
2176 2455 116
2178 2501 303
2179 2459 32
2180 2699 243
2180 2226 302
2181 2184 91
2181 2183 246
2181 2182 97
2185 2186 221
2186 2613 283
2187 2190 304
2187 2189 302
2187 2188 230
2188 2693 168
2189 2406 295
2190 2508 280
2191 2194 232
2191 2193 319
2191 2192 361
2192 2576 337
2193 2797 191
2193 2768 293
2195 2196 153
2196 2483 244
2197 2203 313
2197 2202 276
2197 2201 227
2197 2200 245
2197 2199 305
2197 2198 211
2199 2612 268
2202 2406 269
2203 2777 261
2205 2346 189
2206 2571 340
2206 2434 301
2206 2210 226
2206 2209 287
2206 2208 303
2206 2207 329
2207 2737 306
2208 2720 221
2211 2213 217
2211 2212 256
2213 2716 132
2214 2463 288
2215 2342 216
2216 2727 219
2217 2383 40
2218 2610 109
2219 2288 117
2220 2394 100
2222 2613 319
2223 2225 158
2223 2224 225
2224 2289 318
2225 2527 131
2225 2313 184
2226 2230 308
2226 2229 365
2226 2228 396
2226 2227 339
2227 2328 263
2228 2699 337
2229 2673 244
2230 2421 274
2231 2239 373
2231 2238 411
2231 2237 299
2231 2236 396
2231 2235 332
2231 2234 390
2231 2233 344
2231 2232 350
2232 2406 299
2233 2406 294
2234 2306 397
2235 2800 190
2235 2494 235
2237 2476 138
2238 2306 418
2240 2242 145
2240 2241 125
2242 2620 77
2244 2743 257
2245 2406 280
2246 2266 407
2249 2758 201
2249 2527 198
2250 2443 273
2251 2252 243
2252 2670 279
2252 2461 231
2253 2690 332
2253 2354 338
2253 2279 358
2253 2260 335
2255 2751 157
2256 2443 394
2256 2388 190
2257 2786 49
2258 2516 233
2259 2288 28
2261 2753 142
2262 2406 254
2263 2720 196
2263 2692 255
2264 2357 266
2265 2483 181
2266 2272 395
2266 2271 324
2266 2270 330
2266 2269 345
2266 2268 393
2266 2267 367
2267 2661 215
2268 2398 390
2269 2733 207
2269 2289 323
2270 2661 178
2272 2532 403
2274 2708 187
2275 2677 276
2276 2439 365
2277 2294 385
2278 2298 239
2281 2506 158
2284 2286 23
2284 2285 31
2285 2356 45
2287 2288 111
2288 2602 128
2288 2582 29
2289 2293 333
2289 2292 216
2289 2291 323
2289 2290 278
2290 2306 317
2291 2346 234
2292 2418 88
2293 2769 280
2293 2306 372
2294 2296 243
2294 2295 329
2297 2773 116
2297 2527 96
2298 2302 248
2298 2301 252
2298 2300 160
2298 2299 216
2299 2697 287
2301 2603 281
2302 2704 174
2302 2607 164
2303 2304 33
2306 2309 395
2306 2308 328
2306 2307 407
2307 2689 381
2308 2753 181
2309 2576 326
2310 2737 368
2311 2681 229
2313 2319 254
2313 2318 215
2313 2317 281
2313 2316 131
2313 2315 233
2313 2314 206
2314 2319 202
2315 2746 286
2316 2658 3
2317 2319 277
2318 2319 211
2319 2707 195
2320 2326 344
2320 2325 333
2320 2324 366
2320 2323 221
2320 2322 368
2320 2321 382
2321 2385 335
2322 2351 395
2325 2398 339
2326 2414 340
2326 2332 332
2327 2346 182
2328 2360 237
2328 2359 235
2328 2329 161
2329 2693 129
2330 2331 354
2332 2337 329
2332 2336 324
2332 2335 328
2332 2334 348
2332 2333 273
2333 2547 105
2334 2532 377
2335 2414 337
2336 2414 332
2337 2414 337
2338 2626 167
2338 2339 159
2339 2341 265
2339 2340 285
2340 2609 271
2342 2345 225
2342 2344 289
2342 2343 222
2343 2644 241
2344 2674 372
2345 2478 215
2346 2348 164
2346 2347 133
2347 2786 39
2347 2527 102
2349 2350 124
2350 2532 308
2351 2589 375
2351 2523 249
2351 2384 250
2351 2354 369
2351 2353 354
2351 2352 367
2352 2564 183
2352 2398 346
2353 2677 293
2353 2668 174
2353 2406 296
2354 2738 192
2354 2459 154
2357 2358 316
2359 2745 205
2360 2465 215
2361 2684 342
2362 2366 221
2362 2365 222
2362 2364 193
2362 2363 226
2363 2433 303
2364 2436 258
2369 2689 278
2369 2370 96
2370 2374 60
2370 2373 53
2370 2372 75
2370 2371 121
2371 2764 184
2372 2769 191
2373 2639 183
2374 2639 189
2376 2721 220
2377 2591 274
2378 2457 62
2381 2758 169
2383 2384 48
2385 2387 319
2385 2386 307
2386 2770 276
2386 2448 306
2387 2781 285
2390 2697 389
2391 2563 310
2392 2393 244
2393 2478 260
2394 2395 110
2397 2747 207
2397 2398 314
2398 2401 271
2398 2400 287
2398 2399 381
2399 2489 324
2400 2747 180
2401 2804 76
2403 2795 135
2404 2405 212
2405 2502 344
2406 2413 261
2406 2412 291
2406 2411 298
2406 2410 342
2406 2409 290
2406 2408 273
2406 2407 303
2407 2780 263
2408 2793 274
2408 2537 245
2409 2693 235
2409 2674 340
2410 2609 292
2411 2639 276
2412 2759 221
2412 2756 198
2412 2744 129
2413 2668 140
2414 2417 331
2414 2416 337
2414 2415 221
2415 2790 61
2416 2794 281
2417 2723 194
2417 2522 251
2418 2420 100
2418 2419 167
2420 2800 117
2421 2432 289
2421 2431 267
2421 2430 323
2421 2429 296
2421 2428 338
2421 2427 253
2421 2426 304
2421 2425 298
2421 2424 277
2421 2423 351
2421 2422 341
2422 2689 354
2423 2716 279
2425 2746 284
2426 2445 164
2428 2727 231
2428 2667 261
2429 2574 182
2432 2729 169
2432 2708 263
2433 2434 283
2435 2778 182
2435 2443 345
2435 2436 294
2438 2684 277
2439 2441 385
2439 2440 305
2441 2463 332
2442 2687 159
2442 2680 196
2442 2443 337
2443 2444 401
2445 2447 73
2445 2446 131
2447 2605 42
2448 2450 177
2448 2449 189
2450 2476 82
2453 2708 258
2454 2782 182
2454 2527 175
2455 2456 91
2456 2529 67
2457 2458 59
2459 2462 31
2459 2461 120
2459 2460 24
2460 2529 26
2461 2501 302
2463 2464 221
2464 2623 155
2466 2516 182
2467 2470 377
2467 2469 363
2467 2468 346
2468 2746 325
2469 2591 309
2470 2801 330
2470 2688 355
2471 2711 129
2471 2473 199
2471 2472 142
2472 2586 155
2475 2772 120
2475 2658 61
2476 2477 72
2477 2778 63
2478 2483 282
2478 2486 145
2478 2485 242
2478 2484 208
2478 2482 210
2478 2481 214
2478 2480 188
2478 2479 228
2479 2483 239
2480 2739 132
2481 2483 225
2482 2483 220
2483 2486 156
2483 2485 253
2483 2484 219
2489 2492 285
2489 2491 286
2489 2490 322
2491 2783 216
2492 2508 287
2493 2705 125
2494 2498 235
2494 2497 167
2494 2496 263
2494 2495 259
2495 2737 305
2496 2598 316
2497 2733 117
2498 2721 226
2499 2680 104
2500 2772 145
2501 2695 326
2501 2580 298
2501 2524 344
2502 2504 324
2502 2503 346
2503 2710 230
2503 2527 202
2506 2507 52
2507 2673 131
2508 2513 283
2508 2512 262
2508 2511 242
2508 2510 201
2508 2509 350
2509 2806 379
2510 2739 119
2511 2661 147
2512 2739 181
2513 2612 270
2515 2520 57
2516 2518 257
2516 2517 244
2517 2639 265
2518 2750 306
2520 2521 206
2521 2770 285
2521 2551 335
2522 2525 211
2522 2524 266
2522 2523 138
2525 2721 206
2528 2745 225
2529 2531 39
2529 2530 115
2530 2788 212
2532 2535 360
2532 2534 376
2532 2533 346
2534 2708 320
2535 2591 282
2537 2538 276
2539 2676 104
2540 2768 313
2541 2703 33
2542 2761 126
2543 2569 203
2544 2545 163
2545 2667 198
2546 2765 49
2548 2652 325
2548 2550 279
2548 2549 258
2549 2652 256
2550 2652 277
2551 2552 234
2552 2606 174
2553 2743 208
2557 2559 346
2557 2558 368
2559 2769 268
2559 2689 334
2562 2750 339
2566 2568 159
2566 2567 193
2567 2781 212
2568 2693 172
2569 2573 221
2569 2572 260
2569 2571 299
2569 2570 304
2570 2639 301
2577 2674 418
2579 2582 26
2579 2581 119
2579 2580 119
2581 2667 215
2583 2585 166
2583 2584 223
2584 2699 278
2586 2588 128
2586 2587 131
2587 2653 231
2588 2649 172
2589 2722 244
2590 2800 146
2590 2591 210
2591 2594 236
2591 2593 285
2591 2592 248
2592 2677 275
2593 2776 293
2594 2800 172
2595 2612 215
2597 2716 238
2597 2642 314
2597 2598 297
2598 2643 305
2598 2600 352
2598 2599 311
2599 2642 328
2600 2642 368
2602 2749 192
2603 2604 287
2606 2690 248
2606 2607 163
2613 2644 357
2613 2615 209
2613 2614 263
2614 2644 234
2616 2784 2
2618 2629 36
2619 2787 305
2621 2622 148
2622 2790 85
2624 2741 185
2627 2628 156
2628 2743 154
2629 2630 94
2630 2809 256
2632 2716 261
2633 2635 134
2633 2634 116
2634 2718 102
2636 2802 388
2636 2637 281
2638 2776 271
2638 2763 201
2639 2641 247
2639 2640 221
2640 2764 154
2642 2643 322
2644 2645 185
2646 2684 295
2647 2648 215
2648 2791 172
2650 2651 103
2653 2654 307
2655 2681 304
2656 2662 315
2658 2659 59
2659 2771 172
2662 2663 288
2664 2665 150
2665 2748 224
2668 2669 96
2669 2798 93
2670 2672 246
2670 2671 185
2671 2688 217
2672 2741 185
2675 2769 168
2675 2676 95
2677 2678 281
2678 2780 244
2679 2715 114
2683 2767 107
2684 2685 254
2689 2734 316
2689 2690 335
2692 2694 266
2692 2693 298
2693 2731 234
2694 2800 176
2695 2696 183
2696 2698 148
2699 2701 196
2699 2700 332
2700 2771 274
2704 2775 92
2705 2706 147
2706 2743 160
2708 2709 245
2710 2711 152
2712 2713 200
2716 2717 174
2717 2755 59
2727 2728 163
2729 2730 135
2731 2769 253
2733 2734 187
2735 2736 251
2736 2795 195
2740 2742 63
2756 2757 169
2757 2764 173
2788 2789 202
2789 2799 239
