2125 3551
1 6
1 5
1 4
1 3
1 2
2 2044
5 709
7 1858
7 360
7 538
7 31
7 24
7 8
8 23
8 22
8 21
8 20
8 19
8 18
8 17
8 16
8 15
8 14
8 13
8 12
8 11
8 10
8 9
9 1504
9 126
10 1061
11 941
12 1612
12 1095
13 1504
13 98
13 194
14 126
15 98
16 1034
16 641
17 360
17 538
18 31
19 44
20 98
21 24
22 416
23 941
23 31
24 1566
24 1417
24 1416
24 1415
24 1414
24 1144
24 1106
24 1047
24 807
24 758
24 757
24 756
24 755
24 754
24 753
24 752
24 751
24 750
24 749
24 748
24 747
24 731
24 713
24 689
24 603
24 601
24 556
24 533
24 485
24 484
24 483
24 482
24 481
24 480
24 409
24 359
24 351
24 328
24 319
24 272
24 266
24 264
24 255
24 220
24 219
24 189
24 178
24 113
24 79
24 30
24 29
24 28
24 27
24 26
24 25
25 126
26 1740
27 902
29 941
30 153
31 1861
31 1787
31 1615
31 924
31 564
31 514
31 513
31 512
31 511
31 510
31 509
31 508
31 507
31 506
31 505
31 504
31 503
31 502
31 501
31 499
31 462
31 426
31 419
31 418
31 321
31 320
31 319
31 318
31 317
31 316
31 315
31 314
31 313
31 312
31 311
31 310
31 309
31 304
31 282
31 261
31 260
31 259
31 258
31 257
31 256
31 255
31 254
31 253
31 252
31 251
31 250
31 249
31 248
31 247
31 246
31 245
31 244
31 243
31 242
31 241
31 240
31 239
31 193
31 192
31 191
31 190
31 182
31 113
31 101
31 100
31 95
31 94
31 93
31 92
31 91
31 90
31 89
31 88
31 87
31 86
31 85
31 84
31 83
31 82
31 81
31 80
31 79
31 75
31 74
31 73
31 72
31 71
31 70
31 69
31 68
31 67
31 48
31 41
31 40
31 39
31 38
31 37
31 36
31 35
31 34
31 33
31 32
32 1817
34 1336
34 416
35 1923
36 1903
36 1819
36 1676
36 974
36 345
37 1034
38 1447
38 1134
39 538
40 1888
40 1644
40 591
40 433
40 360
40 345
41 902
42 43
44 67
44 66
44 65
44 64
44 63
44 62
44 61
44 60
44 59
44 58
44 57
44 56
44 55
44 54
44 53
44 52
44 51
44 50
44 49
44 48
44 47
44 46
44 45
45 1140
46 1748
46 1205
47 1937
48 487
49 1906
50 1504
50 1034
50 487
50 360
50 126
51 1994
52 1682
53 98
54 1858
55 674
56 126
57 1393
58 222
59 126
60 98
61 177
62 1847
62 1670
63 526
64 674
65 1550
66 126
66 345
67 177
68 1670
68 345
69 1116
69 1266
69 1022
69 360
69 538
70 1406
71 1034
71 360
72 810
73 563
74 345
75 902
75 563
76 2109
77 78
78 526
79 1901
80 770
80 360
80 139
81 345
82 1326
82 1071
83 98
84 2033
85 941
86 433
87 345
88 941
89 902
90 487
91 1077
92 1574
92 902
93 2118
93 1860
94 1323
94 416
95 177
96 1799
97 791
98 344
98 343
98 342
98 341
98 340
98 339
98 338
98 337
98 336
98 335
98 334
98 333
98 332
98 331
98 330
98 329
98 328
98 327
98 326
98 325
98 324
98 313
98 273
98 265
98 239
98 117
98 116
98 115
98 114
98 113
98 112
98 111
98 110
98 109
98 108
98 107
98 106
98 105
98 104
98 103
98 102
98 101
98 100
98 99
99 1034
100 1676
100 1580
103 1795
104 825
105 416
106 416
107 2120
107 1447
107 360
107 538
108 126
109 1860
109 1670
110 126
111 2080
111 1071
112 1888
113 126
114 1266
114 1071
114 1041
114 402
114 126
115 1266
115 1071
116 871
117 1211
117 1077
118 125
118 124
118 123
118 122
118 121
118 120
118 119
119 1345
120 200
121 2089
122 2004
125 2081
125 1459
125 1378
126 739
126 738
126 737
126 736
126 735
126 734
126 733
126 732
126 731
126 730
126 666
126 608
126 607
126 606
126 605
126 604
126 603
126 602
126 601
126 600
126 599
126 598
126 597
126 596
126 536
126 512
126 481
126 348
126 331
126 324
126 308
126 307
126 306
126 305
126 304
126 303
126 302
126 301
126 300
126 299
126 298
126 297
126 296
126 295
126 294
126 289
126 284
126 283
126 282
126 281
126 280
126 279
126 278
126 277
126 276
126 275
126 274
126 273
126 272
126 271
126 270
126 269
126 268
126 267
126 266
126 265
126 264
126 263
126 262
126 261
126 248
126 144
126 138
126 137
126 136
126 135
126 134
126 133
126 132
126 131
126 130
126 129
126 128
126 127
127 194
128 1670
129 2082
130 1740
131 641
131 194
132 2054
133 1906
133 1090
134 1034
135 954
136 1022
137 2091
137 416
138 153
139 1433
139 1109
139 957
139 937
139 772
139 698
139 147
139 146
139 145
139 144
139 143
139 142
139 141
139 140
140 1034
141 177
142 360
143 1642
143 1447
145 1326
146 1326
147 345
148 1028
149 152
149 151
149 150
150 784
151 1595
152 1469
153 169
153 168
153 167
153 166
153 165
153 164
153 163
153 162
153 161
153 160
153 159
153 158
153 157
153 156
153 155
153 154
154 1854
154 954
155 825
156 2099
157 402
158 1854
158 674
159 487
160 1991
161 641
162 538
163 222
164 1071
164 416
165 1790
166 1499
167 2057
168 715
169 715
170 1318
171 1951
171 1345
172 1965
173 175
173 174
174 2023
175 1519
176 1628
176 1627
177 1479
177 1446
177 1395
177 1329
177 1278
177 931
177 553
177 390
177 353
177 187
177 186
177 185
177 184
177 183
177 182
177 181
177 180
177 179
177 178
178 1530
178 1499
179 1745
179 1539
179 1879
179 1315
180 912
180 487
181 1211
182 1326
182 1211
182 487
183 825
184 345
185 1041
185 222
186 2026
187 345
188 1737
190 285
191 1728
192 1179
193 1423
194 199
194 198
194 197
194 196
194 195
195 402
196 1854
197 825
199 1925
200 207
200 206
200 205
200 204
200 203
200 202
200 201
201 1345
202 709
203 1186
204 2115
205 1186
206 1320
207 1805
208 2090
209 791
210 211
211 1595
212 213
214 1176
214 515
215 795
216 238
217 1257
218 1228
218 974
221 2037
221 1597
221 784
222 1133
222 1132
222 1131
222 1130
222 1129
222 1128
222 1127
222 1126
222 1083
222 942
222 906
222 676
222 653
222 649
222 556
222 514
222 339
222 291
222 237
222 236
222 235
222 234
222 233
222 232
222 231
222 230
222 229
222 228
222 227
222 226
222 225
222 224
222 223
223 433
224 1134
225 674
226 1266
227 1854
227 454
228 782
229 454
230 1670
230 285
231 1994
232 954
233 1041
234 2076
234 1447
235 1942
236 531
237 1937
239 345
240 345
241 563
242 563
243 715
244 1580
244 1107
245 345
246 538
247 1539
249 487
250 2080
251 345
251 1791
251 1336
253 1539
254 345
254 1116
256 538
257 1522
258 1652
258 1107
259 1475
259 1336
259 345
259 360
261 1539
261 1447
261 1116
261 1041
261 345
262 487
263 954
264 1858
264 1315
264 1140
264 954
264 360
265 285
267 1071
268 1676
268 1554
268 1472
269 1134
270 2118
271 1871
272 1315
273 1530
273 1134
274 1140
274 538
275 1860
276 1266
276 1179
277 1927
277 1336
278 538
278 531
279 1748
280 563
281 871
283 1550
283 1504
284 1670
285 293
285 292
285 291
285 290
285 289
285 288
285 287
285 286
286 1740
287 402
288 1746
290 1554
290 715
290 454
292 538
293 674
294 1034
295 1071
296 2120
297 360
298 1719
299 1071
300 1746
300 1670
300 454
301 1071
302 345
303 2054
303 1134
305 1618
306 1041
306 715
306 531
307 1071
308 531
309 1888
310 487
311 487
312 1034
312 1618
312 715
312 416
313 1888
313 1140
314 1326
314 810
315 2110
316 433
317 433
318 345
320 1022
321 2118
322 323
323 1821
325 941
326 1140
327 1860
329 345
330 929
330 433
332 1179
332 487
333 1315
334 1116
334 1107
335 1702
335 1107
336 1315
336 433
336 345
337 1580
338 810
339 929
339 810
339 715
339 433
340 1504
341 1077
342 2118
343 1928
343 1336
343 345
344 1406
344 433
345 1852
345 1657
345 1527
345 1000
345 928
345 927
345 926
345 925
345 924
345 923
345 922
345 921
345 920
345 919
345 916
345 574
345 560
345 512
345 508
345 400
345 399
345 398
345 397
345 396
345 395
345 394
345 393
345 392
345 391
345 390
345 389
345 388
345 359
345 358
345 357
345 356
345 355
345 354
345 353
345 352
345 351
345 350
345 349
345 348
345 347
345 346
346 1336
347 941
349 1336
350 1228
352 1336
353 715
354 1034
355 1077
356 1670
356 1652
357 1326
357 360
358 2114
358 1472
358 1116
358 1034
360 701
360 700
360 699
360 698
360 697
360 696
360 695
360 694
360 693
360 692
360 691
360 690
360 689
360 688
360 687
360 686
360 685
360 558
360 554
360 551
360 548
360 541
360 497
360 465
360 363
360 362
360 361
361 1966
361 770
362 1888
362 902
363 2052
363 1102
364 365
365 795
366 1791
367 759
368 1940
369 1516
370 515
371 1359
372 2064
373 1817
373 1443
373 1022
374 1061
375 709
376 759
377 784
378 1782
379 791
380 2047
381 387
381 386
381 385
381 384
381 383
381 382
383 2086
384 444
385 1949
386 444
387 1584
388 1336
389 902
391 2048
391 563
392 1336
392 1041
393 433
394 563
395 1336
396 1888
397 902
398 1916
399 1432
399 1266
400 1796
400 641
400 902
401 1584
401 1578
402 411
402 410
402 409
402 408
402 407
402 406
402 405
402 404
402 403
403 715
404 1670
405 1397
405 1071
405 715
406 1670
407 1423
408 1574
410 2076
411 1819
412 2116
413 2117
414 1609
414 790
414 616
414 613
414 415
415 1887
416 428
416 427
416 426
416 425
416 424
416 423
416 422
416 421
416 420
416 419
416 418
416 417
417 1475
419 954
419 454
420 2074
421 1266
422 2076
422 954
423 1888
424 1041
425 487
427 990
428 1740
429 791
430 432
430 431
433 443
433 442
433 441
433 440
433 439
433 438
433 437
433 436
433 435
433 434
434 1702
435 1871
436 1472
436 902
437 1871
438 674
439 1652
440 1928
440 1552
440 902
441 1077
442 1530
442 1522
442 1041
443 929
443 1942
443 659
444 453
444 452
444 451
444 450
444 449
444 448
444 447
444 446
444 445
445 1872
446 709
448 2071
448 2039
448 1228
448 1005
449 1959
451 1902
451 1005
453 2023
454 467
454 466
454 465
454 464
454 463
454 462
454 461
454 460
454 459
454 458
454 457
454 456
454 455
455 674
456 1071
457 1740
458 1670
459 1740
460 1071
461 1740
462 641
462 1205
463 538
464 1682
466 1211
467 1670
467 954
468 479
468 478
468 477
468 476
468 475
468 474
468 473
468 472
468 471
468 470
468 469
469 1567
470 1289
472 1730
473 1689
474 1689
475 1289
476 2014
479 1758
480 1071
481 1860
481 1041
483 1034
484 1937
485 1991
486 1161
487 500
487 499
487 498
487 497
487 496
487 495
487 494
487 493
487 492
487 491
487 490
487 489
487 488
488 526
489 1499
489 1077
489 974
490 1888
490 1071
491 1071
492 1266
492 941
493 1315
494 1574
494 674
495 1894
496 1116
498 1423
501 1676
502 531
503 1580
504 2118
504 1336
505 1041
505 902
507 2057
507 1803
509 1925
510 1676
511 1266
513 1554
515 1283
515 525
515 524
515 523
515 522
515 521
515 520
515 519
515 518
515 517
515 516
516 1730
518 1900
521 1813
521 1005
524 1191
526 530
526 529
526 528
526 527
527 582
527 883
528 1090
529 1942
530 1176
531 537
531 536
531 535
531 534
531 533
531 532
532 1942
532 1815
534 1815
535 1860
535 1530
535 1077
535 1102
536 1336
537 659
538 562
538 561
538 560
538 559
538 558
538 557
538 556
538 555
538 554
538 553
538 552
538 551
538 550
538 549
538 548
538 547
538 546
538 545
538 544
538 543
538 542
538 541
538 540
538 539
539 1140
540 1522
542 1670
542 641
543 1134
544 1894
545 1888
546 2065
546 1495
547 1140
547 1102
549 1652
550 1140
552 871
553 623
555 2065
555 2001
557 1522
559 1923
559 1760
559 1660
559 1652
559 1580
560 1676
560 1574
561 1927
561 1134
562 1022
563 580
563 579
563 578
563 577
563 576
563 575
563 574
563 573
563 572
563 571
563 570
563 569
563 568
563 567
563 566
563 565
563 564
565 941
567 1034
568 1682
569 1116
570 2076
571 1803
571 1652
571 1107
571 659
572 1817
573 1447
575 1858
576 1554
577 1550
577 1102
577 902
578 1116
579 1034
580 1522
581 2030
582 1913
582 1632
582 1019
582 994
582 890
582 884
583 2119
583 2036
584 2030
585 590
585 589
585 588
585 587
585 586
586 1436
587 1760
588 837
589 1436
590 837
591 594
591 593
591 592
593 674
594 941
595 2098
596 659
597 1393
598 715
599 1670
599 1071
602 1991
603 1499
604 1095
604 1041
605 1908
605 929
606 1660
607 1991
608 2110
609 2117
609 610
610 619
610 618
610 617
610 616
610 615
610 614
610 613
610 612
610 611
611 1857
612 1887
613 1855
615 1857
617 1937
618 929
619 1887
620 622
620 621
623 638
623 637
623 636
623 635
623 634
623 633
623 632
623 631
623 630
623 629
623 628
623 627
623 626
623 625
623 624
624 1034
624 1795
625 1799
626 1799
627 1702
628 810
629 1810
630 1799
631 1799
632 2033
633 1827
633 1372
633 1245
633 1239
634 1660
635 1034
635 1790
636 1928
636 1211
637 1799
638 1107
639 1805
640 2030
641 1297
641 1296
641 1295
641 1294
641 1293
641 1292
641 1291
641 1205
641 1139
641 1126
641 904
641 656
641 655
641 654
641 653
641 652
641 651
641 650
641 649
641 648
641 647
641 646
641 645
641 644
641 643
641 642
642 1928
643 1670
643 1205
644 1205
645 1991
646 1205
647 1071
647 659
648 1107
650 1916
650 1179
650 902
651 1266
652 1550
653 2052
654 974
655 1670
656 2100
656 2065
656 2059
656 1495
656 770
656 1266
657 658
659 1415
659 1402
659 1310
659 1216
659 932
659 908
659 700
659 673
659 672
659 671
659 670
659 669
659 668
659 667
659 666
659 665
659 664
659 663
659 662
659 661
659 660
660 1071
661 1796
662 1034
663 770
663 1205
663 715
664 1705
664 1140
664 1107
665 1860
667 1860
667 1499
667 1140
668 1858
669 902
670 2048
671 1858
672 2082
673 1211
674 682
674 681
674 680
674 679
674 678
674 677
674 676
674 675
675 1740
676 2114
677 1740
678 1670
679 825
680 1034
681 1644
682 1670
683 969
684 1728
685 1495
686 1888
686 1858
686 1065
686 810
687 1107
688 1495
688 1266
689 2015
690 2001
690 1705
691 810
692 2026
692 1796
693 770
693 825
694 929
694 1580
694 1336
694 770
695 1472
696 2010
696 1107
696 810
697 1660
697 1077
698 1642
699 2080
699 1810
699 810
701 1702
702 704
702 703
703 1393
705 883
706 1173
707 2081
707 1730
708 1884
709 1839
709 1825
709 1715
709 1714
709 1713
709 1712
709 1707
709 1706
709 1623
709 1454
709 1390
709 1032
709 712
709 711
709 710
710 1584
710 1378
711 2036
712 2044
712 1805
713 1638
714 2125
714 1173
715 729
715 728
715 727
715 726
715 725
715 724
715 723
715 722
715 721
715 720
715 719
715 718
715 717
715 716
716 2052
717 1791
718 1740
719 1708
720 1618
721 1618
721 1397
722 871
723 1041
725 1116
725 1336
726 2097
726 1991
726 1499
726 825
727 1432
728 1552
729 2019
730 1740
731 1472
732 2122
733 1336
734 1504
735 1266
736 2024
737 1475
738 1848
738 1107
739 1530
740 2094
741 1995
742 1782
742 1777
743 1273
744 1273
745 1567
746 1273
747 1077
748 1803
749 1927
749 1472
749 1315
749 1034
750 1652
752 1140
753 1644
754 1034
755 1705
755 1472
755 810
756 1432
757 1702
757 1660
757 825
758 929
758 1652
758 1580
759 764
759 763
759 762
759 761
759 760
760 778
761 2111
761 1451
761 1116
762 2064
763 791
765 1757
766 1802
767 2012
768 1034
769 1315
770 1282
770 1281
770 1280
770 1279
770 1278
770 1277
770 1276
770 1070
770 776
770 775
770 774
770 773
770 772
770 771
771 825
772 1107
773 1908
774 1836
775 1971
776 1495
777 974
778 781
778 780
778 779
782 783
783 1994
784 1470
784 789
784 788
784 787
784 786
784 785
785 1597
786 1469
787 1469
788 1469
789 1597
791 1544
791 1543
791 1542
791 1541
791 1020
791 945
791 798
791 797
791 796
791 795
791 794
791 793
791 792
794 2017
794 1964
794 1893
795 1713
795 1192
796 2063
797 2079
798 1893
798 1584
799 1529
799 1025
799 809
799 808
799 807
799 806
799 805
799 804
799 803
799 802
799 801
799 800
800 954
801 1991
801 954
802 1095
803 1858
804 1748
805 1612
805 954
808 1034
809 1095
810 824
810 823
810 822
810 821
810 820
810 819
810 818
810 817
810 816
810 815
810 814
810 813
810 812
810 811
812 929
813 1447
814 1499
814 1211
814 902
815 929
816 929
817 1746
818 871
819 1916
820 1580
821 1090
821 1022
822 2051
822 1642
823 912
824 1326
824 929
825 831
825 830
825 829
825 828
825 827
825 826
826 1901
827 1901
828 1676
829 1022
830 1576
831 1676
832 1378
832 883
832 836
832 835
832 834
832 833
834 2077
835 2083
836 2044
836 1972
836 1451
837 839
837 838
839 1878
839 1386
840 1345
841 2023
842 844
842 843
843 1318
845 1372
846 2034
847 1217
848 1956
849 2117
849 2078
850 1648
850 1359
851 1161
851 1245
852 1782
852 1372
853 1956
853 1737
853 1245
853 1239
854 2117
854 1956
854 1890
854 1733
854 1239
855 2034
855 2014
855 1827
855 1239
856 1772
856 1733
856 1372
856 1217
856 1161
857 2096
857 2063
857 2034
857 1956
857 1890
857 1245
858 1217
859 1956
859 1890
859 1733
860 1245
861 2117
861 1956
861 1239
862 1648
863 1956
863 1733
864 2104
864 1354
864 1345
864 1691
865 1956
865 1161
865 1733
866 1838
866 1245
867 2091
867 1041
868 1840
869 2035
870 1638
871 1998
871 1680
871 1573
871 1501
871 1308
871 1280
871 1054
871 873
871 872
872 1102
873 1750
874 1909
875 2044
876 1909
877 1624
878 1929
879 1964
880 1918
881 1584
882 2075
883 899
883 898
883 897
883 896
883 895
883 894
883 893
883 892
883 891
883 890
883 889
883 888
883 887
883 886
883 885
883 884
886 1378
889 1378
890 1777
892 1882
895 2090
900 1245
901 2034
901 1956
902 2013
902 1903
902 911
902 910
902 909
902 908
902 907
902 906
902 905
902 904
902 903
903 2097
904 1550
905 1860
906 1894
907 1972
909 1879
910 1116
911 1336
912 918
912 917
912 916
912 915
912 914
912 913
913 1702
914 1107
915 1927
915 1539
917 1179
917 1077
917 1034
918 1211
919 1676
919 1539
920 2058
920 1986
921 2031
922 1472
923 929
925 1833
926 1378
926 1228
927 1928
927 1879
927 1336
928 1550
929 1652
929 1107
929 1718
929 1679
929 1655
929 1654
929 1109
929 1074
929 970
929 940
929 939
929 938
929 937
929 936
929 935
929 934
929 933
929 932
929 931
929 930
930 1652
932 1326
933 1034
934 1702
934 1618
934 1495
934 1326
935 1552
936 2010
938 1937
939 1682
940 1107
941 944
941 943
941 942
942 1745
943 1652
944 1670
946 1964
947 1716
948 1624
948 1299
949 2064
950 1911
950 1173
951 1945
952 2102
952 1961
953 2012
954 968
954 967
954 966
954 965
954 964
954 963
954 962
954 961
954 960
954 959
954 958
954 957
954 956
954 955
955 1116
956 1034
957 1090
957 1065
958 1879
959 1746
960 1608
960 1504
960 1034
961 1931
962 1652
963 1095
964 1848
964 1810
965 1134
966 1475
969 972
969 971
969 970
973 2030
974 1237
974 1235
974 1234
974 1123
974 999
974 998
974 997
974 996
974 995
974 994
974 993
974 982
974 981
974 980
974 979
974 978
974 977
974 976
974 975
975 1378
976 2016
977 1378
978 1764
980 1378
981 1903
982 1631
982 1228
983 2109
984 989
984 988
984 987
984 986
984 985
985 1191
986 1841
987 1726
988 1985
990 992
990 991
993 1228
994 1522
995 1875
995 1228
996 1803
998 1911
999 1378
1000 1499
1001 1748
1002 1959
1003 2068
1004 1918
1005 1019
1005 1018
1005 1017
1005 1016
1005 1015
1005 1014
1005 1013
1005 1012
1005 1011
1005 1010
1005 1009
1005 1008
1005 1007
1005 1006
1006 1539
1007 1463
1007 1191
1008 1777
1009 1228
1010 1946
1011 1961
1012 1805
1013 1733
1014 1946
1015 1378
1016 1777
1016 1273
1017 1378
1018 1777
1019 1378
1021 1893
1022 1026
1022 1025
1022 1024
1022 1023
1023 1266
1024 1095
1025 1550
1025 1796
1025 1740
1025 1041
1026 1077
1027 1378
1028 1029
1029 1439
1030 1320
1031 1757
1031 1578
1032 1884
1032 1945
1032 1918
1032 1648
1033 1708
1034 1993
1034 1701
1034 1661
1034 1540
1034 1476
1034 1448
1034 1417
1034 1309
1034 1272
1034 1138
1034 1131
1034 1072
1034 1055
1034 1038
1034 1037
1034 1036
1034 1035
1035 1923
1035 1102
1036 1923
1037 1102
1038 1102
1039 2060
1039 1176
1039 1905
1039 1691
1040 2066
1041 1060
1041 1059
1041 1058
1041 1057
1041 1056
1041 1055
1041 1054
1041 1053
1041 1052
1041 1051
1041 1050
1041 1049
1041 1048
1041 1047
1041 1046
1041 1045
1041 1044
1041 1043
1041 1042
1042 1071
1043 1071
1044 1937
1045 1554
1046 1552
1048 1925
1049 1107
1051 2120
1052 1397
1053 1266
1053 1140
1056 1472
1056 1326
1056 1116
1057 1702
1058 2054
1059 1228
1060 1803
1062 1862
1063 2027
1064 1638
1065 1067
1065 1066
1066 1935
1067 2019
1068 2027
1069 1862
1070 1071
1071 1076
1071 1075
1071 1074
1071 1073
1071 1072
1072 1705
1073 1682
1073 1670
1075 1211
1076 1266
1077 1139
1077 1082
1077 1081
1077 1080
1077 1079
1077 1078
1078 1211
1079 2048
1080 1107
1081 2054
1082 1140
1083 1746
1083 1670
1083 1495
1083 1211
1084 1090
1085 1090
1086 1090
1087 1090
1088 1797
1089 1090
1090 1629
1090 1532
1090 1342
1090 1097
1090 1096
1090 1093
1090 1092
1090 1091
1094 2118
1095 1343
1095 1342
1095 1096
1096 1475
1098 2023
1099 2006
1099 1519
1100 2023
1101 1730
1101 1173
1102 1105
1102 1104
1102 1103
1103 1140
1104 1211
1105 1107
1106 1860
1107 1314
1107 1313
1107 1312
1107 1311
1107 1310
1107 1309
1107 1308
1107 1307
1107 1306
1107 1305
1107 1304
1107 1280
1107 1213
1107 1181
1107 1141
1107 1115
1107 1114
1107 1113
1107 1112
1107 1111
1107 1110
1107 1109
1107 1108
1108 1432
1108 1140
1109 1836
1109 1652
1109 1495
1109 1266
1110 1495
1111 1495
1112 2028
1112 1652
1113 1860
1114 2026
1114 1894
1115 1676
1116 1405
1116 1381
1116 1231
1116 1124
1116 1123
1116 1122
1116 1121
1116 1120
1116 1119
1116 1118
1116 1117
1118 1935
1119 1879
1120 1266
1121 1257
1122 1539
1124 1631
1125 1730
1125 1578
1128 2028
1129 1894
1129 1815
1130 1847
1132 1748
1133 1179
1134 1138
1134 1137
1134 1136
1134 1135
1135 1205
1136 2013
1136 1397
1137 1660
1139 1660
1139 1205
1140 1146
1140 1145
1140 1144
1140 1143
1140 1142
1140 1141
1142 2041
1142 1530
1143 1179
1144 1179
1145 1315
1146 2100
1147 1160
1147 1159
1147 1158
1147 1157
1147 1156
1147 1155
1147 1154
1147 1153
1147 1152
1147 1151
1147 1150
1147 1149
1147 1148
1148 1490
1149 1490
1149 1345
1150 1481
1150 1345
1151 1691
1151 1345
1151 1481
1152 1345
1153 1345
1153 1481
1154 1345
1155 1345
1156 1490
1157 1354
1157 1965
1158 1345
1159 1345
1160 1345
1160 1490
1161 1733
1161 1832
1161 1831
1161 1830
1161 1829
1161 1172
1161 1171
1161 1170
1161 1169
1161 1168
1161 1167
1161 1166
1161 1165
1161 1164
1161 1163
1161 1162
1162 2117
1162 1217
1163 2034
1164 1245
1165 1245
1166 1737
1167 1733
1168 1245
1169 1733
1170 2068
1171 2075
1172 2075
1172 2063
1173 1794
1173 1793
1173 1513
1173 1178
1173 1177
1173 1176
1173 1175
1173 1174
1174 2023
1174 1176
1174 1853
1175 1176
1176 1921
1176 1727
1176 1177
1178 1708
1178 1320
1179 1185
1179 1184
1179 1183
1179 1182
1179 1181
1179 1180
1180 1539
1180 1862
1180 1550
1182 1550
1183 1927
1184 1702
1184 1504
1185 1923
1186 1190
1186 1189
1186 1188
1186 1187
1187 1805
1188 1217
1189 1813
1190 1516
1191 1204
1191 1203
1191 1202
1191 1201
1191 1200
1191 1199
1191 1198
1191 1197
1191 1196
1191 1195
1191 1194
1191 1193
1191 1192
1192 2040
1196 1451
1197 1451
1198 1805
1199 2077
1200 2047
1201 1959
1201 1463
1202 2044
1203 1584
1204 1950
1204 2077
1205 1207
1205 1206
1206 2092
1207 2100
1208 1748
1209 1893
1210 2027
1211 1216
1211 1215
1211 1214
1211 1213
1211 1212
1212 1790
1214 1858
1215 1580
1215 1443
1216 1916
1216 1443
1217 1222
1217 1221
1217 1220
1217 1219
1217 1218
1218 2063
1218 1372
1218 1239
1219 1782
1219 1372
1221 1463
1222 1239
1223 1929
1223 1516
1224 2037
1225 1893
1226 1546
1227 1689
1228 1237
1228 1236
1228 1235
1228 1234
1228 1233
1228 1232
1228 1231
1228 1230
1228 1229
1230 1539
1230 1631
1231 2095
1232 2048
1233 1836
1236 1800
1236 1631
1236 1624
1238 1838
1238 1239
1239 1244
1239 1243
1239 1242
1239 1241
1239 1240
1240 2063
1241 1956
1242 2063
1242 1245
1243 1956
1244 1890
1245 2043
1245 1373
1245 1256
1245 1255
1245 1254
1245 1253
1245 1252
1245 1251
1245 1250
1245 1249
1245 1248
1245 1247
1245 1246
1246 2063
1246 1372
1247 1737
1248 2117
1248 1733
1250 2096
1251 1733
1252 1890
1254 1733
1255 2014
1256 1890
1257 1259
1257 1258
1258 1840
1259 1905
1260 1911
1261 1950
1262 1918
1263 1813
1264 1320
1265 2125
1266 1272
1266 1271
1266 1270
1266 1269
1266 1268
1266 1267
1267 1888
1268 1631
1269 1676
1270 1315
1271 1315
1272 1966
1272 1580
1272 1499
1273 1275
1273 1274
1276 1552
1277 1495
1279 2059
1281 1796
1282 1908
1282 1702
1283 1288
1283 1287
1283 1286
1283 1285
1283 1284
1284 1578
1286 2070
1287 1849
1289 1290
1290 1630
1291 2058
1291 1858
1292 2015
1293 1745
1294 2015
1294 1472
1295 1472
1296 2013
1298 1299
1299 1303
1299 1302
1299 1301
1299 1300
1301 2089
1301 1451
1302 1331
1304 2052
1304 1935
1304 1670
1305 1499
1306 1810
1307 1908
1308 1443
1309 1550
1309 1676
1310 1705
1311 2118
1311 1901
1312 2099
1313 1447
1314 2080
1315 1317
1315 1316
1317 1796
1317 1530
1318 1711
1318 1319
1319 1813
1320 1322
1320 1321
1323 1325
1323 1324
1324 2047
1324 1642
1325 1791
1326 1330
1326 1329
1326 1328
1326 1327
1327 1927
1328 1336
1330 1847
1331 1335
1331 1334
1331 1333
1331 1332
1333 1929
1336 1341
1336 1340
1336 1339
1336 1338
1336 1337
1338 1660
1339 1522
1340 1879
1341 2026
1343 1797
1344 1490
1344 1345
1345 1902
1345 1965
1345 1603
1345 1602
1345 1601
1345 1600
1345 1599
1345 1598
1345 1561
1345 1560
1345 1558
1345 1555
1345 1482
1345 1388
1345 1358
1345 1357
1345 1356
1345 1355
1345 1354
1345 1353
1345 1352
1345 1351
1345 1350
1345 1349
1345 1348
1345 1347
1345 1346
1346 1490
1346 1481
1347 1965
1347 1951
1347 1902
1347 1752
1347 1481
1348 1354
1349 1752
1350 1752
1350 1691
1350 1481
1351 1691
1352 1752
1352 1490
1353 2105
1354 1754
1354 1599
1354 1357
1355 2104
1355 1490
1356 2104
1356 1951
1357 1490
1358 1752
1359 1814
1359 1365
1359 1364
1359 1363
1359 1362
1359 1361
1359 1360
1360 1726
1361 1730
1362 1757
1364 2067
1365 2062
1366 1451
1367 2094
1367 1813
1368 1910
1369 1689
1370 1584
1371 2040
1372 1377
1372 1376
1372 1375
1372 1374
1372 1373
1374 2117
1375 1648
1376 1733
1377 1782
1378 1384
1378 1383
1378 1382
1378 1381
1378 1380
1378 1379
1379 1604
1385 1612
1386 1387
1387 1882
1388 1691
1388 1481
1389 1945
1391 1860
1392 1638
1393 1394
1394 2069
1395 1432
1396 1638
1397 1403
1397 1402
1397 1401
1397 1400
1397 1399
1397 1398
1398 2059
1399 2059
1399 1916
1400 1971
1401 1795
1403 1848
1404 1638
1405 1499
1406 1413
1406 1412
1406 1411
1406 1410
1406 1409
1406 1408
1406 1407
1407 2035
1408 2003
1409 2003
1410 1624
1411 1608
1413 2036
1414 1858
1415 1702
1415 1539
1415 1504
1415 1447
1416 1676
1418 1872
1419 2049
1420 1790
1421 1422
1423 1525
1424 2117
1424 1425
1425 1428
1425 1427
1425 1426
1428 2085
1428 2078
1429 1431
1429 1430
1430 1917
1432 1435
1432 1434
1432 1433
1435 2059
1435 2051
1435 1908
1437 1438
1438 2047
1440 1442
1440 1441
1443 1446
1443 1445
1443 1444
1444 1817
1445 1817
1447 1539
1447 1448
1449 1450
1451 1706
1451 1458
1451 1457
1451 1456
1451 1455
1451 1454
1451 1453
1451 1452
1452 1961
1453 1875
1454 2077
1454 2044
1455 2094
1455 1972
1455 1949
1456 1534
1457 1949
1459 1460
1461 1821
1462 1463
1463 1467
1463 1466
1463 1465
1463 1464
1464 2044
1465 1584
1466 1977
1466 1584
1466 1959
1467 1959
1468 2101
1468 1956
1469 1470
1471 1782
1472 1474
1472 1473
1473 2013
1473 1903
1474 1922
1475 1478
1475 1477
1475 1476
1477 2048
1477 1618
1478 1719
1478 1682
1479 1499
1480 1795
1481 1954
1481 1952
1481 1693
1481 1601
1481 1494
1481 1493
1481 1492
1481 1491
1481 1490
1481 1489
1481 1488
1481 1487
1481 1486
1481 1485
1481 1484
1481 1483
1481 1482
1483 1691
1484 2104
1484 1691
1485 1490
1486 1490
1487 1691
1487 1490
1489 2104
1489 1490
1490 1563
1490 1562
1490 1561
1490 1560
1490 1559
1490 1558
1490 1557
1490 1556
1490 1555
1490 1545
1490 1494
1490 1492
1490 1491
1491 2113
1491 1691
1493 2105
1495 1498
1495 1497
1495 1496
1497 1836
1498 2118
1498 1935
1499 1573
1499 1572
1499 1571
1499 1507
1499 1501
1499 1500
1500 2118
1502 2102
1503 1578
1504 1510
1504 1509
1504 1508
1504 1507
1504 1506
1504 1505
1505 1740
1506 1925
1506 1530
1508 1550
1509 1550
1509 1530
1510 1797
1510 1796
1511 2068
1512 1758
1514 1515
1515 2086
1516 1518
1516 1517
1517 1911
1518 2098
1519 1521
1519 1520
1520 2006
1521 2006
1522 1529
1522 1528
1522 1527
1522 1526
1522 1525
1522 1524
1522 1523
1523 1719
1524 1937
1524 1888
1525 1660
1526 1906
1528 2054
1528 1860
1529 1815
1530 1533
1530 1532
1530 1531
1531 1745
1533 1894
1533 1815
1534 1537
1534 1536
1534 1535
1537 1664
1538 2119
1538 1539
1539 1633
1539 1540
1541 2125
1544 1813
1546 1548
1546 1547
1548 2090
1549 1970
1550 1992
1550 1955
1550 1551
1552 1553
1553 1991
1553 1618
1555 1691
1556 2113
1556 1691
1557 1902
1557 1691
1559 1752
1562 1752
1563 2105
1563 1691
1564 1860
1564 1638
1565 2027
1567 1570
1567 1569
1567 1568
1568 1726
1570 2050
1571 1618
1572 1858
1574 1576
1574 1575
1575 2087
1576 1818
1577 1827
1578 1757
1578 1579
1579 2111
1580 1583
1580 1582
1580 1581
1581 1858
1582 1858
1583 1858
1583 1796
1584 2064
1584 1982
1584 1981
1584 1980
1584 1979
1584 1978
1584 1977
1584 1976
1584 1975
1584 1974
1584 1973
1584 1867
1584 1831
1584 1594
1584 1593
1584 1592
1584 1591
1584 1590
1584 1589
1584 1588
1584 1587
1584 1586
1584 1585
1585 1604
1586 1933
1587 2064
1587 1977
1588 2064
1589 1977
1590 1977
1591 1964
1592 2062
1593 2064
1593 1977
1594 1977
1596 1638
1598 1965
1601 1752
1602 1691
1603 1965
1604 1606
1604 1605
1606 1813
1607 1608
1608 1611
1608 1610
1608 1609
1611 1882
1612 1613
1613 2052
1613 1942
1613 1746
1614 1615
1616 1950
1617 1794
1618 1619
1619 1858
1619 1660
1620 2107
1621 1638
1622 2039
1623 2030
1624 1626
1624 1625
1625 2084
1626 1728
1627 1826
1628 1826
1629 1670
1631 1635
1631 1634
1631 1633
1631 1632
1632 2031
1634 1792
1635 2031
1636 1827
1637 1782
1638 1775
1638 1762
1638 1641
1638 1640
1638 1639
1639 2107
1640 2027
1642 1643
1643 2047
1644 1646
1644 1645
1645 1888
1646 2041
1646 1923
1647 1782
1647 1648
1648 1651
1648 1650
1648 1649
1649 1782
1650 1782
1651 1733
1652 1657
1652 1656
1652 1655
1652 1654
1652 1653
1653 1925
1654 1966
1656 2054
1658 1909
1659 2042
1660 1663
1660 1662
1660 1661
1662 2100
1662 1790
1663 1908
1664 1667
1664 1666
1664 1665
1665 2089
1666 2089
1668 1893
1669 2016
1669 1800
1670 1675
1670 1674
1670 1673
1670 1672
1670 1671
1671 2052
1671 1854
1672 2048
1673 1937
1674 1937
1675 1748
1676 1681
1676 1680
1676 1679
1676 1678
1676 1677
1677 1923
1678 2054
1681 2009
1682 1688
1682 1687
1682 1686
1682 1685
1682 1684
1682 1683
1683 1996
1684 2091
1685 1740
1686 1854
1687 2009
1688 1748
1689 1690
1691 1694
1691 1693
1691 1692
1692 1813
1694 1965
1694 1902
1694 1752
1695 1925
1696 1697
1697 2090
1698 1772
1699 1772
1700 1733
1701 1797
1702 1704
1702 1703
1703 2100
1703 2019
1704 2059
1706 1875
1707 1949
1707 1875
1708 1711
1708 1710
1708 1709
1710 1758
1712 1961
1714 1972
1715 1933
1716 1886
1716 1885
1716 1717
1719 1725
1719 1724
1719 1723
1719 1722
1719 1721
1719 1720
1720 1750
1721 1854
1722 2010
1723 1931
1724 1854
1725 2052
1726 1727
1728 1729
1730 1732
1730 1731
1731 2081
1733 1736
1733 1735
1733 1734
1734 1782
1735 1956
1736 2096
1737 1739
1737 1738
1738 1827
1740 1745
1740 1744
1740 1743
1740 1742
1740 1741
1741 2120
1742 1908
1743 1860
1744 1819
1745 1747
1746 1747
1748 1749
1750 1751
1751 2087
1751 2010
1752 1756
1752 1755
1752 1754
1752 1753
1753 1965
1754 1902
1755 1951
1757 1769
1758 1759
1760 1762
1760 1761
1761 1887
1763 2116
1763 1764
1764 1767
1764 1766
1764 1765
1766 2013
1767 2027
1768 1963
1770 2060
1771 2036
1772 1774
1772 1773
1773 1838
1776 2022
1777 1781
1777 1780
1777 1779
1777 1778
1778 1946
1779 2008
1780 2072
1781 1959
1782 1926
1782 1784
1782 1783
1783 1813
1784 2117
1785 2056
1786 1935
1788 1789
1789 2009
1790 1936
1794 2077
1796 1798
1796 1797
1797 1837
1798 2001
1800 1801
1804 2045
1805 1809
1805 1808
1805 1807
1805 1806
1806 1949
1807 2055
1808 1949
1809 1949
1810 1812
1810 1811
1811 1848
1812 1848
1813 1814
1815 1984
1815 1898
1815 1816
1816 1906
1817 1818
1819 1820
1820 2123
1821 1822
1822 2047
1823 1824
1824 2090
1825 2064
1827 1828
1828 1838
1829 1838
1830 1838
1832 2075
1833 1837
1833 1836
1833 1835
1833 1834
1834 1908
1835 1931
1839 1950
1841 1842
1842 2062
1842 1960
1843 2083
1844 2083
1845 1918
1846 1918
1850 2109
1851 2100
1852 2026
1855 1856
1856 1857
1858 1866
1858 1865
1858 1859
1859 1931
1861 2118
1862 1864
1862 1863
1864 2008
1865 2024
1866 1971
1868 1964
1869 1870
1873 1874
1874 1961
1874 2071
1874 2007
1874 1946
1875 1877
1875 1876
1876 2064
1877 1972
1880 1881
1882 1884
1882 1883
1885 2112
1886 2040
1888 1889
1889 1931
1890 1892
1890 1891
1891 2034
1892 2063
1892 1956
1895 2068
1896 2070
1897 2124
1899 2009
1903 1904
1904 2013
1906 1907
1907 2001
1911 1913
1911 1912
1914 2047
1915 2108
1918 1920
1918 1919
1920 1945
1923 1924
1924 2041
1926 1956
1930 2053
1931 1932
1932 2120
1933 1934
1934 2094
1935 1936
1937 1984
1937 1938
1938 2092
1938 2041
1939 2070
1940 1941
1941 1963
1943 1944
1947 2048
1948 2054
1949 1950
1951 1954
1951 1953
1951 1952
1953 1965
1955 2015
1956 1958
1956 1957
1957 2117
1961 1962
1962 2007
1966 1990
1967 1968
1969 2006
1973 2064
1974 2064
1974 1977
1975 2064
1976 2064
1977 2000
1977 1999
1977 1981
1977 1980
1977 1978
1979 2064
1982 2064
1983 2014
1987 1988
1988 2021
1989 2026
1991 1992
1993 2091
1996 1997
1997 2048
1998 2087
1999 2064
2000 2064
2001 2002
2002 2065
2004 2005
2010 2011
2011 2076
2014 2034
2017 2018
2018 2093
2020 2023
2020 2021
2024 2025
2025 2114
2028 2029
2029 2058
2032 2034
2037 2038
2038 2067
2043 2075
2045 2046
2046 2102
2060 2061
2072 2073
2073 2088
2102 2103
2105 2106
2106 2113
2121 2122
