2125 3551
1 6 59
1 5 106
1 4 85
1 3 134
1 2 119
2 2044 220
5 709 134
7 1858 285
7 360 239
7 538 212
7 31 234
7 24 228
7 8 265
8 23 259
8 22 313
8 21 298
8 20 302
8 19 269
8 18 269
8 17 260
8 16 294
8 15 281
8 14 274
8 13 346
8 12 236
8 11 287
8 10 317
8 9 285
9 1504 289
9 126 252
10 1061 229
11 941 275
12 1612 200
12 1095 227
13 1504 351
13 98 348
13 194 396
14 126 241
15 98 282
16 1034 292
16 641 311
17 360 233
17 538 206
18 31 238
19 44 250
20 98 303
21 24 261
22 416 371
23 941 246
23 31 228
24 1566 135
24 1417 200
24 1416 221
24 1415 254
24 1414 258
24 1144 238
24 1106 169
24 1047 217
24 807 235
24 758 265
24 757 260
24 756 194
24 755 239
24 754 256
24 753 302
24 752 210
24 751 174
24 750 212
24 749 280
24 748 247
24 747 272
24 731 236
24 713 161
24 689 291
24 603 166
24 601 258
24 556 219
24 533 275
24 485 248
24 484 303
24 483 208
24 482 166
24 481 258
24 480 210
24 409 314
24 359 199
24 351 244
24 328 232
24 319 169
24 272 282
24 266 202
24 264 240
24 255 156
24 220 166
24 219 145
24 189 197
24 178 248
24 113 248
24 79 210
24 30 277
24 29 222
24 28 161
24 27 304
24 26 192
24 25 204
25 126 208
26 1740 141
27 902 362
29 941 247
30 153 392
31 1861 185
31 1787 169
31 1615 294
31 924 215
31 564 258
31 514 195
31 513 282
31 512 217
31 511 248
31 510 158
31 509 199
31 508 315
31 507 223
31 506 238
31 505 204
31 504 181
31 503 240
31 502 205
31 501 225
31 499 188
31 462 269
31 426 234
31 419 255
31 418 249
31 321 233
31 320 171
31 319 175
31 318 195
31 317 261
31 316 221
31 315 169
31 314 237
31 313 238
31 312 260
31 311 253
31 310 167
31 309 167
31 304 301
31 282 229
31 261 216
31 260 239
31 259 233
31 258 237
31 257 268
31 256 200
31 255 162
31 254 175
31 253 196
31 252 157
31 251 195
31 250 277
31 249 243
31 248 208
31 247 151
31 246 262
31 245 251
31 244 241
31 243 224
31 242 253
31 241 290
31 240 242
31 239 228
31 193 249
31 192 202
31 191 214
31 190 135
31 182 260
31 113 254
31 101 247
31 100 266
31 95 232
31 94 268
31 93 189
31 92 251
31 91 215
31 90 204
31 89 243
31 88 197
31 87 198
31 86 153
31 85 220
31 84 276
31 83 225
31 82 245
31 81 241
31 80 222
31 79 217
31 75 267
31 74 212
31 73 247
31 72 162
31 71 209
31 70 188
31 69 233
31 68 155
31 67 225
31 48 221
31 41 284
31 40 283
31 39 245
31 38 208
31 37 200
31 36 205
31 35 222
31 34 158
31 33 129
31 32 316
32 1817 198
34 1336 188
34 416 247
35 1923 271
36 1903 242
36 1819 171
36 1676 230
36 974 99
36 345 242
37 1034 229
38 1447 262
38 1134 221
39 538 223
40 1888 330
40 1644 359
40 591 319
40 433 332
40 360 287
40 345 320
41 902 336
42 43 67
44 67 237
44 66 261
44 65 213
44 64 183
44 63 187
44 62 266
44 61 255
44 60 247
44 59 268
44 58 247
44 57 235
44 56 197
44 55 272
44 54 267
44 53 235
44 52 229
44 51 212
44 50 271
44 49 292
44 48 234
44 47 273
44 46 291
44 45 261
45 1140 264
46 1748 303
46 1205 351
47 1937 291
48 487 274
49 1906 350
50 1504 294
50 1034 287
50 487 311
50 360 263
50 126 256
51 1994 188
52 1682 221
53 98 255
54 1858 306
55 674 275
56 126 183
57 1393 243
58 222 210
59 126 253
60 98 267
61 177 270
62 1847 253
62 1670 227
63 526 97
64 674 187
65 1550 245
66 126 247
66 345 286
67 177 253
68 1670 129
68 345 192
69 1116 128
69 1266 283
69 1022 188
69 360 237
69 538 210
70 1406 142
71 1034 238
71 360 214
72 810 115
73 563 336
74 345 249
75 902 319
75 563 355
76 2109 92
77 78 241
78 526 153
79 1901 258
80 770 204
80 360 226
80 139 194
81 345 278
82 1326 267
82 1071 249
83 98 257
84 2033 335
85 941 238
86 433 202
87 345 234
88 941 215
89 902 295
90 487 257
91 1077 258
92 1574 269
92 902 303
93 2118 138
93 1860 196
94 1323 277
94 416 356
95 177 260
96 1799 211
97 791 75
98 344 245
98 343 267
98 342 259
98 341 252
98 340 269
98 339 269
98 338 243
98 337 308
98 336 318
98 335 307
98 334 251
98 333 252
98 332 288
98 331 311
98 330 265
98 329 319
98 328 270
98 327 328
98 326 306
98 325 240
98 324 292
98 313 270
98 273 296
98 265 299
98 239 260
98 117 295
98 116 314
98 115 309
98 114 302
98 113 286
98 112 211
98 111 311
98 110 261
98 109 228
98 108 297
98 107 268
98 106 295
98 105 280
98 104 279
98 103 272
98 102 238
98 101 279
98 100 299
98 99 273
99 1034 270
100 1676 291
100 1580 328
103 1795 277
104 825 294
105 416 336
106 416 351
107 2120 246
107 1447 290
107 360 240
107 538 213
108 126 262
109 1860 203
109 1670 169
110 126 227
111 2080 327
111 1071 283
112 1888 225
113 126 252
114 1266 320
114 1071 274
114 1041 286
114 402 339
114 126 268
115 1266 327
115 1071 281
116 871 362
117 1211 377
117 1077 305
118 125 155
118 124 107
118 123 98
118 122 137
118 121 122
118 120 221
118 119 159
119 1345 215
120 200 221
121 2089 186
122 2004 174
125 2081 222
125 1459 241
125 1378 119
126 739 273
126 738 269
126 737 254
126 736 296
126 735 266
126 734 279
126 733 230
126 732 271
126 731 240
126 730 246
126 666 222
126 608 183
126 607 266
126 606 250
126 605 239
126 604 237
126 603 170
126 602 272
126 601 262
126 600 227
126 599 241
126 598 244
126 597 223
126 596 239
126 536 230
126 512 215
126 481 262
126 348 228
126 331 277
126 324 258
126 308 243
126 307 230
126 306 252
126 305 257
126 304 299
126 303 317
126 302 188
126 301 258
126 300 248
126 299 247
126 298 212
126 297 261
126 296 211
126 295 283
126 294 267
126 289 245
126 284 206
126 283 264
126 282 226
126 281 245
126 280 220
126 279 270
126 278 236
126 277 240
126 276 238
126 275 258
126 274 172
126 273 261
126 272 286
126 271 284
126 270 224
126 269 226
126 268 286
126 267 277
126 266 206
126 265 265
126 264 244
126 263 218
126 262 233
126 261 214
126 248 206
126 144 208
126 138 300
126 137 285
126 136 280
126 135 230
126 134 243
126 133 253
126 132 182
126 131 305
126 130 153
126 129 244
126 128 200
126 127 310
127 194 393
128 1670 176
129 2082 228
130 1740 97
131 641 355
131 194 387
132 2054 244
133 1906 325
133 1090 233
134 1034 274
135 954 244
136 1022 238
137 2091 373
137 416 376
138 153 410
139 1433 102
139 1109 191
139 957 174
139 937 211
139 772 133
139 698 168
139 147 223
139 146 185
139 145 268
139 144 182
139 143 150
139 142 164
139 141 168
139 140 203
140 1034 259
141 177 223
142 360 196
143 1642 126
143 1447 232
145 1326 318
146 1326 235
147 345 288
148 1028 120
149 152 90
149 151 121
149 150 91
150 784 81
151 1595 181
152 1469 122
153 169 388
153 168 397
153 167 379
153 166 337
153 165 372
153 164 401
153 163 366
153 162 305
153 161 410
153 160 415
153 159 355
153 158 384
153 157 387
153 156 412
153 155 387
153 154 381
154 1854 321
154 954 286
155 825 326
156 2099 370
157 402 348
158 1854 323
158 674 292
159 487 300
160 1991 393
161 641 350
162 538 175
163 222 233
164 1071 297
164 416 382
165 1790 358
166 1499 253
167 2057 269
168 715 356
169 715 347
170 1318 71
171 1951 178
171 1345 154
172 1965 265
173 175 151
173 174 143
174 2023 100
175 1519 131
176 1628 368
176 1627 227
177 1479 245
177 1446 202
177 1395 186
177 1329 278
177 1278 233
177 931 219
177 553 277
177 390 283
177 353 247
177 187 268
177 186 265
177 185 273
177 184 240
177 183 294
177 182 288
177 181 316
177 180 311
177 179 308
177 178 282
178 1530 302
178 1499 278
179 1745 318
179 1539 236
179 1879 311
179 1315 365
180 912 365
180 487 336
181 1211 403
182 1326 282
182 1211 375
182 487 313
183 825 313
184 345 249
185 1041 262
185 222 220
186 2026 239
187 345 277
188 1737 154
190 285 168
191 1728 204
192 1179 206
193 1423 304
194 199 392
194 198 356
194 197 394
194 196 387
194 195 397
195 402 386
196 1854 354
197 825 361
199 1925 359
200 207 92
200 206 116
200 205 118
200 204 119
200 203 132
200 202 79
200 201 90
201 1345 146
202 709 106
203 1186 187
204 2115 166
205 1186 172
206 1320 136
207 1805 194
208 2090 214
209 791 147
210 211 271
211 1595 240
212 213 111
214 1176 125
214 515 18
215 795 196
216 238 136
217 1257 151
218 1228 73
218 974 30
221 2037 137
221 1597 130
221 784 96
222 1133 258
222 1132 228
222 1131 193
222 1130 188
222 1129 279
222 1128 150
222 1127 161
222 1126 212
222 1083 205
222 942 207
222 906 206
222 676 237
222 653 201
222 649 224
222 556 200
222 514 170
222 339 211
222 291 195
222 237 209
222 236 205
222 235 218
222 234 239
222 233 200
222 232 193
222 231 222
222 230 211
222 229 219
222 228 152
222 227 229
222 226 195
222 225 231
222 224 189
222 223 245
223 433 320
224 1134 227
225 674 272
226 1266 270
227 1854 302
227 454 266
228 782 100
229 454 255
230 1670 209
230 285 268
231 1994 235
232 954 231
233 1041 242
234 2076 371
234 1447 318
235 1942 282
236 531 271
237 1937 265
239 345 265
240 345 279
241 563 379
242 563 342
243 715 291
244 1580 303
244 1107 294
245 345 288
246 538 239
247 1539 108
249 487 296
250 2080 326
251 345 232
251 1791 208
251 1336 225
253 1539 152
254 345 212
254 1116 70
256 538 177
257 1522 351
258 1652 297
258 1107 290
259 1475 288
259 1336 263
259 345 270
259 360 237
261 1539 172
261 1447 270
261 1116 111
261 1041 232
261 345 253
262 487 288
263 954 233
264 1858 298
264 1315 331
264 1140 262
264 954 259
264 360 251
265 285 299
267 1071 284
268 1676 313
268 1554 386
268 1472 334
269 1134 241
270 2118 176
271 1871 305
272 1315 373
273 1530 312
273 1134 276
274 1140 190
274 538 152
275 1860 267
276 1266 291
276 1179 245
277 1927 308
277 1336 272
278 538 216
278 531 279
279 1748 297
280 563 311
281 871 327
283 1550 309
283 1504 301
284 1670 182
285 293 276
285 292 272
285 291 253
285 290 332
285 289 279
285 288 316
285 287 333
285 286 232
286 1740 142
287 402 370
288 1746 309
290 1554 397
290 715 366
290 454 311
292 538 217
293 674 260
294 1034 297
295 1071 290
296 2120 223
297 360 267
298 1719 258
299 1071 254
300 1746 275
300 1670 223
300 454 261
301 1071 265
302 345 227
303 2054 379
303 1134 331
305 1618 311
306 1041 270
306 715 321
306 531 294
307 1071 236
308 531 285
309 1888 214
310 487 220
311 487 306
312 1034 289
312 1618 312
312 715 327
312 416 348
313 1888 285
313 1140 253
314 1326 259
314 810 190
315 2110 90
316 433 270
317 433 311
318 345 232
320 1022 126
321 2118 183
322 323 222
323 1821 255
325 941 226
326 1140 290
327 1860 304
329 345 324
330 929 210
330 433 282
332 1179 260
332 487 309
333 1315 305
334 1116 113
334 1107 272
335 1702 277
335 1107 329
336 1315 371
336 433 335
336 345 323
337 1580 338
338 810 164
339 929 214
339 810 190
339 715 303
339 433 286
340 1504 272
341 1077 262
342 2118 176
343 1928 304
343 1336 264
343 345 272
344 1406 167
344 433 262
345 1852 298
345 1657 318
345 1527 334
345 1000 242
345 928 300
345 927 294
345 926 243
345 925 194
345 924 252
345 923 239
345 922 327
345 921 251
345 920 341
345 919 251
345 916 258
345 574 298
345 560 285
345 512 254
345 508 352
345 400 275
345 399 266
345 398 246
345 397 309
345 396 310
345 395 261
345 394 300
345 393 297
345 392 289
345 391 312
345 390 291
345 389 255
345 388 268
345 359 242
345 358 293
345 357 288
345 356 284
345 355 327
345 354 271
345 353 256
345 352 272
345 351 286
345 350 301
345 349 257
345 348 267
345 347 278
345 346 251
346 1336 244
347 941 260
349 1336 250
350 1228 201
352 1336 265
353 715 286
354 1034 263
355 1077 333
356 1670 221
356 1652 308
357 1326 273
357 360 255
358 2114 314
358 1472 301
358 1116 151
358 1034 285
360 701 245
360 700 231
360 699 262
360 698 200
360 697 231
360 696 264
360 695 247
360 694 202
360 693 249
360 692 244
360 691 225
360 690 237
360 689 301
360 688 211
360 687 250
360 686 242
360 685 175
360 558 216
360 554 223
360 551 217
360 548 208
360 541 265
360 497 204
360 465 231
360 363 257
360 362 222
360 361 253
361 1966 314
361 770 231
362 1888 264
362 902 269
363 2052 269
363 1102 320
364 365 171
365 795 163
366 1791 229
367 759 101
368 1940 170
369 1516 100
370 515 15
371 1359 84
372 2064 264
373 1817 27
373 1443 141
373 1022 100
374 1061 66
375 709 84
376 759 91
377 784 115
378 1782 138
379 791 156
380 2047 260
381 387 199
381 386 225
381 385 201
381 384 260
381 383 177
381 382 130
383 2086 86
384 444 340
385 1949 250
386 444 306
387 1584 198
388 1336 261
389 902 270
391 2048 350
391 563 364
392 1336 282
392 1041 268
393 433 309
394 563 352
395 1336 254
396 1888 321
397 902 324
398 1916 225
399 1432 126
399 1266 280
400 1796 228
400 641 286
400 902 290
401 1584 113
401 1578 48
402 411 307
402 410 412
402 409 389
402 408 352
402 407 245
402 406 328
402 405 343
402 404 298
402 403 286
403 715 284
404 1670 202
405 1397 346
405 1071 278
405 715 340
406 1670 232
407 1423 231
408 1574 301
410 2076 450
411 1819 204
412 2116 142
413 2117 81
414 1609 306
414 790 271
414 616 323
414 613 313
414 415 347
415 1887 331
416 428 304
416 427 343
416 426 323
416 425 405
416 424 356
416 423 400
416 422 354
416 421 365
416 420 386
416 419 344
416 418 338
416 417 338
417 1475 305
419 954 267
419 454 266
420 2074 347
421 1266 326
422 2076 372
422 954 278
423 1888 358
424 1041 284
425 487 370
427 990 235
428 1740 157
429 791 105
430 432 115
430 431 110
433 443 306
433 442 287
433 441 265
433 440 351
433 439 300
433 438 280
433 437 289
433 436 201
433 435 307
433 434 265
434 1702 218
435 1871 277
436 1472 196
436 902 203
437 1871 258
438 674 246
439 1652 311
440 1928 371
440 1552 368
440 902 354
441 1077 258
442 1530 286
442 1522 320
442 1041 254
443 929 234
443 1942 296
443 659 301
444 453 263
444 452 343
444 451 343
444 450 358
444 449 362
444 448 336
444 447 303
444 446 287
444 445 318
445 1872 205
446 709 174
448 2071 302
448 2039 289
448 1228 210
448 1005 329
449 1959 386
451 1902 293
451 1005 336
453 2023 114
454 467 283
454 466 265
454 465 238
454 464 235
454 463 202
454 462 280
454 461 256
454 460 268
454 459 301
454 458 232
454 457 231
454 456 263
454 455 267
455 674 272
456 1071 256
457 1740 162
458 1670 195
459 1740 232
460 1071 261
461 1740 187
462 641 318
462 1205 342
463 538 168
464 1682 229
466 1211 368
467 1670 245
467 954 284
468 479 64
468 478 67
468 477 71
468 476 99
468 475 108
468 474 122
468 473 88
468 472 111
468 471 121
468 470 79
468 469 122
469 1567 174
470 1289 113
472 1730 162
473 1689 102
474 1689 136
475 1289 142
476 2014 115
479 1758 20
480 1071 221
481 1860 272
481 1041 281
483 1034 243
484 1937 339
485 1991 341
486 1161 99
487 500 313
487 499 241
487 498 337
487 497 253
487 496 250
487 495 363
487 494 315
487 493 350
487 492 296
487 491 296
487 490 305
487 489 241
487 488 226
488 526 95
489 1499 212
489 1077 231
489 974 81
490 1888 299
490 1071 257
491 1071 248
492 1266 293
492 941 261
493 1315 382
494 1574 279
494 674 277
495 1894 400
496 1116 92
498 1423 339
501 1676 249
502 531 246
503 1580 301
504 2118 130
504 1336 210
505 1041 221
505 902 256
507 2057 221
507 1803 238
509 1925 247
510 1676 183
511 1266 298
513 1554 380
515 1283 42
515 525 24
515 524 29
515 523 36
515 522 36
515 521 37
515 520 61
515 519 29
515 518 47
515 517 38
515 516 70
516 1730 163
518 1900 112
521 1813 112
521 1005 210
524 1191 74
526 530 107
526 529 224
526 528 68
526 527 46
527 582 8
527 883 14
528 1090 123
529 1942 341
530 1176 176
531 537 271
531 536 272
531 535 248
531 534 333
531 533 322
531 532 331
532 1942 330
532 1815 390
534 1815 393
535 1860 215
535 1530 256
535 1077 250
535 1102 275
536 1336 261
537 659 275
538 562 214
538 561 240
538 560 226
538 559 258
538 558 189
538 557 246
538 556 202
538 555 255
538 554 196
538 553 227
538 552 240
538 551 190
538 550 188
538 549 161
538 548 181
538 547 231
538 546 181
538 545 125
538 544 140
538 543 191
538 542 194
538 541 238
538 540 214
538 539 197
539 1140 235
540 1522 319
542 1670 190
542 641 265
543 1134 226
544 1894 252
545 1888 195
546 2065 223
546 1495 105
547 1140 269
547 1102 321
549 1652 244
550 1140 226
552 871 343
553 623 316
555 2065 297
555 2001 352
557 1522 351
559 1923 329
559 1760 348
559 1660 289
559 1652 341
559 1580 342
560 1676 273
560 1574 266
561 1927 328
561 1134 275
562 1022 193
563 580 365
563 579 357
563 578 350
563 577 351
563 576 394
563 575 359
563 574 350
563 573 341
563 572 255
563 571 368
563 570 450
563 569 245
563 568 349
563 567 327
563 566 238
563 565 305
563 564 347
565 941 234
567 1034 267
568 1682 265
569 1116 51
570 2076 468
571 1803 294
571 1652 339
571 1107 333
571 659 324
572 1817 48
573 1447 306
575 1858 321
576 1554 403
577 1550 306
577 1102 330
577 902 314
578 1116 156
579 1034 297
580 1522 359
581 2030 158
582 1913 8
582 1632 94
582 1019 72
582 994 57
582 890 96
582 884 17
583 2119 10
583 2036 35
584 2030 148
585 590 226
585 589 206
585 588 235
585 587 294
585 586 250
586 1436 199
587 1760 345
588 837 185
589 1436 155
590 837 176
591 594 288
591 593 292
591 592 308
593 674 272
594 941 270
595 2098 288
596 659 286
597 1393 245
598 715 313
599 1670 217
599 1071 248
602 1991 361
603 1499 196
604 1095 261
604 1041 256
605 1908 256
605 929 219
606 1660 260
607 1991 355
608 2110 107
609 2117 89
609 610 150
610 619 240
610 618 173
610 617 204
610 616 246
610 615 224
610 614 153
610 613 236
610 612 184
610 611 194
611 1857 197
612 1887 245
613 1855 221
615 1857 226
617 1937 250
618 929 166
619 1887 301
620 622 78
620 621 89
623 638 268
623 637 323
623 636 348
623 635 261
623 634 291
623 633 303
623 632 356
623 631 337
623 630 352
623 629 340
623 628 287
623 627 286
623 626 334
623 625 337
623 624 332
624 1034 294
624 1795 302
625 1799 314
626 1799 311
627 1702 222
628 810 173
629 1810 331
630 1799 329
631 1799 314
632 2033 348
633 1827 159
633 1372 185
633 1245 209
633 1239 216
634 1660 232
635 1034 223
635 1790 289
636 1928 349
636 1211 395
637 1799 300
638 1107 255
639 1805 192
640 2030 209
641 1297 209
641 1296 359
641 1295 328
641 1294 367
641 1293 348
641 1292 374
641 1291 305
641 1205 365
641 1139 220
641 1126 286
641 904 291
641 656 284
641 655 287
641 654 232
641 653 275
641 652 310
641 651 258
641 650 309
641 649 298
641 648 264
641 647 311
641 646 348
641 645 320
641 644 297
641 643 321
641 642 336
642 1928 357
643 1670 246
643 1205 345
644 1205 321
645 1991 359
646 1205 372
647 1071 267
647 659 308
648 1107 269
650 1916 276
650 1179 265
650 902 312
651 1266 259
652 1550 306
653 2052 243
654 974 78
655 1670 212
656 2100 289
656 2065 254
656 2059 222
656 1495 137
656 770 218
656 1266 285
657 658 28
659 1415 305
659 1402 205
659 1310 311
659 1216 302
659 932 233
659 908 329
659 700 271
659 673 326
659 672 252
659 671 307
659 670 278
659 669 246
659 668 299
659 667 287
659 666 269
659 665 268
659 664 293
659 663 285
659 662 251
659 661 252
659 660 323
660 1071 283
661 1796 198
662 1034 235
663 770 223
663 1205 313
663 715 307
664 1705 260
664 1140 264
664 1107 302
665 1860 231
667 1860 250
667 1499 266
667 1140 258
668 1858 305
669 902 253
670 2048 308
671 1858 314
672 2082 189
673 1211 395
674 682 219
674 681 310
674 680 268
674 679 270
674 678 255
674 677 233
674 676 278
674 675 234
675 1740 160
676 2114 321
677 1740 160
678 1670 213
679 825 301
680 1034 281
681 1644 370
682 1670 176
683 969 161
684 1728 229
685 1495 72
686 1888 285
686 1858 289
686 1065 231
686 810 191
687 1107 299
688 1495 108
688 1266 257
689 2015 389
690 2001 308
690 1705 245
691 810 173
692 2026 241
692 1796 230
693 770 227
693 825 292
694 929 175
694 1580 259
694 1336 227
694 770 180
695 1472 288
696 2010 293
696 1107 313
696 810 212
697 1660 235
697 1077 269
698 1642 144
699 2080 306
699 1810 316
699 810 211
701 1702 243
702 704 263
702 703 320
703 1393 296
705 883 43
706 1173 103
707 2081 198
707 1730 183
708 1884 177
709 1839 185
709 1825 176
709 1715 141
709 1714 93
709 1713 160
709 1712 207
709 1707 178
709 1706 156
709 1623 164
709 1454 144
709 1390 224
709 1032 172
709 712 197
709 711 107
709 710 115
710 1584 146
710 1378 53
711 2036 66
712 2044 270
712 1805 272
713 1638 111
714 2125 67
714 1173 107
715 729 371
715 728 335
715 727 284
715 726 320
715 725 249
715 724 246
715 723 275
715 722 314
715 721 334
715 720 336
715 719 295
715 718 288
715 717 313
715 716 294
716 2052 244
717 1791 259
718 1740 163
719 1708 211
720 1618 322
721 1618 319
721 1397 339
722 871 328
723 1041 224
725 1116 77
725 1336 212
726 2097 291
726 1991 340
726 1499 277
726 825 300
727 1432 113
728 1552 335
729 2019 349
730 1740 190
731 1472 288
732 2122 299
733 1336 262
734 1504 316
735 1266 318
736 2024 376
737 1475 311
738 1848 338
738 1107 325
739 1530 324
740 2094 33
741 1995 134
742 1782 190
742 1777 293
743 1273 230
744 1273 260
745 1567 172
746 1273 228
747 1077 321
748 1803 268
749 1927 351
749 1472 331
749 1315 371
749 1034 315
750 1652 279
752 1140 231
753 1644 384
754 1034 291
755 1705 257
755 1472 291
755 810 199
756 1432 96
757 1702 268
757 1660 274
757 825 313
758 929 249
758 1652 332
758 1580 333
759 764 97
759 763 166
759 762 235
759 761 169
759 760 150
760 778 135
761 2111 239
761 1451 160
761 1116 108
762 2064 317
763 791 159
765 1757 102
766 1802 190
767 2012 209
768 1034 238
769 1315 348
770 1282 222
770 1281 155
770 1280 208
770 1279 193
770 1278 188
770 1277 139
770 1276 237
770 1070 196
770 776 125
770 775 201
770 774 211
770 773 214
770 772 143
770 771 207
771 825 271
772 1107 214
773 1908 246
774 1836 235
775 1971 249
776 1495 44
777 974 56
778 781 124
778 780 87
778 779 111
782 783 112
783 1994 177
784 1470 121
784 789 105
784 788 107
784 787 119
784 786 110
784 785 104
785 1597 139
786 1469 152
787 1469 160
788 1469 149
789 1597 140
791 1544 184
791 1543 117
791 1542 118
791 1541 134
791 1020 122
791 945 115
791 798 183
791 797 206
791 796 154
791 795 148
791 794 147
791 793 164
791 792 148
794 2017 86
794 1964 126
794 1893 156
795 1713 165
795 1192 152
796 2063 158
797 2079 280
798 1893 193
798 1584 216
799 1529 337
799 1025 318
799 809 390
799 808 323
799 807 319
799 806 326
799 805 324
799 804 366
799 803 349
799 802 307
799 801 349
799 800 313
800 954 248
801 1991 357
801 954 283
802 1095 250
803 1858 322
804 1748 313
805 1612 241
805 954 258
808 1034 273
809 1095 334
810 824 240
810 823 174
810 822 193
810 821 136
810 820 209
810 819 164
810 818 216
810 817 195
810 816 169
810 815 135
810 814 197
810 813 175
810 812 85
810 811 86
812 929 110
813 1447 276
814 1499 268
814 1211 358
814 902 296
815 929 160
816 929 194
817 1746 267
818 871 343
819 1916 227
820 1580 317
821 1090 161
821 1022 139
822 2051 259
822 1642 188
823 912 302
824 1326 309
824 929 264
825 831 304
825 830 278
825 829 311
825 828 274
825 827 321
825 826 338
826 1901 332
827 1901 315
828 1676 251
829 1022 219
830 1576 222
831 1676 281
832 1378 162
832 883 164
832 836 213
832 835 316
832 834 288
832 833 221
834 2077 237
835 2083 285
836 2044 207
836 1972 128
836 1451 130
837 839 153
837 838 105
839 1878 83
839 1386 133
840 1345 196
841 2023 60
842 844 50
842 843 84
843 1318 101
845 1372 99
846 2034 89
847 1217 49
848 1956 113
849 2117 47
849 2078 2
850 1648 184
850 1359 127
851 1161 71
851 1245 120
852 1782 193
852 1372 171
853 1956 67
853 1737 160
853 1245 140
853 1239 148
854 2117 79
854 1956 55
854 1890 98
854 1733 101
854 1239 136
855 2034 145
855 2014 120
855 1827 101
855 1239 158
856 1772 114
856 1733 120
856 1372 122
856 1217 81
856 1161 98
857 2096 110
857 2063 127
857 2034 140
857 1956 73
857 1890 116
857 1245 146
858 1217 51
859 1956 59
859 1890 103
859 1733 106
860 1245 169
861 2117 76
861 1956 51
861 1239 132
862 1648 176
863 1956 38
863 1733 85
864 2104 234
864 1354 216
864 1345 213
864 1691 227
865 1956 44
865 1161 69
865 1733 91
866 1838 80
866 1245 122
867 2091 390
867 1041 321
868 1840 286
869 2035 138
870 1638 85
871 1998 354
871 1680 335
871 1573 276
871 1501 306
871 1308 305
871 1280 305
871 1054 371
871 873 418
871 872 340
872 1102 328
873 1750 452
874 1909 214
875 2044 214
876 1909 208
877 1624 88
878 1929 46
879 1964 107
880 1918 142
881 1584 179
882 2075 232
883 899 77
883 898 24
883 897 17
883 896 88
883 895 68
883 894 12
883 893 34
883 892 149
883 891 57
883 890 102
883 889 62
883 888 51
883 887 131
883 886 43
883 885 39
883 884 23
886 1378 41
889 1378 60
890 1777 285
892 1882 306
895 2090 184
900 1245 138
901 2034 96
901 1956 29
902 2013 372
902 1903 333
902 911 318
902 910 254
902 909 306
902 908 336
902 907 209
902 906 284
902 905 302
902 904 294
902 903 315
903 2097 301
904 1550 286
905 1860 258
906 1894 322
907 1972 102
909 1879 286
910 1116 97
911 1336 296
912 918 385
912 917 355
912 916 302
912 915 367
912 914 330
912 913 367
913 1702 288
914 1107 302
915 1927 351
915 1539 242
917 1179 277
917 1077 316
917 1034 302
918 1211 418
919 1676 239
919 1539 171
920 2058 364
920 1986 350
921 2031 175
922 1472 335
923 929 180
925 1833 197
926 1378 94
926 1228 143
927 1928 326
927 1879 289
927 1336 287
928 1550 307
929 1652 282
929 1107 275
929 1718 182
929 1679 196
929 1655 176
929 1654 283
929 1109 196
929 1074 165
929 970 136
929 940 183
929 939 198
929 938 201
929 937 216
929 936 221
929 935 110
929 934 205
929 933 219
929 932 166
929 931 169
929 930 149
930 1652 232
932 1326 211
933 1034 270
934 1702 230
934 1618 280
934 1495 129
934 1326 250
935 1552 199
936 2010 277
938 1937 254
939 1682 224
940 1107 259
941 944 311
941 943 231
941 942 251
942 1745 270
943 1652 274
944 1670 266
946 1964 108
947 1716 59
948 1624 61
948 1299 59
949 2064 168
950 1911 123
950 1173 165
951 1945 199
952 2102 139
952 1961 149
953 2012 183
954 968 205
954 967 302
954 966 272
954 965 275
954 964 279
954 963 267
954 962 247
954 961 274
954 960 292
954 959 268
954 958 283
954 957 214
954 956 261
954 955 208
955 1116 90
956 1034 278
957 1090 179
957 1065 194
958 1879 302
959 1746 282
960 1608 332
960 1504 314
960 1034 308
961 1931 307
962 1652 295
963 1095 277
964 1848 333
964 1810 325
965 1134 275
966 1475 315
969 972 146
969 971 168
969 970 135
973 2030 187
974 1237 69
974 1235 92
974 1234 98
974 1123 35
974 999 56
974 998 32
974 997 52
974 996 152
974 995 91
974 994 66
974 993 36
974 982 98
974 981 101
974 980 63
974 979 39
974 978 77
974 977 66
974 976 86
974 975 53
975 1378 47
976 2016 112
977 1378 60
978 1764 114
980 1378 57
981 1903 244
982 1631 171
982 1228 141
983 2109 161
984 989 182
984 988 242
984 987 235
984 986 265
984 985 177
985 1191 99
986 1841 279
987 1726 219
988 1985 229
990 992 118
990 991 203
993 1228 79
994 1522 255
995 1875 231
995 1228 135
996 1803 273
998 1911 46
999 1378 50
1000 1499 229
1001 1748 160
1002 1959 301
1003 2068 103
1004 1918 95
1005 1019 244
1005 1018 345
1005 1017 246
1005 1016 352
1005 1015 221
1005 1014 364
1005 1013 278
1005 1012 285
1005 1011 278
1005 1010 339
1005 1009 274
1005 1008 342
1005 1007 208
1005 1006 266
1006 1539 166
1007 1463 198
1007 1191 80
1008 1777 358
1009 1228 155
1010 1946 369
1011 1961 204
1012 1805 254
1013 1733 167
1014 1946 394
1015 1378 53
1016 1777 369
1016 1273 322
1017 1378 77
1018 1777 362
1019 1378 76
1021 1893 170
1022 1026 183
1022 1025 196
1022 1024 84
1022 1023 181
1023 1266 275
1024 1095 151
1025 1550 284
1025 1796 231
1025 1740 182
1025 1041 257
1026 1077 271
1027 1378 43
1028 1029 111
1029 1439 16
1030 1320 92
1031 1757 147
1031 1578 127
1032 1884 235
1032 1945 224
1032 1918 175
1032 1648 209
1033 1708 114
1034 1993 335
1034 1701 210
1034 1661 278
1034 1540 245
1034 1476 192
1034 1448 301
1034 1417 235
1034 1309 224
1034 1272 252
1034 1138 244
1034 1131 247
1034 1072 250
1034 1055 224
1034 1038 253
1034 1037 298
1034 1036 282
1034 1035 303
1035 1923 322
1035 1102 342
1036 1923 301
1037 1102 337
1038 1102 292
1039 2060 214
1039 1176 188
1039 1905 155
1039 1691 192
1040 2066 90
1041 1060 235
1041 1059 236
1041 1058 295
1041 1057 226
1041 1056 255
1041 1055 211
1041 1054 307
1041 1053 170
1041 1052 276
1041 1051 238
1041 1050 173
1041 1049 250
1041 1048 294
1041 1047 239
1041 1046 305
1041 1045 318
1041 1044 272
1041 1043 260
1041 1042 253
1042 1071 241
1043 1071 248
1044 1937 286
1045 1554 399
1046 1552 355
1048 1925 326
1049 1107 287
1051 2120 232
1052 1397 331
1053 1266 204
1053 1140 169
1056 1472 284
1056 1326 261
1056 1116 134
1057 1702 212
1058 2054 339
1059 1228 157
1060 1803 234
1062 1862 115
1063 2027 152
1064 1638 116
1065 1067 261
1065 1066 230
1066 1935 273
1067 2019 314
1068 2027 148
1069 1862 94
1070 1071 218
1071 1076 229
1071 1075 290
1071 1074 192
1071 1073 230
1071 1072 226
1072 1705 233
1073 1682 230
1073 1670 199
1075 1211 400
1076 1266 274
1077 1139 215
1077 1082 291
1077 1081 325
1077 1080 276
1077 1079 325
1077 1078 264
1078 1211 336
1079 2048 357
1080 1107 287
1081 2054 342
1082 1140 264
1083 1746 256
1083 1670 204
1083 1495 132
1083 1211 345
1084 1090 207
1085 1090 177
1086 1090 155
1087 1090 139
1088 1797 32
1089 1090 190
1090 1629 178
1090 1532 211
1090 1342 173
1090 1097 149
1090 1096 212
1090 1093 169
1090 1092 200
1090 1091 143
1094 2118 196
1095 1343 167
1095 1342 217
1095 1096 256
1096 1475 289
1098 2023 51
1099 2006 39
1099 1519 84
1100 2023 69
1101 1730 118
1101 1173 92
1102 1105 347
1102 1104 375
1102 1103 353
1103 1140 301
1104 1211 422
1105 1107 333
1106 1860 183
1107 1314 297
1107 1313 329
1107 1312 335
1107 1311 321
1107 1310 320
1107 1309 249
1107 1308 278
1107 1307 286
1107 1306 315
1107 1305 268
1107 1304 269
1107 1280 279
1107 1213 327
1107 1181 306
1107 1141 272
1107 1115 299
1107 1114 344
1107 1113 353
1107 1112 284
1107 1111 206
1107 1110 219
1107 1109 272
1107 1108 268
1108 1432 110
1108 1140 229
1109 1836 225
1109 1652 279
1109 1495 120
1109 1266 269
1110 1495 66
1111 1495 54
1112 2028 215
1112 1652 291
1113 1860 307
1114 2026 292
1114 1894 380
1115 1676 270
1116 1405 60
1116 1381 65
1116 1231 110
1116 1124 107
1116 1123 36
1116 1122 65
1116 1121 26
1116 1120 83
1116 1119 107
1116 1118 46
1116 1117 142
1118 1935 187
1119 1879 244
1120 1266 238
1121 1257 74
1122 1539 127
1124 1631 179
1125 1730 184
1125 1578 123
1128 2028 160
1129 1894 395
1129 1815 404
1130 1847 213
1132 1748 278
1133 1179 287
1134 1138 228
1134 1137 268
1134 1136 205
1134 1135 285
1135 1205 345
1136 2013 269
1136 1397 264
1137 1660 263
1139 1660 181
1139 1205 245
1140 1146 318
1140 1145 304
1140 1144 259
1140 1143 289
1140 1142 276
1140 1141 234
1142 2041 304
1142 1530 310
1143 1179 278
1144 1179 248
1145 1315 373
1146 2100 356
1147 1160 146
1147 1159 163
1147 1158 135
1147 1157 204
1147 1156 131
1147 1155 168
1147 1154 127
1147 1153 206
1147 1152 171
1147 1151 172
1147 1150 173
1147 1149 164
1147 1148 99
1148 1490 146
1149 1490 212
1149 1345 193
1150 1481 243
1150 1345 202
1151 1691 214
1151 1345 201
1151 1481 241
1152 1345 200
1153 1345 235
1153 1481 276
1154 1345 155
1155 1345 197
1156 1490 178
1157 1354 235
1157 1965 310
1158 1345 163
1159 1345 192
1160 1345 175
1160 1490 193
1161 1733 113
1161 1832 142
1161 1831 117
1161 1830 108
1161 1829 122
1161 1172 137
1161 1171 168
1161 1170 196
1161 1169 121
1161 1168 89
1161 1167 96
1161 1166 144
1161 1165 103
1161 1164 100
1161 1163 101
1161 1162 78
1162 2117 78
1162 1217 61
1163 2034 143
1164 1245 148
1165 1245 152
1166 1737 212
1167 1733 117
1168 1245 138
1169 1733 142
1170 2068 209
1171 2075 267
1172 2075 236
1172 2063 166
1173 1794 167
1173 1793 174
1173 1513 124
1173 1178 173
1173 1177 167
1173 1176 184
1173 1175 179
1173 1174 182
1174 2023 146
1174 1176 223
1174 1853 232
1175 1176 220
1176 1921 163
1176 1727 216
1176 1177 208
1178 1708 206
1178 1320 167
1179 1185 238
1179 1184 240
1179 1183 289
1179 1182 215
1179 1181 256
1179 1180 148
1180 1539 100
1180 1862 87
1180 1550 187
1182 1550 254
1183 1927 351
1184 1702 238
1184 1504 271
1185 1923 282
1186 1190 193
1186 1189 141
1186 1188 178
1186 1187 230
1187 1805 277
1188 1217 106
1189 1813 120
1190 1516 146
1191 1204 142
1191 1203 101
1191 1202 164
1191 1201 181
1191 1200 234
1191 1199 147
1191 1198 158
1191 1197 75
1191 1196 75
1191 1195 64
1191 1194 138
1191 1193 96
1191 1192 125
1192 2040 111
1196 1451 94
1197 1451 94
1198 1805 255
1199 2077 198
1200 2047 364
1201 1959 340
1201 1463 300
1202 2044 259
1203 1584 154
1204 1950 201
1204 2077 193
1205 1207 276
1205 1206 340
1206 2092 312
1207 2100 256
1208 1748 274
1209 1893 179
1210 2027 219
1211 1216 372
1211 1215 393
1211 1214 419
1211 1213 388
1211 1212 404
1212 1790 384
1214 1858 355
1215 1580 340
1215 1443 274
1216 1916 273
1216 1443 253
1217 1222 86
1217 1221 148
1217 1220 70
1217 1219 169
1217 1218 101
1218 2063 147
1218 1372 142
1218 1239 174
1219 1782 232
1219 1372 210
1221 1463 288
1222 1239 159
1223 1929 47
1223 1516 74
1224 2037 139
1225 1893 157
1226 1546 144
1227 1689 142
1228 1237 113
1228 1236 78
1228 1235 135
1228 1234 142
1228 1233 146
1228 1232 201
1228 1231 152
1228 1230 144
1228 1229 75
1230 1539 163
1230 1631 174
1231 2095 234
1232 2048 339
1233 1836 216
1236 1800 38
1236 1631 109
1236 1624 79
1238 1838 198
1238 1239 247
1239 1244 174
1239 1243 141
1239 1242 190
1239 1241 186
1239 1240 179
1240 2063 153
1241 1956 105
1242 2063 163
1242 1245 182
1243 1956 60
1244 1890 136
1245 2043 163
1245 1373 170
1245 1256 195
1245 1255 160
1245 1254 208
1245 1253 240
1245 1252 163
1245 1251 157
1245 1250 156
1245 1249 129
1245 1248 163
1245 1247 205
1245 1246 171
1246 2063 151
1246 1372 146
1247 1737 224
1248 2117 115
1248 1733 137
1250 2096 120
1251 1733 130
1252 1890 132
1254 1733 181
1255 2014 129
1256 1890 165
1257 1259 168
1257 1258 211
1258 1840 320
1259 1905 182
1260 1911 49
1261 1950 220
1262 1918 159
1263 1813 144
1264 1320 156
1265 2125 52
1266 1272 273
1266 1271 306
1266 1270 341
1266 1269 346
1266 1268 295
1266 1267 291
1267 1888 288
1268 1631 213
1269 1676 320
1270 1315 376
1271 1315 341
1272 1966 289
1272 1580 285
1272 1499 247
1273 1275 212
1273 1274 233
1276 1552 321
1277 1495 58
1279 2059 197
1281 1796 163
1282 1908 254
1282 1702 242
1283 1288 87
1283 1287 172
1283 1286 118
1283 1285 148
1283 1284 116
1284 1578 116
1286 2070 92
1287 1849 202
1289 1290 173
1290 1630 233
1291 2058 316
1291 1858 308
1292 2015 419
1293 1745 338
1294 2015 412
1294 1472 364
1295 1472 325
1296 2013 387
1298 1299 82
1299 1303 113
1299 1302 147
1299 1301 133
1299 1300 67
1301 2089 186
1301 1451 145
1302 1331 202
1304 2052 232
1304 1935 252
1304 1670 189
1305 1499 238
1306 1810 320
1307 1908 247
1308 1443 221
1309 1550 239
1309 1676 220
1310 1705 278
1311 2118 217
1311 1901 309
1312 2099 348
1313 1447 329
1314 2080 292
1315 1317 383
1315 1316 349
1317 1796 289
1317 1530 347
1318 1711 146
1318 1319 127
1319 1813 151
1320 1322 135
1320 1321 125
1323 1325 245
1323 1324 269
1324 2047 319
1324 1642 208
1325 1791 249
1326 1330 291
1326 1329 272
1326 1328 255
1326 1327 236
1327 1927 280
1328 1336 262
1330 1847 268
1331 1335 184
1331 1334 183
1331 1333 204
1331 1332 179
1333 1929 118
1336 1341 359
1336 1340 260
1336 1339 264
1336 1338 247
1336 1337 158
1338 1660 226
1339 1522 317
1340 1879 262
1341 2026 331
1343 1797 37
1344 1490 189
1344 1345 171
1345 1902 238
1345 1965 282
1345 1603 264
1345 1602 216
1345 1601 214
1345 1600 126
1345 1599 188
1345 1598 283
1345 1561 194
1345 1560 164
1345 1558 195
1345 1555 176
1345 1482 204
1345 1388 195
1345 1358 198
1345 1357 153
1345 1356 213
1345 1355 245
1345 1354 207
1345 1353 271
1345 1352 180
1345 1351 174
1345 1350 202
1345 1349 215
1345 1348 203
1345 1347 264
1345 1346 216
1346 1490 235
1346 1481 257
1347 1965 342
1347 1951 289
1347 1902 297
1347 1752 287
1347 1481 305
1348 1354 205
1349 1752 237
1350 1752 224
1350 1691 215
1350 1481 242
1351 1691 187
1352 1752 203
1352 1490 199
1353 2105 364
1354 1754 225
1354 1599 190
1354 1357 156
1355 2104 265
1355 1490 264
1356 2104 233
1356 1951 237
1357 1490 172
1358 1752 220
1359 1814 112
1359 1365 64
1359 1364 118
1359 1363 91
1359 1362 101
1359 1361 114
1359 1360 113
1360 1726 174
1361 1730 160
1362 1757 107
1364 2067 154
1365 2062 14
1366 1451 96
1367 2094 96
1367 1813 155
1368 1910 29
1369 1689 90
1370 1584 139
1371 2040 46
1372 1377 168
1372 1376 140
1372 1375 166
1372 1374 155
1372 1373 146
1374 2117 131
1375 1648 205
1376 1733 137
1377 1782 191
1378 1384 26
1378 1383 99
1378 1382 76
1378 1381 58
1378 1380 15
1378 1379 101
1379 1604 98
1385 1612 170
1386 1387 173
1387 1882 273
1388 1691 209
1388 1481 236
1389 1945 198
1391 1860 148
1392 1638 146
1393 1394 272
1394 2069 271
1395 1432 54
1396 1638 116
1397 1403 316
1397 1402 232
1397 1401 381
1397 1400 350
1397 1399 321
1397 1398 351
1398 2059 265
1399 2059 236
1399 1916 265
1400 1971 308
1401 1795 346
1403 1848 310
1404 1638 102
1405 1499 189
1406 1413 109
1406 1412 80
1406 1411 256
1406 1410 135
1406 1409 101
1406 1408 159
1406 1407 156
1407 2035 212
1408 2003 126
1409 2003 68
1410 1624 119
1411 1608 355
1413 2036 64
1414 1858 315
1415 1702 263
1415 1539 217
1415 1504 296
1415 1447 314
1416 1676 251
1418 1872 142
1419 2049 107
1420 1790 308
1421 1422 146
1423 1525 320
1424 2117 66
1424 1425 60
1425 1428 61
1425 1427 102
1425 1426 60
1428 2085 61
1428 2078 22
1429 1431 81
1429 1430 142
1430 1917 213
1432 1435 124
1432 1434 29
1432 1433 26
1435 2059 215
1435 2051 247
1435 1908 243
1437 1438 178
1438 2047 305
1440 1442 203
1440 1441 178
1443 1446 170
1443 1445 183
1443 1444 224
1444 1817 110
1445 1817 69
1447 1539 254
1447 1448 326
1449 1450 130
1451 1706 152
1451 1458 84
1451 1457 177
1451 1456 133
1451 1455 104
1451 1454 141
1451 1453 186
1451 1452 99
1452 1961 135
1453 1875 273
1454 2077 173
1454 2044 218
1455 2094 57
1455 1972 102
1455 1949 189
1456 1534 67
1457 1949 263
1459 1460 266
1461 1821 254
1462 1463 224
1463 1467 315
1463 1466 310
1463 1465 252
1463 1464 279
1464 2044 255
1465 1584 187
1466 1977 294
1466 1584 244
1466 1959 350
1467 1959 356
1468 2101 110
1468 1956 42
1469 1470 163
1471 1782 176
1472 1474 308
1472 1473 313
1473 2013 345
1473 1903 305
1474 1922 272
1475 1478 324
1475 1477 315
1475 1476 218
1477 2048 334
1477 1618 312
1478 1719 313
1478 1682 273
1479 1499 241
1480 1795 181
1481 1954 263
1481 1952 288
1481 1693 231
1481 1601 255
1481 1494 239
1481 1493 320
1481 1492 245
1481 1491 262
1481 1490 264
1481 1489 255
1481 1488 253
1481 1487 246
1481 1486 279
1481 1485 282
1481 1484 254
1481 1483 243
1481 1482 245
1483 1691 217
1484 2104 233
1484 1691 227
1485 1490 260
1486 1490 257
1487 1691 219
1487 1490 224
1489 2104 234
1489 1490 233
1490 1563 264
1490 1562 191
1490 1561 213
1490 1560 183
1490 1559 212
1490 1558 214
1490 1557 223
1490 1556 233
1490 1555 195
1490 1545 199
1490 1494 217
1490 1492 223
1490 1491 240
1491 2113 264
1491 1691 236
1493 2105 372
1495 1498 81
1495 1497 48
1495 1496 57
1497 1836 153
1498 2118 129
1498 1935 216
1499 1573 220
1499 1572 295
1499 1571 282
1499 1507 265
1499 1501 250
1499 1500 170
1500 2118 95
1502 2102 198
1503 1578 60
1504 1510 192
1504 1509 317
1504 1508 279
1504 1507 276
1504 1506 282
1504 1505 171
1505 1740 77
1506 1925 295
1506 1530 295
1508 1550 287
1509 1550 325
1509 1530 330
1510 1797 50
1510 1796 148
1511 2068 183
1512 1758 39
1514 1515 224
1515 2086 108
1516 1518 142
1516 1517 120
1517 1911 97
1518 2098 234
1519 1521 104
1519 1520 102
1520 2006 57
1521 2006 59
1522 1529 342
1522 1528 394
1522 1527 380
1522 1526 340
1522 1525 348
1522 1524 339
1522 1523 373
1523 1719 334
1524 1937 287
1524 1888 304
1525 1660 274
1526 1906 327
1528 2054 372
1528 1860 319
1529 1815 359
1530 1533 363
1530 1532 282
1530 1531 317
1531 1745 306
1533 1894 405
1533 1815 414
1534 1537 58
1534 1536 49
1534 1535 178
1537 1664 131
1538 2119 37
1538 1539 110
1539 1633 134
1539 1540 172
1541 2125 95
1544 1813 193
1546 1548 229
1546 1547 112
1548 2090 252
1549 1970 71
1550 1992 351
1550 1955 349
1550 1551 229
1552 1553 322
1553 1991 342
1553 1618 308
1555 1691 190
1556 2113 257
1556 1691 229
1557 1902 238
1557 1691 218
1559 1752 215
1562 1752 195
1563 2105 339
1563 1691 260
1564 1860 136
1564 1638 72
1565 2027 182
1567 1570 166
1567 1569 206
1567 1568 201
1568 1726 214
1570 2050 175
1571 1618 311
1572 1858 322
1574 1576 253
1574 1575 311
1575 2087 327
1576 1818 147
1577 1827 71
1578 1757 95
1578 1579 132
1579 2111 242
1580 1583 340
1580 1582 333
1580 1581 353
1581 1858 342
1582 1858 322
1583 1858 329
1583 1796 269
1584 2064 263
1584 1982 222
1584 1981 240
1584 1980 228
1584 1979 250
1584 1978 231
1584 1977 256
1584 1976 310
1584 1975 229
1584 1974 225
1584 1973 242
1584 1867 128
1584 1831 175
1584 1594 266
1584 1593 260
1584 1592 136
1584 1591 196
1584 1590 231
1584 1589 232
1584 1588 246
1584 1587 214
1584 1586 217
1584 1585 165
1585 1604 68
1586 1933 193
1587 2064 270
1587 1977 263
1588 2064 303
1589 1977 281
1590 1977 280
1591 1964 143
1592 2062 35
1593 2064 317
1593 1977 309
1594 1977 316
1596 1638 92
1598 1965 361
1601 1752 237
1602 1691 230
1603 1965 342
1604 1606 87
1604 1605 50
1606 1813 160
1607 1608 250
1608 1611 382
1608 1610 189
1608 1609 297
1611 1882 376
1612 1613 231
1613 2052 252
1613 1942 275
1613 1746 261
1614 1615 280
1616 1950 171
1617 1794 102
1618 1619 335
1619 1858 334
1619 1660 292
1620 2107 189
1621 1638 72
1622 2039 210
1623 2030 231
1624 1626 121
1624 1625 123
1625 2084 154
1626 1728 174
1627 1826 339
1628 1826 481
1629 1670 174
1631 1635 199
1631 1634 124
1631 1633 145
1631 1632 177
1632 2031 170
1634 1792 70
1635 2031 192
1636 1827 83
1637 1782 138
1638 1775 79
1638 1762 210
1638 1641 93
1638 1640 129
1638 1639 212
1639 2107 283
1640 2027 163
1642 1643 207
1643 2047 318
1644 1646 331
1644 1645 353
1645 1888 324
1646 2041 298
1646 1923 304
1647 1782 142
1647 1648 159
1648 1651 267
1648 1650 221
1648 1649 206
1649 1782 190
1650 1782 204
1651 1733 225
1652 1657 341
1652 1656 350
1652 1655 259
1652 1654 366
1652 1653 329
1653 1925 316
1654 1966 371
1656 2054 350
1658 1909 321
1659 2042 30
1660 1663 198
1660 1662 204
1660 1661 258
1662 2100 249
1662 1790 290
1663 1908 205
1664 1667 137
1664 1666 202
1664 1665 152
1665 2089 186
1666 2089 236
1668 1893 112
1669 2016 132
1669 1800 109
1670 1675 269
1670 1674 181
1670 1673 189
1670 1672 241
1670 1671 203
1671 2052 246
1671 1854 277
1672 2048 342
1673 1937 245
1674 1937 237
1675 1748 320
1676 1681 224
1676 1680 279
1676 1679 243
1676 1678 260
1676 1677 270
1677 1923 294
1678 2054 296
1681 2009 189
1682 1688 296
1682 1687 257
1682 1686 219
1682 1685 180
1682 1684 317
1682 1683 243
1683 1996 240
1684 2091 398
1685 1740 117
1686 1854 262
1687 2009 242
1688 1748 316
1689 1690 95
1691 1694 258
1691 1693 204
1691 1692 197
1692 1813 161
1694 1965 322
1694 1902 277
1694 1752 267
1695 1925 209
1696 1697 272
1697 2090 261
1698 1772 97
1699 1772 157
1700 1733 79
1701 1797 74
1702 1704 204
1702 1703 299
1703 2100 350
1703 2019 342
1704 2059 189
1706 1875 239
1707 1949 260
1707 1875 262
1708 1711 195
1708 1710 184
1708 1709 143
1710 1758 83
1712 1961 239
1714 1972 88
1715 1933 149
1716 1886 53
1716 1885 115
1716 1717 30
1719 1725 309
1719 1724 342
1719 1723 343
1719 1722 323
1719 1721 336
1719 1720 400
1720 1750 471
1721 1854 340
1722 2010 312
1723 1931 344
1724 1854 345
1725 2052 281
1726 1727 216
1728 1729 215
1730 1732 140
1730 1731 181
1731 2081 196
1733 1736 151
1733 1735 101
1733 1734 174
1734 1782 199
1735 1956 54
1736 2096 142
1737 1739 232
1737 1738 238
1738 1827 168
1740 1745 224
1740 1744 99
1740 1743 113
1740 1742 108
1740 1741 90
1741 2120 159
1742 1908 181
1743 1860 178
1744 1819 123
1745 1747 288
1746 1747 276
1748 1749 208
1750 1751 437
1751 2087 357
1751 2010 356
1752 1756 190
1752 1755 320
1752 1754 245
1752 1753 304
1753 1965 359
1754 1902 255
1755 1951 322
1757 1769 100
1758 1759 19
1760 1762 333
1760 1761 347
1761 1887 325
1763 2116 210
1763 1764 151
1764 1767 134
1764 1766 208
1764 1765 81
1766 2013 355
1767 2027 182
1768 1963 165
1770 2060 274
1771 2036 72
1772 1774 86
1772 1773 120
1773 1838 111
1776 2022 180
1777 1781 383
1777 1780 366
1777 1779 363
1777 1778 367
1778 1946 380
1779 2008 334
1780 2072 355
1781 1959 397
1782 1926 138
1782 1784 203
1782 1783 203
1783 1813 191
1784 2117 156
1785 2056 236
1786 1935 263
1788 1789 240
1789 2009 236
1790 1936 341
1794 2077 196
1796 1798 207
1796 1797 127
1797 1837 109
1798 2001 291
1800 1801 66
1804 2045 33
1805 1809 159
1805 1808 271
1805 1807 257
1805 1806 264
1806 1949 271
1807 2055 213
1808 1949 278
1809 1949 166
1810 1812 343
1810 1811 339
1811 1848 347
1812 1848 351
1813 1814 140
1815 1984 398
1815 1898 419
1815 1816 403
1816 1906 373
1817 1818 38
1819 1820 185
1820 2123 195
1821 1822 308
1822 2047 347
1823 1824 229
1824 2090 242
1825 2064 264
1827 1828 111
1828 1838 119
1829 1838 129
1830 1838 115
1832 2075 241
1833 1837 256
1833 1836 290
1833 1835 353
1833 1834 295
1834 1908 270
1835 1931 358
1839 1950 222
1841 1842 198
1842 2062 59
1842 1960 109
1843 2083 144
1844 2083 186
1845 1918 140
1846 1918 187
1850 2109 114
1851 2100 191
1852 2026 263
1855 1856 192
1856 1857 210
1858 1866 269
1858 1865 331
1858 1859 346
1859 1931 340
1861 2118 134
1862 1864 209
1862 1863 89
1864 2008 310
1865 2024 358
1866 1971 248
1868 1964 83
1869 1870 89
1873 1874 311
1874 1961 277
1874 2071 323
1874 2007 377
1874 1946 380
1875 1877 260
1875 1876 317
1876 2064 321
1877 1972 171
1880 1881 9
1882 1884 303
1882 1883 241
1885 2112 278
1886 2040 81
1888 1889 307
1889 1931 305
1890 1892 122
1890 1891 165
1891 2034 190
1892 2063 133
1892 1956 78
1895 2068 88
1896 2070 55
1897 2124 91
1899 2009 235
1903 1904 342
1904 2013 382
1906 1907 379
1907 2001 385
1911 1913 31
1911 1912 59
1914 2047 315
1915 2108 208
1918 1920 204
1918 1919 131
1920 1945 253
1923 1924 281
1924 2041 276
1926 1956 67
1930 2053 41
1931 1932 311
1932 2120 276
1933 1934 89
1934 2094 30
1935 1936 283
1937 1984 329
1937 1938 312
1938 2092 326
1938 2041 325
1939 2070 20
1940 1941 225
1941 1963 215
1943 1944 37
1947 2048 339
1948 2054 319
1949 1950 262
1951 1954 246
1951 1953 281
1951 1952 272
1953 1965 334
1955 2015 398
1956 1958 42
1956 1957 50
1957 2117 75
1961 1962 315
1962 2007 415
1966 1990 268
1967 1968 151
1969 2006 34
1973 2064 299
1974 2064 281
1974 1977 274
1975 2064 286
1976 2064 367
1977 2000 301
1977 1999 289
1977 1981 289
1977 1980 277
1977 1978 280
1979 2064 307
1982 2064 279
1983 2014 97
1987 1988 120
1988 2021 201
1989 2026 146
1991 1992 394
1993 2091 392
1996 1997 274
1997 2048 348
1998 2087 308
1999 2064 296
2000 2064 309
2001 2002 386
2002 2065 330
2004 2005 153
2010 2011 348
2011 2076 422
2014 2034 152
2017 2018 35
2018 2093 80
2020 2023 140
2020 2021 233
2024 2025 412
2025 2114 393
2028 2029 215
2029 2058 290
2032 2034 175
2037 2038 171
2038 2067 180
2043 2075 214
2045 2046 116
2046 2102 185
2060 2061 235
2072 2073 374
2073 2088 378
2102 2103 235
2105 2106 303
2106 2113 252
2121 2122 173
