new_label original_label
1 0
2 1
3 2
4 4
5 9
6 11
7 12
8 13
9 14
10 15
11 16
12 17
13 18
14 19
15 20
16 21
17 22
18 23
19 24
20 25
21 26
22 27
23 28
24 29
25 30
26 31
27 32
28 33
29 34
30 35
31 36
32 37
33 38
34 39
35 40
36 41
37 42
38 43
39 44
40 45
41 46
42 47
43 48
44 49
45 50
46 51
47 52
48 53
49 54
50 55
51 56
52 57
53 58
54 59
55 60
56 61
57 62
58 80
59 102
60 103
61 105
62 106
63 107
64 108
65 110
66 111
67 112
68 113
69 114
70 115
71 116
72 117
73 118
74 119
75 120
76 153
77 154
78 155
79 156
80 157
81 158
82 159
83 161
84 162
85 164
86 165
87 166
88 167
89 168
90 169
91 170
92 171
93 172
94 173
95 174
96 175
97 176
98 177
99 178
100 179
101 180
102 181
103 182
104 183
105 184
106 185
107 186
108 206
109 207
110 208
111 209
112 210
113 211
114 212
115 213
116 214
117 215
118 216
119 217
120 218
121 219
122 220
123 221
124 222
125 223
126 224
127 226
128 227
129 228
130 229
131 230
132 231
133 232
134 233
135 234
136 235
137 236
138 237
139 238
140 239
141 240
142 241
143 242
144 243
145 245
146 247
147 248
148 249
149 250
150 251
151 252
152 253
153 254
154 255
155 256
156 257
157 258
158 259
159 260
160 261
161 262
162 263
163 264
164 265
165 266
166 267
167 268
168 269
169 270
170 271
171 272
172 273
173 274
174 275
175 276
176 300
177 329
178 330
179 331
180 332
181 333
182 334
183 335
184 336
185 337
186 338
187 339
188 340
189 341
190 342
191 343
192 345
193 346
194 349
195 352
196 353
197 354
198 355
199 356
200 357
201 358
202 359
203 360
204 361
205 362
206 363
207 364
208 365
209 383
210 384
211 385
212 386
213 387
214 388
215 389
216 390
217 391
218 392
219 393
220 394
221 395
222 396
223 397
224 398
225 399
226 400
227 401
228 402
229 403
230 404
231 405
232 406
233 407
234 408
235 409
236 410
237 411
238 412
239 413
240 414
241 415
242 416
243 417
244 419
245 420
246 421
247 422
248 425
249 426
250 427
251 429
252 430
253 431
254 432
255 433
256 434
257 450
258 451
259 452
260 453
261 454
262 455
263 456
264 457
265 458
266 459
267 460
268 461
269 462
270 463
271 464
272 465
273 466
274 467
275 468
276 469
277 470
278 471
279 472
280 473
281 474
282 475
283 476
284 477
285 478
286 479
287 480
288 481
289 482
290 483
291 484
292 485
293 486
294 487
295 488
296 489
297 490
298 491
299 492
300 493
301 494
302 495
303 496
304 497
305 498
306 499
307 500
308 501
309 502
310 503
311 504
312 505
313 506
314 507
315 508
316 509
317 510
318 511
319 512
320 513
321 514
322 515
323 516
324 517
325 518
326 519
327 520
328 521
329 522
330 523
331 524
332 525
333 526
334 527
335 529
336 530
337 531
338 532
339 533
340 534
341 535
342 536
343 537
344 538
345 539
346 540
347 541
348 542
349 543
350 544
351 545
352 546
353 547
354 548
355 549
356 550
357 551
358 552
359 553
360 554
361 555
362 556
363 557
364 558
365 559
366 560
367 561
368 562
369 563
370 564
371 565
372 566
373 567
374 568
375 569
376 570
377 571
378 572
379 573
380 574
381 575
382 576
383 577
384 579
385 580
386 581
387 582
388 583
389 584
390 585
391 586
392 587
393 588
394 589
395 590
396 591
397 593
398 594
399 595
400 596
401 597
402 598
403 599
404 600
405 601
406 602
407 603
408 604
409 605
410 606
411 607
412 608
413 609
414 610
415 611
416 612
417 613
418 626
419 633
420 634
421 636
422 637
423 638
424 639
425 640
426 641
427 642
428 643
429 644
430 645
431 647
432 648
433 649
434 650
435 655
436 656
437 657
438 658
439 659
440 660
441 661
442 662
443 663
444 664
445 665
446 666
447 667
448 668
449 669
450 670
451 671
452 672
453 673
454 674
455 675
456 676
457 677
458 678
459 682
460 683
461 684
462 685
463 687
464 689
465 690
466 692
467 693
468 694
469 695
470 696
471 697
472 698
473 699
474 700
475 701
476 702
477 706
478 708
479 709
480 710
481 711
482 712
483 714
484 756
485 757
486 758
487 759
488 760
489 761
490 762
491 763
492 764
493 765
494 766
495 767
496 768
497 769
498 770
499 771
500 772
501 773
502 797
503 798
504 799
505 800
506 801
507 802
508 803
509 804
510 805
511 806
512 807
513 817
514 818
515 819
516 820
517 821
518 822
519 824
520 825
521 826
522 827
523 828
524 829
525 830
526 831
527 832
528 833
529 834
530 835
531 836
532 837
533 911
534 912
535 913
536 914
537 915
538 916
539 917
540 918
541 919
542 920
543 921
544 922
545 923
546 924
547 925
548 926
549 927
550 929
551 930
552 931
553 934
554 937
555 938
556 940
557 944
558 945
559 946
560 947
561 948
562 949
563 950
564 951
565 952
566 953
567 954
568 955
569 956
570 957
571 958
572 960
573 961
574 962
575 963
576 964
577 965
578 966
579 967
580 968
581 969
582 970
583 971
584 972
585 973
586 975
587 976
588 977
589 978
590 979
591 981
592 984
593 988
594 989
595 990
596 993
597 994
598 995
599 997
600 1000
601 1019
602 1020
603 1021
604 1022
605 1023
606 1024
607 1025
608 1026
609 1027
610 1028
611 1029
612 1031
613 1032
614 1033
615 1035
616 1036
617 1037
618 1039
619 1040
620 1041
621 1042
622 1043
623 1044
624 1045
625 1046
626 1047
627 1048
628 1049
629 1050
630 1051
631 1062
632 1063
633 1064
634 1065
635 1066
636 1067
637 1068
638 1069
639 1070
640 1071
641 1072
642 1074
643 1075
644 1076
645 1077
646 1078
647 1079
648 1080
649 1081
650 1082
651 1083
652 1084
653 1085
654 1086
655 1087
656 1088
657 1089
658 1092
659 1093
660 1094
661 1096
662 1097
663 1098
664 1100
665 1101
666 1103
667 1104
668 1120
669 1121
670 1122
671 1123
672 1124
673 1125
674 1126
675 1127
676 1128
677 1129
678 1130
679 1131
680 1132
681 1133
682 1134
683 1135
684 1136
685 1137
686 1138
687 1139
688 1140
689 1141
690 1142
691 1143
692 1144
693 1145
694 1146
695 1147
696 1148
697 1149
698 1150
699 1151
700 1152
701 1153
702 1154
703 1155
704 1156
705 1157
706 1158
707 1159
708 1160
709 1161
710 1162
711 1163
712 1164
713 1165
714 1166
715 1167
716 1168
717 1169
718 1170
719 1171
720 1172
721 1173
722 1175
723 1176
724 1177
725 1178
726 1179
727 1181
728 1182
729 1183
730 1184
731 1185
732 1188
733 1225
734 1226
735 1234
736 1240
737 1241
738 1243
739 1244
740 1245
741 1252
742 1253
743 1254
744 1256
745 1260
746 1261
747 1262
748 1263
749 1264
750 1265
751 1266
752 1267
753 1268
754 1269
755 1270
756 1271
757 1272
758 1273
759 1274
760 1275
761 1276
762 1277
763 1278
764 1280
765 1309
766 1310
767 1311
768 1312
769 1313
770 1314
771 1315
772 1316
773 1320
774 1323
775 1330
776 1336
777 1337
778 1339
779 1340
780 1374
781 1381
782 1394
783 1395
784 1398
785 1401
786 1402
787 1403
788 1404
789 1405
790 1406
791 1407
792 1408
793 1410
794 1419
795 1422
796 1423
797 1424
798 1426
799 1427
800 1428
801 1429
802 1430
803 1431
804 1432
805 1433
806 1434
807 1436
808 1437
809 1438
810 1439
811 1440
812 1441
813 1442
814 1443
815 1444
816 1445
817 1446
818 1447
819 1448
820 1449
821 1450
822 1451
823 1452
824 1453
825 1454
826 1455
827 1456
828 1470
829 1471
830 1472
831 1473
832 1474
833 1475
834 1476
835 1477
836 1478
837 1479
838 1480
839 1481
840 1482
841 1483
842 1484
843 1496
844 1497
845 1498
846 1499
847 1500
848 1501
849 1503
850 1504
851 1505
852 1509
853 1510
854 1512
855 1513
856 1514
857 1515
858 1516
859 1517
860 1518
861 1519
862 1520
863 1521
864 1522
865 1523
866 1524
867 1525
868 1526
869 1527
870 1528
871 1529
872 1530
873 1531
874 1532
875 1533
876 1534
877 1535
878 1536
879 1537
880 1538
881 1539
882 1540
883 1541
884 1542
885 1543
886 1544
887 1545
888 1546
889 1547
890 1548
891 1549
892 1550
893 1551
894 1552
895 1553
896 1555
897 1556
898 1557
899 1558
900 1559
901 1576
902 1577
903 1578
904 1579
905 1580
906 1581
907 1582
908 1583
909 1584
910 1586
911 1588
912 1589
913 1592
914 1593
915 1613
916 1615
917 1616
918 1617
919 1618
920 1619
921 1620
922 1621
923 1622
924 1623
925 1624
926 1625
927 1626
928 1627
929 1628
930 1629
931 1630
932 1631
933 1632
934 1633
935 1634
936 1635
937 1636
938 1637
939 1638
940 1639
941 1640
942 1641
943 1642
944 1643
945 1644
946 1645
947 1646
948 1647
949 1648
950 1664
951 1665
952 1666
953 1667
954 1668
955 1669
956 1670
957 1671
958 1672
959 1673
960 1674
961 1675
962 1676
963 1677
964 1678
965 1679
966 1680
967 1681
968 1682
969 1683
970 1684
971 1685
972 1695
973 1696
974 1697
975 1698
976 1699
977 1700
978 1701
979 1702
980 1703
981 1704
982 1705
983 1706
984 1708
985 1709
986 1710
987 1711
988 1712
989 1713
990 1714
991 1715
992 1716
993 1717
994 1718
995 1719
996 1720
997 1721
998 1722
999 1725
1000 1726
1001 1727
1002 1728
1003 1729
1004 1730
1005 1731
1006 1732
1007 1733
1008 1734
1009 1735
1010 1736
1011 1737
1012 1738
1013 1739
1014 1740
1015 1741
1016 1742
1017 1743
1018 1744
1019 1745
1020 1746
1021 1747
1022 1748
1023 1749
1024 1750
1025 1751
1026 1752
1027 1753
1028 1754
1029 1755
1030 1756
1031 1757
1032 1758
1033 1759
1034 1760
1035 1761
1036 1762
1037 1763
1038 1764
1039 1765
1040 1766
1041 1767
1042 1768
1043 1769
1044 1770
1045 1771
1046 1772
1047 1773
1048 1774
1049 1775
1050 1777
1051 1778
1052 1779
1053 1780
1054 1781
1055 1782
1056 1783
1057 1784
1058 1785
1059 1786
1060 1787
1061 1788
1062 1789
1063 1790
1064 1791
1065 1792
1066 1793
1067 1794
1068 1795
1069 1796
1070 1797
1071 1798
1072 1799
1073 1820
1074 1821
1075 1822
1076 1823
1077 1824
1078 1825
1079 1826
1080 1827
1081 1828
1082 1830
1083 1831
1084 1832
1085 1833
1086 1834
1087 1836
1088 1837
1089 1839
1090 1840
1091 1841
1092 1843
1093 1844
1094 1845
1095 1846
1096 1847
1097 1848
1098 1849
1099 1850
1100 1851
1101 1852
1102 1853
1103 1856
1104 1858
1105 1859
1106 1862
1107 1863
1108 1864
1109 1865
1110 1866
1111 1867
1112 1869
1113 1870
1114 1871
1115 1873
1116 1874
1117 1875
1118 1876
1119 1877
1120 1878
1121 1879
1122 1880
1123 1881
1124 1882
1125 1884
1126 1885
1127 1886
1128 1888
1129 1889
1130 1890
1131 1891
1132 1892
1133 1893
1134 1920
1135 1921
1136 1923
1137 1924
1138 1926
1139 1927
1140 1928
1141 1929
1142 1930
1143 1931
1144 1932
1145 1933
1146 1935
1147 1939
1148 1946
1149 1947
1150 1948
1151 1949
1152 1950
1153 1951
1154 1952
1155 1953
1156 1960
1157 1964
1158 1969
1159 1970
1160 1971
1161 1972
1162 1973
1163 1975
1164 1976
1165 1977
1166 1979
1167 1980
1168 1981
1169 1982
1170 1983
1171 1984
1172 1985
1173 1986
1174 1987
1175 1988
1176 1990
1177 1991
1178 1992
1179 1993
1180 1994
1181 1995
1182 1996
1183 1997
1184 1998
1185 2000
1186 2001
1187 2003
1188 2004
1189 2005
1190 2006
1191 2007
1192 2008
1193 2009
1194 2010
1195 2011
1196 2013
1197 2014
1198 2015
1199 2016
1200 2017
1201 2018
1202 2019
1203 2020
1204 2021
1205 2022
1206 2023
1207 2024
1208 2025
1209 2026
1210 2027
1211 2028
1212 2029
1213 2034
1214 2035
1215 2036
1216 2037
1217 2038
1218 2039
1219 2040
1220 2041
1221 2042
1222 2043
1223 2044
1224 2045
1225 2046
1226 2047
1227 2048
1228 2049
1229 2057
1230 2059
1231 2060
1232 2061
1233 2062
1234 2063
1235 2064
1236 2065
1237 2067
1238 2068
1239 2069
1240 2070
1241 2071
1242 2072
1243 2073
1244 2074
1245 2078
1246 2089
1247 2099
1248 2100
1249 2101
1250 2102
1251 2103
1252 2104
1253 2105
1254 2106
1255 2107
1256 2108
1257 2109
1258 2121
1259 2122
1260 2123
1261 2124
1262 2125
1263 2126
1264 2150
1265 2151
1266 2152
1267 2153
1268 2154
1269 2155
1270 2156
1271 2157
1272 2158
1273 2159
1274 2160
1275 2161
1276 2162
1277 2163
1278 2164
1279 2165
1280 2166
1281 2168
1282 2169
1283 2170
1284 2171
1285 2172
1286 2173
1287 2174
1288 2175
1289 2176
1290 2177
1291 2178
1292 2179
1293 2180
1294 2181
1295 2187
1296 2188
1297 2189
1298 2190
1299 2191
1300 2192
1301 2193
1302 2194
1303 2195
1304 2196
1305 2200
1306 2201
1307 2202
1308 2203
1309 2204
1310 2205
1311 2206
1312 2207
1313 2208
1314 2209
1315 2210
1316 2211
1317 2212
1318 2213
1319 2214
1320 2215
1321 2216
1322 2217
1323 2218
1324 2219
1325 2220
1326 2221
1327 2222
1328 2223
1329 2225
1330 2226
1331 2227
1332 2228
1333 2230
1334 2231
1335 2235
1336 2253
1337 2259
1338 2261
1339 2263
1340 2264
1341 2265
1342 2266
1343 2269
1344 2271
1345 2272
1346 2273
1347 2274
1348 2275
1349 2276
1350 2277
1351 2279
1352 2280
1353 2281
1354 2282
1355 2283
1356 2284
1357 2285
1358 2286
1359 2287
1360 2288
1361 2289
1362 2290
1363 2291
1364 2292
1365 2293
1366 2294
1367 2295
1368 2296
1369 2297
1370 2298
1371 2299
1372 2300
1373 2301
1374 2302
1375 2306
1376 2307
1377 2308
1378 2310
1379 2311
1380 2315
1381 2319
1382 2320
1383 2321
1384 2323
1385 2324
1386 2326
1387 2327
1388 2328
1389 2329
1390 2330
1391 2331
1392 2332
1393 2333
1394 2334
1395 2335
1396 2336
1397 2338
1398 2339
1399 2340
1400 2342
1401 2343
1402 2344
1403 2345
1404 2346
1405 2347
1406 2348
1407 2349
1408 2350
1409 2351
1410 2352
1411 2353
1412 2354
1413 2355
1414 2357
1415 2358
1416 2359
1417 2360
1418 2361
1419 2363
1420 2367
1421 2380
1422 2381
1423 2384
1424 2385
1425 2386
1426 2387
1427 2389
1428 2392
1429 2420
1430 2421
1431 2422
1432 2423
1433 2424
1434 2425
1435 2426
1436 2427
1437 2429
1438 2430
1439 2451
1440 2452
1441 2455
1442 2456
1443 2457
1444 2458
1445 2459
1446 2460
1447 2462
1448 2463
1449 2464
1450 2465
1451 2466
1452 2467
1453 2469
1454 2471
1455 2473
1456 2474
1457 2475
1458 2476
1459 2477
1460 2478
1461 2479
1462 2480
1463 2482
1464 2483
1465 2484
1466 2485
1467 2486
1468 2506
1469 2507
1470 2508
1471 2509
1472 2510
1473 2511
1474 2512
1475 2513
1476 2514
1477 2515
1478 2516
1479 2517
1480 2518
1481 2519
1482 2520
1483 2521
1484 2522
1485 2523
1486 2524
1487 2525
1488 2526
1489 2527
1490 2528
1491 2529
1492 2530
1493 2531
1494 2532
1495 2533
1496 2534
1497 2535
1498 2536
1499 2537
1500 2539
1501 2540
1502 2541
1503 2544
1504 2552
1505 2555
1506 2556
1507 2557
1508 2558
1509 2559
1510 2560
1511 2561
1512 2562
1513 2564
1514 2566
1515 2567
1516 2568
1517 2569
1518 2570
1519 2571
1520 2572
1521 2573
1522 2574
1523 2575
1524 2576
1525 2577
1526 2578
1527 2579
1528 2580
1529 2581
1530 2582
1531 2595
1532 2599
1533 2600
1534 2603
1535 2604
1536 2605
1537 2606
1538 2608
1539 2609
1540 2610
1541 2611
1542 2612
1543 2613
1544 2614
1545 2615
1546 2617
1547 2618
1548 2619
1549 2621
1550 2622
1551 2623
1552 2624
1553 2625
1554 2626
1555 2627
1556 2628
1557 2629
1558 2630
1559 2631
1560 2632
1561 2633
1562 2634
1563 2635
1564 2636
1565 2638
1566 2639
1567 2659
1568 2664
1569 2665
1570 2666
1571 2667
1572 2668
1573 2669
1574 2670
1575 2671
1576 2673
1577 2675
1578 2677
1579 2681
1580 2682
1581 2683
1582 2685
1583 2686
1584 2688
1585 2689
1586 2691
1587 2692
1588 2693
1589 2694
1590 2695
1591 2696
1592 2697
1593 2699
1594 2700
1595 2701
1596 2702
1597 2703
1598 2704
1599 2705
1600 2706
1601 2708
1602 2710
1603 2711
1604 2717
1605 2718
1606 2719
1607 2720
1608 2721
1609 2722
1610 2723
1611 2725
1612 2726
1613 2728
1614 2730
1615 2731
1616 2732
1617 2733
1618 2755
1619 2756
1620 2757
1621 2758
1622 2759
1623 2760
1624 2761
1625 2762
1626 2764
1627 2766
1628 2767
1629 2768
1630 2769
1631 2770
1632 2771
1633 2772
1634 2773
1635 2774
1636 2775
1637 2776
1638 2778
1639 2779
1640 2780
1641 2781
1642 2782
1643 2783
1644 2784
1645 2785
1646 2786
1647 2787
1648 2788
1649 2789
1650 2790
1651 2791
1652 2792
1653 2793
1654 2794
1655 2795
1656 2796
1657 2797
1658 2801
1659 2802
1660 2806
1661 2807
1662 2808
1663 2809
1664 2811
1665 2812
1666 2813
1667 2843
1668 2844
1669 2845
1670 2847
1671 2855
1672 2857
1673 2858
1674 2859
1675 2860
1676 2861
1677 2874
1678 2875
1679 2876
1680 2883
1681 2884
1682 2886
1683 2887
1684 2888
1685 2890
1686 2891
1687 2892
1688 2893
1689 2894
1690 2895
1691 2896
1692 2906
1693 2907
1694 2908
1695 2909
1696 2911
1697 2912
1698 2913
1699 2920
1700 2921
1701 2922
1702 2923
1703 2924
1704 2925
1705 2926
1706 2927
1707 2928
1708 2950
1709 2951
1710 2952
1711 2953
1712 2954
1713 2955
1714 2956
1715 2957
1716 2958
1717 2959
1718 2960
1719 2961
1720 2962
1721 2967
1722 2975
1723 2980
1724 3001
1725 3004
1726 3006
1727 3016
1728 3017
1729 3018
1730 3019
1731 3020
1732 3024
1733 3026
1734 3027
1735 3028
1736 3029
1737 3030
1738 3043
1739 3044
1740 3045
1741 3046
1742 3048
1743 3049
1744 3050
1745 3051
1746 3052
1747 3053
1748 3054
1749 3055
1750 3056
1751 3057
1752 3058
1753 3064
1754 3065
1755 3066
1756 3067
1757 3068
1758 3069
1759 3070
1760 3072
1761 3073
1762 3074
1763 3075
1764 3078
1765 3090
1766 3091
1767 3096
1768 3097
1769 3098
1770 3099
1771 3100
1772 3101
1773 3102
1774 3103
1775 3104
1776 3105
1777 3106
1778 3107
1779 3108
1780 3109
1781 3110
1782 3111
1783 3112
1784 3113
1785 3114
1786 3115
1787 3116
1788 3123
1789 3132
1790 3134
1791 3137
1792 3139
1793 3142
1794 3143
1795 3147
1796 3148
1797 3156
1798 3158
1799 3159
1800 3160
1801 3161
1802 3162
1803 3163
1804 3164
1805 3165
1806 3166
1807 3167
1808 3168
1809 3169
1810 3170
1811 3171
1812 3172
1813 3173
1814 3184
1815 3185
1816 3186
1817 3187
1818 3188
1819 3189
1820 3190
1821 3191
1822 3196
1823 3197
1824 3200
1825 3201
1826 3204
1827 3205
1828 3206
1829 3217
1830 3218
1831 3220
1832 3221
1833 3225
1834 3226
1835 3227
1836 3228
1837 3229
1838 3230
1839 3231
1840 3232
1841 3233
1842 3234
1843 3235
1844 3237
1845 3258
1846 3261
1847 3263
1848 3264
1849 3265
1850 3266
1851 3267
1852 3268
1853 3269
1854 3270
1855 3271
1856 3272
1857 3273
1858 3277
1859 3278
1860 3286
1861 3296
1862 3297
1863 3298
1864 3299
1865 3300
1866 3301
1867 3302
1868 3320
1869 3321
1870 3322
1871 3323
1872 3324
1873 3325
1874 3333
1875 3334
1876 3335
1877 3336
1878 3337
1879 3338
1880 3339
1881 3343
1882 3346
1883 3347
1884 3348
1885 3349
1886 3350
1887 3353
1888 3359
1889 3360
1890 3361
1891 3362
1892 3363
1893 3364
1894 3365
1895 3366
1896 3367
1897 3368
1898 3369
1899 3373
1900 3378
1901 3379
1902 3380
1903 3382
1904 3383
1905 3384
1906 3385
1907 3386
1908 3387
1909 3388
1910 3389
1911 3390
1912 3391
1913 3394
1914 3395
1915 3396
1916 3397
1917 3398
1918 3399
1919 3400
1920 3401
1921 3402
1922 3403
1923 3404
1924 3405
1925 3406
1926 3407
1927 3408
1928 3410
1929 3411
1930 3412
1931 3413
1932 3414
1933 3415
1934 3416
1935 3418
1936 3419
1937 3420
1938 3421
1939 3422
1940 3423
1941 3424
1942 3425
1943 3426
1944 3427
1945 3430
1946 3431
1947 3432
1948 3433
1949 3434
1950 3435
1951 3436
1952 3438
1953 3439
1954 3443
1955 3444
1956 3445
1957 3446
1958 3447
1959 3452
1960 3462
1961 3463
1962 3466
1963 3467
1964 3468
1965 3469
1966 3470
1967 3472
1968 3473
1969 3478
1970 3480
1971 3487
1972 3488
1973 3490
1974 3491
1975 3494
1976 3496
1977 3497
1978 3498
1979 3499
1980 3500
1981 3501
1982 3502
1983 3503
1984 3504
1985 3505
1986 3506
1987 3507
1988 3508
1989 3509
1990 3510
1991 3511
1992 3514
1993 3515
1994 3522
1995 3523
1996 3524
1997 3525
1998 3526
1999 3527
2000 3531
2001 3532
2002 3533
2003 3534
2004 3536
2005 3537
2006 3538
2007 3539
2008 3540
2009 3548
2010 3549
2011 3551
2012 3552
2013 3553
2014 3554
2015 3555
2016 3556
2017 3557
2018 3561
2019 3565
2020 3566
2021 3567
2022 3568
2023 3569
2024 3574
2025 3575
2026 3576
2027 3577
2028 3578
2029 3579
2030 3580
2031 3581
2032 3582
2033 3583
2034 3584
2035 3585
2036 3586
2037 3587
2038 3588
2039 3589
2040 3590
2041 3591
2042 3592
2043 3593
2044 3594
2045 3595
2046 3596
2047 3597
2048 3598
2049 3599
2050 3600
2051 3601
2052 3602
2053 3603
2054 3606
2055 3607
2056 3609
2057 3619
2058 3620
2059 3621
2060 3622
2061 3623
2062 3624
2063 3627
2064 3628
2065 3629
2066 3630
2067 3631
2068 3632
2069 3633
2070 3634
2071 3635
2072 3636
2073 3637
2074 3638
2075 3639
2076 3640
2077 3641
2078 3643
2079 3650
2080 3652
2081 3653
2082 3654
2083 3657
2084 3658
2085 3659
2086 3660
2087 3661
2088 3662
2089 3663
2090 3664
2091 3665
2092 3666
2093 3667
2094 3668
2095 3669
2096 3670
2097 3671
2098 3672
2099 3673
2100 3677
2101 3678
2102 3679
2103 3680
2104 3681
2105 3682
2106 3683
2107 3685
2108 3694
2109 3695
2110 3696
2111 3697
2112 3698
2113 3700
2114 3701
2115 3702
2116 3703
2117 3704
2118 3705
2119 3727
2120 3728
2121 3729
2122 3730
2123 3734
2124 3735
2125 3737
2126 3739
2127 3740
2128 3741
2129 3750
2130 3751
2131 3752
2132 3753
2133 3754
2134 3755
2135 3756
2136 3757
2137 3759
2138 3760
2139 3761
2140 3764
2141 3765
2142 3772
2143 3773
2144 3774
2145 3775
2146 3776
2147 3777
2148 3778
2149 3794
2150 3795
2151 3796
2152 3799
2153 3802
2154 3803
2155 3804
2156 3805
2157 3806
2158 3807
2159 3808
2160 3809
2161 3810
2162 3811
2163 3812
2164 3813
2165 3814
2166 3822
2167 3823
2168 3825
2169 3826
2170 3827
2171 3828
2172 3829
2173 3830
2174 3832
2175 3836
2176 3837
2177 3838
2178 3839
2179 3840
2180 3841
2181 3842
2182 3844
2183 3845
2184 3846
2185 3851
2186 3852
2187 3853
2188 3854
2189 3855
2190 3856
2191 3857
2192 3858
2193 3859
2194 3860
2195 3862
2196 3863
2197 3864
2198 3865
2199 3866
2200 3867
2201 3868
2202 3869
2203 3870
2204 3880
2205 3883
2206 3886
2207 3887
2208 3888
2209 3889
2210 3890
2211 3898
2212 3899
2213 3900
2214 3901
2215 3902
2216 3903
2217 3909
2218 3911
2219 3912
2220 3913
2221 3914
2222 3915
2223 3916
2224 3917
2225 3918
2226 3925
2227 3926
2228 3927
2229 3928
2230 3929
2231 3930
2232 3931
2233 3932
2234 3933
2235 3934
2236 3935
2237 3936
2238 3937
2239 3938
2240 3939
2241 3940
2242 3941
2243 3954
2244 3955
2245 3956
2246 3957
2247 3958
2248 3960
2249 3961
2250 3972
2251 3973
2252 3974
2253 3984
2254 3985
2255 3991
2256 3992
2257 3995
2258 3996
2259 3997
2260 3999
2261 4000
2262 4002
2263 4003
2264 4004
2265 4008
2266 4011
2267 4012
2268 4013
2269 4014
2270 4015
2271 4016
2272 4017
2273 4018
2274 4026
2275 4027
2276 4028
2277 4029
2278 4030
2279 4031
2280 4032
2281 4033
2282 4034
2283 4035
2284 4037
2285 4038
2286 4039
2287 4044
2288 4062
2289 4066
2290 4067
2291 4068
2292 4069
2293 4070
2294 4071
2295 4072
2296 4073
2297 4074
2298 4075
2299 4076
2300 4077
2301 4078
2302 4079
2303 4080
2304 4082
2305 4091
2306 4093
2307 4094
2308 4095
2309 4097
2310 4104
2311 4105
2312 4106
2313 4107
2314 4108
2315 4109
2316 4110
2317 4111
2318 4112
2319 4113
2320 4114
2321 4115
2322 4116
2323 4117
2324 4118
2325 4119
2326 4120
2327 4128
2328 4129
2329 4130
2330 4131
2331 4132
2332 4133
2333 4134
2334 4135
2335 4136
2336 4137
2337 4138
2338 4139
2339 4140
2340 4141
2341 4142
2342 4143
2343 4144
2344 4145
2345 4146
2346 4160
2347 4161
2348 4162
2349 4164
2350 4165
2351 4168
2352 4169
2353 4170
2354 4171
2355 4172
2356 4173
2357 4182
2358 4183
2359 4185
2360 4186
2361 4187
2362 4188
2363 4189
2364 4190
2365 4191
2366 4192
2367 4193
2368 4194
2369 4201
2370 4202
2371 4204
2372 4205
2373 4206
2374 4207
2375 4208
2376 4210
2377 4211
2378 4216
2379 4217
2380 4218
2381 4222
2382 4223
2383 4224
2384 4225
2385 4227
2386 4228
2387 4229
2388 4230
2389 4243
2390 4246
2391 4247
2392 4261
2393 4262
2394 4274
2395 4275
2396 4279
2397 4283
2398 4284
2399 4285
2400 4286
2401 4287
2402 4291
2403 4292
2404 4295
2405 4296
2406 4297
2407 4298
2408 4299
2409 4300
2410 4301
2411 4302
2412 4303
2413 4304
2414 4311
2415 4312
2416 4313
2417 4314
2418 4315
2419 4317
2420 4318
2421 4319
2422 4320
2423 4321
2424 4322
2425 4323
2426 4324
2427 4325
2428 4326
2429 4327
2430 4328
2431 4329
2432 4330
2433 4331
2434 4332
2435 4333
2436 4334
2437 4341
2438 4342
2439 4343
2440 4344
2441 4345
2442 4346
2443 4347
2444 4348
2445 4349
2446 4350
2447 4351
2448 4352
2449 4353
2450 4355
2451 4362
2452 4363
2453 4364
2454 4365
2455 4369
2456 4370
2457 4375
2458 4376
2459 4379
2460 4380
2461 4381
2462 4382
2463 4392
2464 4393
2465 4394
2466 4397
2467 4399
2468 4400
2469 4401
2470 4402
2471 4403
2472 4404
2473 4405
2474 4408
2475 4409
2476 4410
2477 4411
2478 4412
2479 4413
2480 4414
2481 4415
2482 4416
2483 4417
2484 4418
2485 4419
2486 4420
2487 4421
2488 4424
2489 4430
2490 4431
2491 4432
2492 4433
2493 4440
2494 4442
2495 4443
2496 4444
2497 4445
2498 4446
2499 4450
2500 4451
2501 4457
2502 4460
2503 4461
2504 4462
2505 4465
2506 4466
2507 4467
2508 4468
2509 4469
2510 4470
2511 4471
2512 4472
2513 4473
2514 4474
2515 4477
2516 4482
2517 4483
2518 4484
2519 4491
2520 4492
2521 4493
2522 4494
2523 4495
2524 4496
2525 4497
2526 4499
2527 4500
2528 4505
2529 4510
2530 4511
2531 4512
2532 4513
2533 4514
2534 4515
2535 4517
2536 4518
2537 4520
2538 4521
2539 4523
2540 4524
2541 4525
2542 4526
2543 4527
2544 4529
2545 4530
2546 4532
2547 4533
2548 4537
2549 4538
2550 4539
2551 4540
2552 4541
2553 4544
2554 4545
2555 4558
2556 4561
2557 4562
2558 4563
2559 4564
2560 4565
2561 4566
2562 4570
2563 4574
2564 4578
2565 4586
2566 4587
2567 4588
2568 4589
2569 4592
2570 4593
2571 4594
2572 4595
2573 4596
2574 4600
2575 4601
2576 4605
2577 4608
2578 4609
2579 4610
2580 4612
2581 4613
2582 4614
2583 4615
2584 4616
2585 4617
2586 4620
2587 4621
2588 4622
2589 4625
2590 4628
2591 4629
2592 4630
2593 4631
2594 4632
2595 4633
2596 4634
2597 4639
2598 4640
2599 4642
2600 4643
2601 4644
2602 4647
2603 4648
2604 4649
2605 4653
2606 4654
2607 4655
2608 4659
2609 4660
2610 4663
2611 4666
2612 4667
2613 4672
2614 4673
2615 4674
2616 4677
2617 4678
2618 4680
2619 4681
2620 4682
2621 4688
2622 4689
2623 4691
2624 4692
2625 4693
2626 4695
2627 4697
2628 4698
2629 4699
2630 4700
2631 4702
2632 4704
2633 4705
2634 4706
2635 4707
2636 4711
2637 4712
2638 4715
2639 4718
2640 4719
2641 4720
2642 4721
2643 4722
2644 4725
2645 4726
2646 4727
2647 4732
2648 4733
2649 4734
2650 4737
2651 4738
2652 4739
2653 4740
2654 4741
2655 4743
2656 4744
2657 4750
2658 4759
2659 4760
2660 4761
2661 4764
2662 4767
2663 4768
2664 4769
2665 4770
2666 4772
2667 4774
2668 4775
2669 4776
2670 4778
2671 4779
2672 4780
2673 4782
2674 4783
2675 4784
2676 4785
2677 4786
2678 4787
2679 4791
2680 4793
2681 4795
2682 4797
2683 4798
2684 4799
2685 4800
2686 4801
2687 4802
2688 4813
2689 4814
2690 4815
2691 4816
2692 4817
2693 4818
2694 4819
2695 4821
2696 4822
2697 4823
2698 4826
2699 4828
2700 4829
2701 4830
2702 4833
2703 4838
2704 4839
2705 4842
2706 4843
2707 4844
2708 4846
2709 4847
2710 4851
2711 4852
2712 4855
2713 4856
2714 4857
2715 4859
2716 4860
2717 4861
2718 4875
2719 4876
2720 4882
2721 4884
2722 4890
2723 4891
2724 4892
2725 4893
2726 4898
2727 4899
2728 4900
2729 4904
2730 4905
2731 4906
2732 4908
2733 4912
2734 4913
2735 4914
2736 4915
2737 4920
2738 4921
2739 4923
2740 4928
2741 4929
2742 4936
2743 4940
2744 4949
2745 4950
2746 4954
2747 4959
2748 4960
2749 4961
2750 4965
2751 4967
2752 4971
2753 4977
2754 4982
2755 4984
2756 4985
2757 4986
2758 4988
2759 4989
2760 4990
2761 4992
2762 4999
2763 5000
2764 5003
2765 5004
2766 5006
2767 5007
2768 5010
2769 5011
2770 5012
2771 5013
2772 5014
2773 5015
2774 5017
2775 5018
2776 5026
2777 5027
2778 5028
2779 5029
2780 5030
2781 5032
2782 5033
2783 5036
2784 5037
2785 5038
2786 5040
2787 5045
2788 5046
2789 5047
2790 5049
2791 5050
2792 5051
2793 5053
2794 5056
2795 5059
2796 5060
2797 5061
2798 5062
2799 5069
2800 5070
2801 5071
2802 5072
2803 5073
2804 5076
2805 5079
2806 5080
2807 5083
2808 5084
2809 5086
