new_label original_label
1 1
2 2
3 3
4 4
5 5
6 6
7 13
8 14
9 15
10 16
11 17
12 18
13 19
14 20
15 23
16 26
17 27
18 28
19 30
20 31
21 34
22 35
23 36
24 38
25 39
26 42
27 43
28 46
29 48
30 50
31 52
32 53
33 55
34 56
35 57
36 58
37 60
38 61
39 63
40 64
41 66
42 67
43 68
44 69
45 70
46 72
47 74
48 75
49 76
50 78
51 79
52 82
53 83
54 84
55 85
56 86
57 87
58 90
59 92
60 93
61 94
62 95
63 96
64 97
65 98
66 100
67 102
68 103
69 104
70 106
71 110
72 111
73 112
74 115
75 118
76 120
77 121
78 122
79 123
80 127
81 130
82 132
83 133
84 134
85 136
86 139
87 141
88 143
89 144
90 145
91 146
92 148
93 150
94 153
95 154
96 158
97 160
98 161
99 162
100 164
101 165
102 166
103 167
104 168
105 170
106 171
107 173
108 174
109 175
110 177
111 178
112 181
113 182
114 183
115 184
116 185
117 188
118 190
119 191
120 194
121 196
122 197
123 199
124 201
125 202
126 204
127 207
128 210
129 213
130 214
131 216
132 217
133 218
134 219
135 220
136 221
137 222
138 223
139 224
140 226
141 227
142 232
143 233
144 234
145 239
146 240
147 242
148 244
149 247
150 248
151 249
152 254
153 255
154 256
155 260
156 262
157 265
158 266
159 267
160 273
161 274
162 275
163 277
164 278
165 279
166 280
167 282
168 284
169 285
170 287
171 288
172 290
173 291
174 292
175 294
176 295
177 296
178 297
179 300
180 302
181 303
182 308
183 309
184 311
185 313
186 314
187 315
188 316
189 317
190 318
191 319
192 320
193 322
194 323
195 325
196 328
197 331
198 334
199 337
200 339
201 340
202 342
203 343
204 344
205 345
206 347
207 349
208 350
209 352
210 353
211 355
212 357
213 358
214 359
215 362
216 363
217 364
218 370
219 373
220 376
221 377
222 379
223 380
224 382
225 384
226 387
227 389
228 390
229 393
230 394
231 395
232 402
233 403
234 404
235 406
236 408
237 409
238 417
239 418
240 420
241 423
242 426
243 427
244 430
245 431
246 432
247 433
248 439
249 440
250 444
251 445
252 446
253 448
254 454
255 457
256 458
257 460
258 461
259 462
260 463
261 468
262 469
263 470
264 471
265 472
266 473
267 474
268 475
269 476
270 477
271 478
272 480
273 482
274 483
275 485
276 487
277 488
278 489
279 491
280 492
281 493
282 494
283 495
284 496
285 497
286 499
287 500
288 504
289 506
290 508
291 510
292 512
293 513
294 514
295 515
296 517
297 520
298 521
299 524
300 526
301 527
302 528
303 530
304 531
305 532
306 533
307 534
308 537
309 538
310 539
311 540
312 541
313 547
314 548
315 550
316 551
317 552
318 554
319 555
320 557
321 559
322 561
323 563
324 565
325 566
326 569
327 570
328 573
329 574
330 576
331 578
332 579
333 581
334 582
335 583
336 585
337 586
338 587
339 588
340 589
341 590
342 591
343 593
344 594
345 595
346 596
347 597
348 598
349 604
350 605
351 606
352 607
353 610
354 613
355 615
356 616
357 617
358 620
359 621
360 622
361 624
362 626
363 627
364 628
365 629
366 630
367 631
368 634
369 635
370 636
371 638
372 639
373 644
374 645
375 648
376 650
377 654
378 656
379 657
380 659
381 661
382 662
383 664
384 665
385 668
386 669
387 670
388 671
389 673
390 676
391 678
392 679
393 680
394 682
395 684
396 686
397 687
398 688
399 689
400 690
401 691
402 692
403 694
404 697
405 701
406 706
407 707
408 709
409 710
410 713
411 714
412 715
413 716
414 718
415 719
416 720
417 721
418 722
419 723
420 726
421 727
422 730
423 732
424 735
425 736
426 738
427 740
428 741
429 743
430 744
431 745
432 746
433 747
434 751
435 753
436 758
437 759
438 761
439 763
440 765
441 767
442 774
443 776
444 777
445 778
446 779
447 781
448 783
449 786
450 787
451 788
452 794
453 796
454 797
455 799
456 803
457 806
458 808
459 809
460 814
461 815
462 816
463 818
464 819
465 822
466 825
467 828
468 829
469 830
470 832
471 833
472 835
473 837
474 838
475 839
476 841
477 843
478 847
479 850
480 851
481 852
482 854
483 855
484 856
485 857
486 858
487 859
488 862
489 863
490 864
491 865
492 867
493 868
494 869
495 870
496 871
497 872
498 873
499 875
500 882
501 885
502 886
503 888
504 889
505 890
506 891
507 893
508 894
509 895
510 898
511 899
512 900
513 903
514 904
515 907
516 909
517 911
518 912
519 913
520 914
521 915
522 916
523 919
524 920
525 921
526 925
527 926
528 927
529 928
530 929
531 933
532 934
533 938
534 941
535 942
536 943
537 944
538 945
539 946
540 947
541 949
542 950
543 955
544 956
545 957
546 958
547 959
548 960
549 963
550 964
551 965
552 968
553 972
554 974
555 975
556 976
557 978
558 980
559 981
560 982
561 983
562 984
563 985
564 986
565 990
566 992
567 993
568 994
569 996
570 997
571 999
572 1001
573 1003
574 1006
575 1009
576 1011
577 1012
578 1014
579 1015
580 1018
581 1019
582 1020
583 1021
584 1023
585 1027
586 1028
587 1031
588 1032
589 1033
590 1034
591 1035
592 1036
593 1037
594 1039
595 1040
596 1044
597 1045
598 1046
599 1047
600 1048
601 1050
602 1053
603 1054
604 1056
605 1061
606 1062
607 1063
608 1065
609 1066
610 1069
611 1070
612 1073
613 1075
614 1076
615 1079
616 1080
617 1081
618 1082
619 1083
620 1084
621 1085
622 1088
623 1091
624 1092
625 1093
626 1096
627 1097
628 1098
629 1102
630 1104
631 1107
632 1109
633 1110
634 1112
635 1115
636 1117
637 1119
638 1121
639 1122
640 1123
641 1125
642 1126
643 1127
644 1128
645 1130
646 1131
647 1132
648 1133
649 1135
650 1136
651 1138
652 1140
653 1141
654 1142
655 1143
656 1146
657 1148
658 1150
659 1151
660 1152
661 1154
662 1155
663 1156
664 1157
665 1159
666 1162
667 1165
668 1166
669 1167
670 1168
671 1175
672 1177
673 1180
674 1184
675 1185
676 1186
677 1187
678 1188
679 1190
680 1192
681 1194
682 1195
683 1198
684 1199
685 1200
686 1201
687 1205
688 1212
689 1213
690 1214
691 1215
692 1216
693 1218
694 1220
695 1221
696 1222
697 1223
698 1224
699 1225
700 1229
701 1230
702 1231
703 1234
704 1237
705 1238
706 1239
707 1242
708 1243
709 1244
710 1246
711 1249
712 1250
713 1251
714 1252
715 1253
716 1254
717 1257
718 1260
719 1261
720 1262
721 1263
722 1266
723 1268
724 1270
725 1271
726 1272
727 1273
728 1274
729 1276
730 1278
731 1279
732 1282
733 1283
734 1284
735 1286
736 1288
737 1290
738 1291
739 1292
740 1294
741 1295
742 1296
743 1302
744 1303
745 1304
746 1305
747 1310
748 1311
749 1313
750 1315
751 1316
752 1317
753 1318
754 1319
755 1320
756 1322
757 1325
758 1326
759 1327
760 1328
761 1329
762 1332
763 1333
764 1334
765 1335
766 1336
767 1337
768 1340
769 1341
770 1344
771 1345
772 1346
773 1347
774 1348
775 1351
776 1352
777 1353
778 1354
779 1355
780 1358
781 1361
782 1363
783 1364
784 1365
785 1367
786 1368
787 1370
788 1372
789 1373
790 1377
791 1378
792 1379
793 1382
794 1384
795 1385
796 1387
797 1389
798 1390
799 1391
800 1393
801 1394
802 1396
803 1398
804 1401
805 1402
806 1406
807 1407
808 1408
809 1409
810 1412
811 1414
812 1415
813 1416
814 1418
815 1419
816 1420
817 1424
818 1425
819 1428
820 1430
821 1432
822 1433
823 1434
824 1436
825 1439
826 1440
827 1441
828 1442
829 1444
830 1448
831 1453
832 1454
833 1457
834 1460
835 1461
836 1462
837 1466
838 1469
839 1471
840 1472
841 1473
842 1476
843 1477
844 1479
845 1481
846 1482
847 1483
848 1489
849 1490
850 1491
851 1493
852 1494
853 1499
854 1501
855 1503
856 1507
857 1508
858 1509
859 1513
860 1515
861 1516
862 1519
863 1522
864 1523
865 1524
866 1525
867 1526
868 1528
869 1529
870 1530
871 1532
872 1533
873 1534
874 1535
875 1536
876 1537
877 1538
878 1539
879 1540
880 1541
881 1542
882 1543
883 1544
884 1546
885 1547
886 1549
887 1550
888 1551
889 1552
890 1553
891 1555
892 1557
893 1560
894 1561
895 1562
896 1567
897 1568
898 1571
899 1574
900 1576
901 1577
902 1579
903 1582
904 1583
905 1584
906 1586
907 1592
908 1593
909 1596
910 1597
911 1599
912 1600
913 1601
914 1603
915 1605
916 1606
917 1607
918 1608
919 1609
920 1611
921 1612
922 1615
923 1617
924 1618
925 1621
926 1624
927 1625
928 1628
929 1629
930 1630
931 1631
932 1632
933 1635
934 1636
935 1640
936 1646
937 1647
938 1650
939 1651
940 1653
941 1654
942 1658
943 1659
944 1660
945 1662
946 1663
947 1664
948 1666
949 1668
950 1669
951 1672
952 1673
953 1674
954 1675
955 1676
956 1679
957 1682
958 1684
959 1687
960 1688
961 1689
962 1690
963 1691
964 1692
965 1693
966 1694
967 1695
968 1696
969 1697
970 1699
971 1701
972 1703
973 1704
974 1705
975 1707
976 1708
977 1709
978 1710
979 1711
980 1714
981 1717
982 1719
983 1720
984 1723
985 1724
986 1725
987 1728
988 1729
989 1731
990 1733
991 1734
992 1736
993 1737
994 1738
995 1739
996 1740
997 1741
998 1743
999 1745
1000 1746
1001 1747
1002 1748
1003 1750
1004 1754
1005 1755
1006 1756
1007 1757
1008 1759
1009 1760
1010 1762
1011 1765
1012 1766
1013 1767
1014 1769
1015 1770
1016 1772
1017 1774
1018 1776
1019 1778
1020 1779
1021 1780
1022 1781
1023 1783
1024 1785
1025 1789
1026 1791
1027 1792
1028 1793
1029 1794
1030 1795
1031 1796
1032 1798
1033 1799
1034 1800
1035 1801
1036 1802
1037 1805
1038 1806
1039 1807
1040 1808
1041 1809
1042 1810
1043 1811
1044 1812
1045 1813
1046 1814
1047 1815
1048 1816
1049 1817
1050 1820
1051 1821
1052 1824
1053 1825
1054 1827
1055 1828
1056 1829
1057 1834
1058 1835
1059 1836
1060 1837
1061 1838
1062 1840
1063 1841
1064 1842
1065 1843
1066 1846
1067 1848
1068 1851
1069 1852
1070 1857
1071 1858
1072 1859
1073 1860
1074 1861
1075 1865
1076 1867
1077 1868
1078 1869
1079 1873
1080 1875
1081 1876
1082 1877
1083 1878
1084 1879
1085 1882
1086 1883
1087 1885
1088 1888
1089 1890
1090 1893
1091 1894
1092 1895
1093 1897
1094 1900
1095 1901
1096 1903
1097 1904
1098 1905
1099 1908
1100 1913
1101 1914
1102 1915
1103 1916
1104 1919
1105 1920
1106 1921
1107 1922
1108 1923
1109 1926
1110 1929
1111 1930
1112 1931
1113 1933
1114 1936
1115 1937
1116 1938
1117 1940
1118 1941
1119 1942
1120 1943
1121 1944
1122 1945
1123 1946
1124 1947
1125 1948
1126 1949
1127 1953
1128 1954
1129 1955
1130 1957
1131 1958
1132 1960
1133 1961
1134 1963
1135 1964
1136 1965
1137 1966
1138 1967
1139 1968
1140 1969
1141 1970
1142 1972
1143 1973
1144 1975
1145 1976
1146 1977
1147 1978
1148 1983
1149 1984
1150 1985
1151 1986
1152 1987
1153 1991
1154 1993
1155 1994
1156 1995
1157 1997
1158 1999
1159 2000
1160 2001
1161 2003
1162 2004
1163 2005
1164 2007
1165 2008
1166 2009
1167 2012
1168 2013
1169 2014
1170 2018
1171 2020
1172 2021
1173 2022
1174 2024
1175 2026
1176 2030
1177 2034
1178 2035
1179 2036
1180 2037
1181 2038
1182 2040
1183 2041
1184 2043
1185 2045
1186 2046
1187 2048
1188 2051
1189 2053
1190 2054
1191 2057
1192 2058
1193 2059
1194 2060
1195 2067
1196 2069
1197 2070
1198 2071
1199 2075
1200 2076
1201 2078
1202 2081
1203 2082
1204 2083
1205 2085
1206 2086
1207 2089
1208 2090
1209 2091
1210 2093
1211 2094
1212 2095
1213 2096
1214 2098
1215 2099
1216 2101
1217 2102
1218 2105
1219 2107
1220 2108
1221 2110
1222 2114
1223 2115
1224 2117
1225 2118
1226 2119
1227 2121
1228 2124
1229 2125
1230 2128
1231 2130
1232 2131
1233 2133
1234 2136
1235 2137
1236 2138
1237 2139
1238 2141
1239 2142
1240 2143
1241 2144
1242 2146
1243 2147
1244 2149
1245 2150
1246 2151
1247 2155
1248 2156
1249 2160
1250 2162
1251 2163
1252 2165
1253 2167
1254 2169
1255 2170
1256 2171
1257 2172
1258 2175
1259 2179
1260 2180
1261 2181
1262 2182
1263 2185
1264 2188
1265 2189
1266 2190
1267 2192
1268 2193
1269 2194
1270 2196
1271 2198
1272 2201
1273 2202
1274 2206
1275 2208
1276 2209
1277 2210
1278 2212
1279 2213
1280 2217
1281 2218
1282 2221
1283 2223
1284 2226
1285 2227
1286 2228
1287 2230
1288 2231
1289 2232
1290 2234
1291 2235
1292 2238
1293 2240
1294 2245
1295 2247
1296 2248
1297 2249
1298 2250
1299 2251
1300 2252
1301 2255
1302 2256
1303 2258
1304 2259
1305 2261
1306 2267
1307 2268
1308 2272
1309 2273
1310 2274
1311 2275
1312 2277
1313 2282
1314 2283
1315 2284
1316 2285
1317 2286
1318 2289
1319 2290
1320 2291
1321 2292
1322 2293
1323 2294
1324 2295
1325 2296
1326 2297
1327 2301
1328 2302
1329 2303
1330 2304
1331 2305
1332 2307
1333 2308
1334 2309
1335 2310
1336 2312
1337 2315
1338 2317
1339 2318
1340 2319
1341 2322
1342 2323
1343 2324
1344 2328
1345 2333
1346 2336
1347 2340
1348 2341
1349 2342
1350 2347
1351 2350
1352 2352
1353 2353
1354 2354
1355 2356
1356 2357
1357 2358
1358 2359
1359 2360
1360 2362
1361 2364
1362 2365
1363 2369
1364 2370
1365 2374
1366 2376
1367 2378
1368 2379
1369 2380
1370 2381
1371 2382
1372 2386
1373 2388
1374 2389
1375 2390
1376 2391
1377 2392
1378 2398
1379 2399
1380 2401
1381 2404
1382 2405
1383 2406
1384 2407
1385 2408
1386 2409
1387 2410
1388 2411
1389 2413
1390 2415
1391 2418
1392 2419
1393 2420
1394 2421
1395 2422
1396 2423
1397 2424
1398 2425
1399 2428
1400 2430
1401 2431
1402 2432
1403 2433
1404 2434
1405 2438
1406 2439
1407 2441
1408 2443
1409 2444
1410 2448
1411 2451
1412 2452
1413 2453
1414 2454
1415 2455
1416 2457
1417 2460
1418 2461
1419 2463
1420 2464
1421 2465
1422 2466
1423 2467
1424 2469
1425 2470
1426 2474
1427 2475
1428 2476
1429 2479
1430 2481
1431 2482
1432 2483
1433 2486
1434 2487
1435 2488
1436 2491
1437 2492
1438 2494
1439 2496
1440 2499
1441 2500
1442 2502
1443 2503
1444 2504
1445 2505
1446 2507
1447 2509
1448 2512
1449 2514
1450 2515
1451 2517
1452 2522
1453 2525
1454 2526
1455 2527
1456 2531
1457 2532
1458 2534
1459 2535
1460 2537
1461 2539
1462 2540
1463 2542
1464 2543
1465 2544
1466 2545
1467 2547
1468 2549
1469 2550
1470 2551
1471 2552
1472 2553
1473 2554
1474 2555
1475 2556
1476 2558
1477 2560
1478 2562
1479 2563
1480 2564
1481 2565
1482 2566
1483 2567
1484 2568
1485 2570
1486 2571
1487 2572
1488 2573
1489 2574
1490 2575
1491 2576
1492 2577
1493 2578
1494 2579
1495 2580
1496 2582
1497 2584
1498 2591
1499 2592
1500 2594
1501 2595
1502 2596
1503 2601
1504 2602
1505 2607
1506 2609
1507 2618
1508 2619
1509 2620
1510 2625
1511 2628
1512 2629
1513 2630
1514 2631
1515 2633
1516 2634
1517 2636
1518 2638
1519 2640
1520 2641
1521 2642
1522 2643
1523 2644
1524 2645
1525 2649
1526 2652
1527 2655
1528 2656
1529 2657
1530 2658
1531 2659
1532 2660
1533 2661
1534 2663
1535 2664
1536 2665
1537 2666
1538 2667
1539 2669
1540 2673
1541 2675
1542 2676
1543 2677
1544 2678
1545 2679
1546 2680
1547 2683
1548 2684
1549 2685
1550 2686
1551 2687
1552 2692
1553 2693
1554 2695
1555 2696
1556 2699
1557 2700
1558 2703
1559 2705
1560 2706
1561 2707
1562 2709
1563 2710
1564 2711
1565 2712
1566 2714
1567 2715
1568 2716
1569 2718
1570 2719
1571 2720
1572 2724
1573 2725
1574 2730
1575 2731
1576 2735
1577 2737
1578 2740
1579 2741
1580 2742
1581 2744
1582 2745
1583 2749
1584 2750
1585 2755
1586 2757
1587 2758
1588 2759
1589 2762
1590 2763
1591 2764
1592 2765
1593 2766
1594 2767
1595 2768
1596 2769
1597 2771
1598 2774
1599 2775
1600 2776
1601 2777
1602 2778
1603 2781
1604 2782
1605 2784
1606 2789
1607 2793
1608 2798
1609 2800
1610 2801
1611 2803
1612 2805
1613 2807
1614 2808
1615 2810
1616 2812
1617 2814
1618 2817
1619 2818
1620 2820
1621 2822
1622 2823
1623 2825
1624 2827
1625 2835
1626 2836
1627 2837
1628 2839
1629 2840
1630 2841
1631 2842
1632 2843
1633 2844
1634 2845
1635 2851
1636 2852
1637 2853
1638 2856
1639 2857
1640 2858
1641 2859
1642 2861
1643 2863
1644 2864
1645 2865
1646 2866
1647 2867
1648 2869
1649 2870
1650 2872
1651 2874
1652 2878
1653 2879
1654 2881
1655 2883
1656 2884
1657 2885
1658 2886
1659 2887
1660 2888
1661 2890
1662 2891
1663 2892
1664 2893
1665 2894
1666 2895
1667 2897
1668 2898
1669 2900
1670 2905
1671 2906
1672 2907
1673 2912
1674 2913
1675 2915
1676 2917
1677 2919
1678 2920
1679 2921
1680 2922
1681 2923
1682 2924
1683 2925
1684 2927
1685 2929
1686 2932
1687 2933
1688 2934
1689 2936
1690 2937
1691 2938
1692 2939
1693 2940
1694 2943
1695 2946
1696 2948
1697 2950
1698 2952
1699 2954
1700 2955
1701 2956
1702 2957
1703 2958
1704 2959
1705 2964
1706 2966
1707 2967
1708 2970
1709 2971
1710 2973
1711 2977
1712 2978
1713 2982
1714 2985
1715 2986
1716 2989
1717 2991
1718 2992
1719 2994
1720 2996
1721 2997
1722 2998
1723 2999
1724 3001
1725 3004
1726 3006
1727 3008
1728 3009
1729 3010
1730 3012
1731 3017
1732 3018
1733 3019
1734 3020
1735 3021
1736 3023
1737 3024
1738 3025
1739 3026
1740 3027
1741 3028
1742 3029
1743 3030
1744 3033
1745 3034
1746 3035
1747 3037
1748 3041
1749 3042
1750 3043
1751 3044
1752 3045
1753 3047
1754 3049
1755 3050
1756 3053
1757 3055
1758 3056
1759 3057
1760 3059
1761 3062
1762 3064
1763 3065
1764 3066
1765 3067
1766 3068
1767 3070
1768 3073
1769 3076
1770 3077
1771 3078
1772 3079
1773 3080
1774 3081
1775 3083
1776 3085
1777 3088
1778 3089
1779 3090
1780 3091
1781 3092
1782 3093
1783 3096
1784 3097
1785 3098
1786 3099
1787 3101
1788 3102
1789 3103
1790 3104
1791 3107
1792 3108
1793 3109
1794 3111
1795 3112
1796 3113
1797 3114
1798 3116
1799 3117
1800 3118
1801 3121
1802 3123
1803 3124
1804 3125
1805 3126
1806 3127
1807 3128
1808 3130
1809 3132
1810 3135
1811 3136
1812 3137
1813 3138
1814 3139
1815 3140
1816 3141
1817 3143
1818 3144
1819 3145
1820 3147
1821 3148
1822 3149
1823 3150
1824 3152
1825 3153
1826 3154
1827 3158
1828 3159
1829 3162
1830 3165
1831 3166
1832 3167
1833 3168
1834 3169
1835 3170
1836 3173
1837 3177
1838 3179
1839 3180
1840 3181
1841 3185
1842 3188
1843 3189
1844 3192
1845 3193
1846 3194
1847 3195
1848 3196
1849 3197
1850 3199
1851 3203
1852 3204
1853 3206
1854 3208
1855 3210
1856 3212
1857 3214
1858 3215
1859 3216
1860 3217
1861 3218
1862 3219
1863 3220
1864 3221
1865 3222
1866 3223
1867 3224
1868 3225
1869 3229
1870 3230
1871 3233
1872 3234
1873 3235
1874 3236
1875 3240
1876 3241
1877 3242
1878 3244
1879 3246
1880 3247
1881 3250
1882 3251
1883 3252
1884 3256
1885 3257
1886 3258
1887 3259
1888 3261
1889 3262
1890 3266
1891 3267
1892 3268
1893 3269
1894 3271
1895 3273
1896 3274
1897 3276
1898 3279
1899 3280
1900 3283
1901 3285
1902 3288
1903 3292
1904 3293
1905 3296
1906 3298
1907 3300
1908 3302
1909 3304
1910 3306
1911 3307
1912 3310
1913 3313
1914 3314
1915 3315
1916 3316
1917 3317
1918 3318
1919 3321
1920 3322
1921 3324
1922 3329
1923 3330
1924 3331
1925 3332
1926 3333
1927 3336
1928 3339
1929 3341
1930 3343
1931 3344
1932 3345
1933 3346
1934 3349
1935 3350
1936 3351
1937 3352
1938 3353
1939 3356
1940 3360
1941 3361
1942 3362
1943 3368
1944 3369
1945 3370
1946 3371
1947 3373
1948 3374
1949 3377
1950 3378
1951 3379
1952 3380
1953 3381
1954 3383
1955 3384
1956 3385
1957 3386
1958 3388
1959 3392
1960 3393
1961 3395
1962 3397
1963 3398
1964 3400
1965 3401
1966 3402
1967 3404
1968 3406
1969 3407
1970 3408
1971 3410
1972 3411
1973 3412
1974 3413
1975 3414
1976 3415
1977 3416
1978 3417
1979 3418
1980 3419
1981 3421
1982 3423
1983 3424
1984 3427
1985 3430
1986 3431
1987 3432
1988 3434
1989 3435
1990 3437
1991 3438
1992 3439
1993 3440
1994 3444
1995 3448
1996 3449
1997 3450
1998 3452
1999 3453
2000 3454
2001 3456
2002 3459
2003 3462
2004 3463
2005 3472
2006 3473
2007 3475
2008 3477
2009 3480
2010 3483
2011 3484
2012 3487
2013 3489
2014 3490
2015 3492
2016 3493
2017 3494
2018 3495
2019 3496
2020 3499
2021 3500
2022 3501
2023 3502
2024 3506
2025 3509
2026 3513
2027 3519
2028 3520
2029 3521
2030 3523
2031 3525
2032 3527
2033 3528
2034 3532
2035 3534
2036 3536
2037 3539
2038 3543
2039 3544
2040 3545
2041 3548
2042 3551
2043 3552
2044 3554
2045 3555
2046 3558
2047 3559
2048 3561
2049 3564
2050 3565
2051 3568
2052 3569
2053 3572
2054 3573
2055 3574
2056 3576
2057 3579
2058 3580
2059 3581
2060 3583
2061 3584
2062 3585
2063 3586
2064 3587
2065 3589
2066 3590
2067 3591
2068 3592
2069 3594
2070 3595
2071 3598
2072 3600
2073 3601
2074 3602
2075 3603
2076 3604
2077 3606
2078 3607
2079 3609
2080 3610
2081 3611
2082 3612
2083 3613
2084 3614
2085 3616
2086 3618
2087 3619
2088 3621
2089 3623
2090 3624
2091 3628
2092 3630
2093 3631
2094 3633
2095 3634
2096 3638
2097 3639
2098 3640
2099 3641
2100 3642
2101 3644
2102 3645
2103 3647
2104 3648
2105 3649
2106 3650
2107 3651
2108 3653
2109 3658
2110 3659
2111 3660
2112 3661
2113 3662
2114 3663
2115 3664
2116 3665
2117 3666
2118 3668
2119 3671
2120 3672
2121 3677
2122 3680
2123 3681
2124 3684
2125 3685
2126 3686
2127 3687
2128 3688
2129 3689
2130 3691
2131 3695
2132 3697
2133 3698
2134 3700
2135 3701
2136 3705
2137 3706
2138 3707
2139 3711
2140 3712
2141 3715
2142 3719
2143 3720
2144 3721
2145 3724
2146 3725
2147 3726
2148 3727
2149 3728
2150 3732
2151 3733
2152 3737
2153 3739
2154 3740
2155 3742
2156 3743
2157 3744
2158 3748
2159 3749
2160 3753
2161 3756
2162 3758
2163 3759
2164 3763
2165 3764
2166 3765
2167 3767
2168 3768
2169 3770
2170 3772
2171 3776
2172 3777
2173 3778
2174 3779
2175 3780
2176 3781
2177 3782
2178 3783
2179 3785
2180 3788
2181 3789
2182 3790
2183 3791
2184 3794
2185 3796
2186 3797
2187 3798
2188 3799
2189 3801
2190 3803
2191 3805
2192 3806
2193 3809
2194 3810
2195 3815
2196 3816
2197 3817
2198 3818
2199 3819
2200 3822
2201 3824
2202 3826
2203 3827
2204 3831
2205 3838
2206 3839
2207 3840
2208 3842
2209 3843
2210 3844
2211 3845
2212 3848
2213 3851
2214 3852
2215 3856
2216 3858
2217 3860
2218 3861
2219 3863
2220 3864
2221 3865
2222 3866
2223 3868
2224 3869
2225 3870
2226 3873
2227 3874
2228 3875
2229 3876
2230 3877
2231 3879
2232 3880
2233 3883
2234 3884
2235 3887
2236 3889
2237 3891
2238 3893
2239 3895
2240 3896
2241 3898
2242 3900
2243 3901
2244 3904
2245 3905
2246 3906
2247 3907
2248 3908
2249 3909
2250 3910
2251 3911
2252 3913
2253 3914
2254 3923
2255 3924
2256 3926
2257 3927
2258 3929
2259 3932
2260 3933
2261 3934
2262 3937
2263 3939
2264 3940
2265 3941
2266 3942
2267 3943
2268 3944
2269 3945
2270 3946
2271 3947
2272 3948
2273 3949
2274 3950
2275 3951
2276 3953
2277 3954
2278 3958
2279 3960
2280 3965
2281 3966
2282 3968
2283 3969
2284 3970
2285 3971
2286 3973
2287 3974
2288 3975
2289 3976
2290 3977
2291 3979
2292 3980
2293 3983
2294 3986
2295 3987
2296 3991
2297 3992
2298 3993
2299 3994
2300 3995
2301 3999
2302 4000
2303 4005
2304 4007
2305 4009
2306 4011
2307 4012
2308 4013
2309 4014
2310 4015
2311 4016
2312 4017
2313 4018
2314 4020
2315 4021
2316 4023
2317 4024
2318 4025
2319 4026
2320 4027
2321 4029
2322 4030
2323 4032
2324 4033
2325 4034
2326 4037
2327 4038
2328 4040
2329 4041
2330 4044
2331 4045
2332 4047
2333 4048
2334 4051
2335 4054
2336 4057
2337 4061
2338 4063
2339 4066
2340 4068
2341 4069
2342 4074
2343 4075
2344 4076
2345 4077
2346 4080
2347 4081
2348 4082
2349 4083
2350 4084
2351 4085
2352 4087
2353 4088
2354 4089
2355 4091
2356 4092
2357 4094
2358 4095
2359 4097
2360 4098
2361 4099
2362 4102
2363 4103
2364 4109
2365 4110
2366 4112
2367 4113
2368 4114
2369 4115
2370 4116
2371 4117
2372 4119
2373 4120
2374 4122
2375 4127
2376 4129
2377 4133
2378 4135
2379 4136
2380 4137
2381 4140
2382 4142
2383 4143
2384 4144
2385 4145
2386 4148
2387 4149
2388 4152
2389 4155
2390 4159
2391 4160
2392 4161
2393 4162
2394 4163
2395 4167
2396 4168
2397 4169
2398 4172
2399 4174
2400 4176
2401 4178
2402 4179
2403 4180
2404 4182
2405 4183
2406 4185
2407 4187
2408 4188
2409 4190
2410 4191
2411 4193
2412 4194
2413 4195
2414 4196
2415 4197
2416 4200
2417 4201
2418 4203
2419 4204
2420 4205
2421 4207
2422 4208
2423 4209
2424 4211
2425 4212
2426 4215
2427 4216
2428 4218
2429 4220
2430 4222
2431 4223
2432 4226
2433 4228
2434 4230
2435 4231
2436 4234
2437 4239
2438 4240
2439 4243
2440 4244
2441 4245
2442 4247
2443 4249
2444 4250
2445 4251
2446 4252
2447 4253
2448 4254
2449 4255
2450 4257
2451 4258
2452 4259
2453 4260
2454 4261
2455 4262
2456 4264
2457 4265
2458 4266
2459 4267
2460 4268
2461 4271
2462 4272
2463 4273
2464 4275
2465 4276
2466 4279
2467 4280
2468 4282
2469 4283
2470 4284
2471 4289
2472 4292
2473 4294
2474 4295
2475 4298
2476 4299
2477 4301
2478 4303
2479 4305
2480 4308
2481 4310
2482 4312
2483 4313
2484 4315
2485 4316
2486 4317
2487 4319
2488 4322
2489 4323
2490 4326
2491 4327
2492 4329
2493 4330
2494 4333
2495 4334
2496 4335
2497 4336
2498 4337
2499 4338
2500 4339
2501 4341
2502 4342
2503 4344
2504 4347
2505 4350
2506 4353
2507 4355
2508 4357
2509 4359
2510 4360
2511 4362
2512 4364
2513 4366
2514 4368
2515 4369
2516 4370
2517 4372
2518 4373
2519 4374
2520 4375
2521 4377
2522 4379
2523 4381
2524 4382
2525 4384
2526 4385
2527 4386
2528 4387
2529 4388
2530 4389
2531 4390
2532 4393
2533 4394
2534 4396
2535 4397
2536 4399
2537 4400
2538 4401
2539 4402
2540 4405
2541 4406
2542 4408
2543 4409
2544 4412
2545 4414
2546 4415
2547 4416
2548 4417
2549 4418
2550 4420
2551 4421
2552 4422
2553 4423
2554 4424
2555 4425
2556 4426
2557 4427
2558 4428
2559 4429
2560 4430
2561 4431
2562 4432
2563 4434
2564 4436
2565 4437
2566 4441
2567 4442
2568 4446
2569 4447
2570 4448
2571 4450
2572 4451
2573 4456
2574 4459
2575 4460
2576 4462
2577 4464
2578 4465
2579 4467
2580 4468
2581 4469
2582 4471
2583 4472
2584 4473
2585 4474
2586 4480
2587 4481
2588 4483
2589 4487
2590 4488
2591 4489
2592 4490
2593 4492
2594 4493
2595 4494
2596 4501
2597 4503
2598 4506
2599 4507
2600 4509
2601 4511
2602 4514
2603 4518
2604 4519
2605 4520
2606 4521
2607 4522
2608 4524
2609 4525
2610 4527
2611 4529
2612 4531
2613 4532
2614 4538
2615 4539
2616 4541
2617 4543
2618 4544
2619 4546
2620 4548
2621 4549
2622 4552
2623 4553
2624 4555
2625 4556
2626 4559
2627 4563
2628 4564
2629 4566
2630 4567
2631 4568
2632 4571
2633 4574
2634 4575
2635 4579
2636 4580
2637 4581
2638 4582
2639 4583
2640 4584
2641 4587
2642 4588
2643 4589
2644 4591
2645 4592
2646 4594
2647 4595
2648 4596
2649 4597
2650 4601
2651 4602
2652 4603
2653 4604
2654 4606
2655 4607
2656 4610
2657 4612
2658 4614
2659 4615
2660 4616
2661 4622
2662 4625
2663 4627
2664 4629
2665 4630
2666 4631
2667 4633
2668 4636
2669 4638
2670 4640
2671 4641
2672 4642
2673 4645
2674 4650
2675 4651
2676 4652
2677 4653
2678 4655
2679 4657
2680 4658
2681 4659
2682 4662
2683 4663
2684 4665
2685 4667
2686 4668
2687 4674
2688 4677
2689 4679
2690 4680
2691 4681
2692 4682
2693 4683
2694 4686
2695 4687
2696 4688
2697 4689
2698 4695
2699 4698
2700 4699
2701 4700
2702 4703
2703 4704
2704 4705
2705 4706
2706 4707
2707 4708
2708 4709
2709 4711
2710 4714
2711 4716
2712 4717
2713 4719
2714 4721
2715 4722
2716 4724
2717 4725
2718 4727
2719 4728
2720 4729
2721 4734
2722 4735
2723 4738
2724 4739
2725 4741
2726 4742
2727 4743
2728 4746
2729 4748
2730 4749
2731 4750
2732 4751
2733 4752
2734 4753
2735 4754
2736 4755
2737 4756
2738 4757
2739 4759
2740 4761
2741 4763
2742 4765
2743 4766
2744 4767
2745 4768
2746 4769
2747 4771
2748 4773
2749 4775
2750 4777
2751 4779
2752 4780
2753 4781
2754 4783
2755 4784
2756 4785
2757 4787
2758 4788
2759 4789
2760 4793
2761 4797
2762 4798
2763 4801
2764 4802
2765 4803
2766 4804
2767 4806
2768 4807
2769 4810
2770 4811
2771 4813
2772 4814
2773 4816
2774 4822
2775 4823
2776 4824
2777 4825
2778 4828
2779 4830
2780 4832
2781 4833
2782 4834
2783 4838
2784 4844
2785 4845
2786 4846
2787 4847
2788 4848
2789 4852
2790 4853
2791 4854
2792 4855
2793 4859
2794 4860
2795 4861
2796 4864
2797 4865
2798 4868
2799 4870
2800 4871
2801 4872
2802 4873
2803 4874
2804 4875
2805 4876
2806 4885
2807 4886
2808 4887
2809 4889
2810 4890
2811 4891
2812 4892
2813 4894
2814 4895
2815 4896
2816 4897
2817 4900
2818 4903
2819 4904
2820 4905
2821 4906
2822 4907
2823 4908
2824 4911
2825 4912
2826 4913
2827 4914
2828 4918
2829 4919
2830 4920
2831 4922
2832 4925
2833 4928
2834 4929
2835 4930
2836 4931
2837 4935
2838 4937
2839 4938
2840 4939
2841 4940
2842 4944
2843 4945
2844 4946
2845 4948
2846 4949
2847 4950
2848 4951
2849 4952
2850 4954
2851 4958
2852 4960
2853 4962
2854 4964
2855 4967
2856 4968
2857 4969
2858 4970
2859 4977
2860 4979
2861 4980
2862 4982
2863 4983
2864 4986
2865 4991
2866 4992
2867 4993
2868 4995
2869 4997
2870 4999
2871 5000
2872 5001
2873 5002
2874 5003
2875 5004
2876 5005
2877 5007
2878 5008
2879 5010
2880 5013
2881 5015
2882 5019
2883 5020
2884 5022
2885 5023
2886 5024
2887 5030
2888 5032
2889 5033
2890 5034
2891 5035
2892 5036
2893 5038
2894 5039
2895 5041
2896 5045
2897 5046
2898 5048
2899 5049
2900 5050
2901 5053
2902 5057
2903 5058
2904 5059
2905 5060
2906 5061
2907 5062
2908 5063
2909 5064
2910 5066
2911 5068
2912 5069
2913 5070
2914 5071
2915 5072
2916 5074
2917 5076
2918 5077
2919 5078
2920 5079
2921 5080
2922 5081
2923 5082
2924 5083
2925 5086
2926 5088
2927 5090
2928 5092
2929 5093
2930 5094
2931 5098
2932 5100
2933 5102
2934 5104
2935 5106
2936 5107
2937 5108
2938 5110
2939 5111
2940 5112
2941 5114
2942 5115
2943 5118
2944 5119
2945 5120
2946 5121
2947 5122
2948 5124
2949 5128
2950 5131
2951 5134
2952 5135
2953 5138
2954 5139
2955 5140
2956 5141
2957 5142
2958 5143
2959 5144
2960 5147
2961 5148
2962 5149
2963 5151
2964 5153
2965 5154
2966 5157
2967 5158
2968 5159
2969 5160
2970 5163
2971 5164
2972 5166
2973 5167
2974 5169
2975 5170
2976 5171
2977 5172
2978 5173
2979 5176
2980 5177
2981 5181
2982 5185
2983 5187
2984 5189
2985 5191
2986 5194
2987 5195
2988 5199
2989 5200
2990 5201
2991 5202
2992 5203
2993 5206
2994 5210
2995 5211
2996 5212
2997 5213
2998 5215
2999 5216
3000 5219
3001 5221
3002 5223
3003 5224
3004 5225
3005 5227
3006 5232
3007 5235
3008 5236
3009 5237
3010 5239
3011 5240
3012 5241
3013 5242
3014 5243
3015 5245
3016 5246
3017 5248
3018 5250
3019 5253
3020 5254
3021 5255
3022 5256
3023 5258
3024 5259
3025 5262
3026 5264
3027 5266
3028 5269
3029 5271
3030 5274
3031 5275
3032 5277
3033 5278
3034 5279
3035 5280
3036 5282
3037 5284
3038 5285
3039 5286
3040 5287
3041 5288
3042 5289
3043 5290
3044 5291
3045 5292
3046 5293
3047 5295
3048 5296
3049 5298
3050 5301
3051 5303
3052 5305
3053 5313
3054 5314
3055 5317
3056 5318
3057 5321
3058 5322
3059 5323
3060 5324
3061 5325
3062 5327
3063 5329
3064 5330
3065 5332
3066 5334
3067 5336
3068 5337
3069 5338
3070 5340
3071 5341
3072 5342
3073 5348
3074 5349
3075 5350
3076 5351
3077 5353
3078 5354
3079 5355
3080 5357
3081 5359
3082 5360
3083 5361
3084 5362
3085 5363
3086 5364
3087 5365
3088 5366
3089 5368
3090 5369
3091 5370
3092 5372
3093 5373
3094 5374
3095 5376
3096 5378
3097 5379
3098 5380
3099 5381
3100 5383
3101 5384
3102 5385
3103 5386
3104 5387
3105 5388
3106 5392
3107 5393
3108 5394
3109 5395
3110 5396
3111 5397
3112 5399
3113 5400
3114 5402
3115 5404
3116 5405
3117 5406
3118 5407
3119 5409
3120 5410
3121 5413
3122 5415
3123 5416
3124 5417
3125 5420
3126 5421
3127 5423
3128 5424
3129 5425
3130 5426
3131 5428
3132 5429
3133 5430
3134 5431
3135 5434
3136 5435
3137 5437
3138 5438
3139 5439
3140 5442
3141 5444
3142 5445
3143 5446
3144 5448
3145 5449
3146 5450
3147 5452
3148 5453
3149 5455
3150 5456
3151 5458
3152 5459
3153 5460
3154 5462
3155 5463
3156 5464
3157 5467
3158 5469
3159 5474
3160 5475
3161 5476
3162 5477
3163 5478
3164 5479
3165 5480
3166 5482
3167 5484
3168 5486
3169 5487
3170 5488
3171 5490
3172 5491
3173 5492
3174 5493
3175 5494
3176 5495
3177 5496
3178 5498
3179 5499
3180 5501
3181 5502
3182 5503
3183 5504
3184 5505
3185 5508
3186 5510
3187 5511
3188 5513
3189 5515
3190 5517
3191 5518
3192 5519
3193 5522
3194 5523
3195 5524
3196 5525
3197 5526
3198 5532
3199 5533
3200 5534
3201 5536
3202 5538
3203 5541
3204 5542
3205 5544
3206 5545
3207 5547
3208 5552
3209 5553
3210 5556
3211 5557
3212 5562
3213 5564
3214 5569
3215 5573
3216 5575
3217 5576
3218 5577
3219 5578
3220 5579
3221 5580
3222 5581
3223 5583
3224 5584
3225 5587
3226 5588
3227 5589
3228 5592
3229 5594
3230 5595
3231 5596
3232 5597
3233 5599
3234 5600
3235 5603
3236 5606
3237 5607
3238 5609
3239 5612
3240 5613
3241 5614
3242 5618
3243 5619
3244 5620
3245 5621
3246 5624
3247 5625
3248 5626
3249 5627
3250 5629
3251 5630
3252 5632
3253 5636
3254 5640
3255 5641
3256 5642
3257 5643
3258 5644
3259 5645
3260 5646
3261 5647
3262 5648
3263 5652
3264 5653
3265 5655
3266 5656
3267 5658
3268 5662
3269 5663
3270 5664
3271 5666
3272 5667
3273 5673
3274 5674
3275 5677
3276 5679
3277 5680
3278 5681
3279 5682
3280 5684
3281 5686
3282 5688
3283 5689
3284 5690
3285 5692
3286 5693
3287 5694
3288 5695
3289 5696
3290 5697
3291 5699
3292 5700
3293 5701
3294 5704
3295 5705
3296 5706
3297 5708
3298 5710
3299 5711
3300 5714
3301 5715
3302 5716
3303 5717
3304 5720
3305 5723
3306 5724
3307 5730
3308 5731
3309 5732
3310 5735
3311 5736
3312 5737
3313 5738
3314 5740
3315 5744
3316 5745
3317 5748
3318 5752
3319 5753
3320 5756
3321 5759
3322 5762
3323 5763
3324 5764
3325 5767
3326 5768
3327 5770
3328 5773
3329 5774
3330 5776
3331 5777
3332 5778
3333 5779
3334 5780
3335 5781
3336 5783
3337 5784
3338 5785
3339 5787
3340 5789
3341 5790
3342 5791
3343 5792
3344 5793
3345 5796
3346 5801
3347 5803
3348 5805
3349 5806
3350 5807
3351 5808
3352 5813
3353 5814
3354 5817
3355 5818
3356 5819
3357 5820
3358 5821
3359 5822
3360 5824
3361 5825
3362 5826
3363 5827
3364 5829
3365 5836
3366 5837
3367 5838
3368 5839
3369 5841
3370 5844
3371 5847
3372 5848
3373 5849
3374 5850
3375 5851
3376 5854
3377 5855
3378 5856
3379 5857
3380 5859
3381 5864
3382 5865
3383 5868
3384 5869
3385 5871
3386 5873
3387 5874
3388 5875
3389 5879
3390 5880
3391 5882
3392 5884
3393 5886
3394 5888
3395 5891
3396 5894
3397 5895
3398 5897
3399 5899
3400 5902
3401 5904
3402 5905
3403 5907
3404 5908
3405 5910
3406 5912
3407 5913
3408 5914
3409 5916
3410 5917
3411 5919
3412 5920
3413 5922
3414 5923
3415 5924
3416 5925
3417 5926
3418 5928
3419 5929
3420 5931
3421 5933
3422 5936
3423 5937
3424 5938
3425 5939
3426 5941
3427 5943
3428 5944
3429 5945
3430 5946
3431 5947
3432 5949
3433 5950
3434 5953
3435 5954
3436 5955
3437 5957
3438 5958
3439 5959
3440 5960
3441 5967
3442 5969
3443 5970
3444 5973
3445 5976
3446 5977
3447 5979
3448 5982
3449 5983
3450 5984
3451 5986
3452 5988
3453 5990
3454 5991
3455 5992
3456 5993
3457 5994
3458 5996
3459 5998
3460 5999
3461 6002
3462 6004
3463 6007
3464 6008
3465 6010
3466 6011
3467 6013
3468 6015
3469 6019
3470 6020
3471 6021
3472 6029
3473 6032
3474 6038
3475 6039
3476 6042
3477 6043
3478 6045
3479 6047
3480 6048
3481 6049
3482 6052
3483 6053
3484 6054
3485 6056
3486 6057
3487 6059
3488 6060
3489 6062
3490 6067
3491 6072
3492 6073
3493 6074
3494 6075
3495 6078
3496 6082
3497 6083
3498 6085
3499 6088
3500 6092
3501 6093
3502 6094
3503 6097
3504 6098
3505 6102
3506 6103
3507 6106
3508 6110
3509 6113
3510 6115
3511 6117
3512 6118
3513 6122
3514 6124
3515 6125
3516 6126
3517 6127
3518 6130
3519 6132
3520 6135
3521 6140
3522 6142
3523 6144
3524 6146
3525 6147
3526 6149
3527 6150
3528 6152
3529 6157
3530 6159
3531 6161
3532 6162
3533 6163
3534 6165
3535 6168
3536 6169
3537 6171
3538 6173
3539 6174
3540 6175
3541 6178
3542 6180
3543 6182
3544 6183
3545 6185
3546 6188
3547 6189
3548 6191
3549 6193
3550 6194
3551 6195
3552 6196
3553 6197
3554 6200
3555 6201
3556 6202
3557 6203
3558 6204
3559 6205
3560 6207
3561 6208
3562 6209
3563 6210
3564 6213
3565 6214
3566 6217
3567 6218
3568 6219
3569 6223
3570 6225
3571 6226
3572 6227
3573 6229
3574 6230
3575 6232
3576 6233
3577 6234
3578 6235
3579 6241
3580 6242
3581 6244
3582 6246
3583 6247
3584 6248
3585 6249
3586 6250
3587 6251
3588 6253
3589 6254
3590 6256
3591 6257
3592 6259
3593 6260
3594 6264
3595 6265
3596 6266
3597 6267
3598 6269
3599 6271
3600 6274
3601 6275
3602 6277
3603 6278
3604 6280
3605 6281
3606 6283
3607 6284
3608 6285
3609 6286
3610 6287
3611 6288
3612 6292
3613 6293
3614 6295
3615 6297
3616 6298
3617 6301
3618 6302
3619 6304
3620 6305
3621 6308
3622 6309
3623 6310
3624 6311
3625 6312
3626 6313
3627 6320
3628 6322
3629 6325
3630 6326
3631 6328
3632 6330
3633 6334
3634 6335
3635 6336
3636 6337
3637 6339
3638 6340
3639 6342
3640 6344
3641 6345
3642 6346
3643 6347
3644 6348
3645 6349
3646 6350
3647 6351
3648 6355
3649 6357
3650 6358
3651 6359
3652 6361
3653 6362
3654 6363
3655 6365
3656 6369
3657 6370
3658 6372
3659 6376
3660 6378
3661 6383
3662 6384
3663 6385
3664 6392
3665 6394
3666 6396
3667 6402
3668 6403
3669 6404
3670 6406
3671 6408
3672 6409
3673 6410
3674 6412
3675 6416
3676 6417
3677 6418
3678 6419
3679 6421
3680 6423
3681 6424
3682 6425
3683 6427
3684 6428
3685 6430
3686 6431
3687 6434
3688 6435
3689 6436
3690 6437
3691 6439
3692 6440
3693 6441
3694 6442
3695 6447
3696 6453
3697 6455
3698 6458
3699 6459
3700 6460
3701 6461
3702 6464
3703 6468
3704 6470
3705 6471
3706 6475
3707 6478
3708 6479
3709 6480
3710 6481
3711 6484
3712 6485
3713 6486
3714 6487
3715 6488
3716 6489
3717 6490
3718 6491
3719 6494
3720 6496
3721 6500
3722 6501
3723 6502
3724 6503
3725 6507
3726 6508
3727 6509
3728 6517
3729 6522
3730 6524
3731 6525
3732 6526
3733 6527
3734 6528
3735 6532
3736 6535
3737 6536
3738 6538
3739 6539
3740 6542
3741 6543
3742 6544
3743 6548
3744 6549
3745 6551
3746 6552
3747 6556
3748 6557
3749 6558
3750 6559
3751 6560
3752 6561
3753 6563
3754 6564
3755 6567
3756 6568
3757 6569
3758 6570
3759 6571
3760 6573
3761 6575
3762 6576
3763 6581
3764 6582
3765 6583
3766 6584
3767 6585
3768 6587
3769 6590
3770 6591
3771 6592
3772 6593
3773 6594
3774 6595
3775 6598
3776 6599
3777 6600
3778 6601
3779 6603
3780 6606
3781 6607
3782 6609
3783 6610
3784 6611
3785 6613
3786 6615
3787 6617
3788 6618
3789 6619
3790 6620
3791 6621
3792 6623
3793 6624
3794 6625
3795 6626
3796 6627
3797 6629
3798 6631
3799 6633
3800 6635
3801 6636
3802 6637
3803 6638
3804 6640
3805 6641
3806 6644
3807 6645
3808 6646
3809 6647
3810 6649
3811 6651
3812 6653
3813 6655
3814 6657
3815 6658
3816 6662
3817 6666
3818 6667
3819 6669
3820 6670
3821 6671
3822 6673
3823 6675
3824 6676
3825 6678
3826 6679
3827 6680
3828 6682
3829 6684
3830 6687
3831 6688
3832 6689
3833 6690
3834 6691
3835 6694
3836 6695
3837 6697
3838 6701
3839 6702
3840 6705
3841 6706
3842 6707
3843 6708
3844 6711
3845 6713
3846 6718
3847 6719
3848 6721
3849 6722
3850 6724
3851 6725
3852 6726
3853 6728
3854 6736
3855 6739
3856 6740
3857 6745
3858 6747
3859 6748
3860 6751
3861 6752
3862 6753
3863 6755
3864 6757
3865 6758
3866 6759
3867 6760
3868 6761
3869 6763
3870 6766
3871 6767
3872 6769
3873 6770
3874 6771
3875 6776
3876 6778
3877 6781
3878 6782
3879 6785
3880 6791
3881 6792
3882 6793
3883 6794
3884 6795
3885 6798
3886 6799
3887 6801
3888 6802
3889 6804
3890 6805
3891 6807
3892 6808
3893 6811
3894 6812
3895 6813
3896 6814
3897 6816
3898 6817
3899 6818
3900 6820
3901 6821
3902 6830
3903 6831
3904 6833
3905 6834
3906 6836
3907 6840
3908 6841
3909 6842
3910 6844
3911 6845
3912 6846
3913 6847
3914 6849
3915 6850
3916 6851
3917 6852
3918 6853
3919 6855
3920 6856
3921 6857
3922 6859
3923 6861
3924 6864
3925 6866
3926 6868
3927 6870
3928 6874
3929 6875
3930 6876
3931 6878
3932 6879
3933 6880
3934 6885
3935 6887
3936 6890
3937 6891
3938 6894
3939 6895
3940 6896
3941 6897
3942 6899
3943 6900
3944 6904
3945 6908
3946 6909
3947 6910
3948 6911
3949 6912
3950 6913
3951 6914
3952 6916
3953 6918
3954 6920
3955 6921
3956 6922
3957 6923
3958 6924
3959 6926
3960 6927
3961 6929
3962 6930
3963 6935
3964 6936
3965 6937
3966 6939
3967 6940
3968 6941
3969 6944
3970 6945
3971 6947
3972 6948
3973 6949
3974 6950
3975 6951
3976 6952
3977 6953
3978 6954
3979 6955
3980 6956
3981 6958
3982 6960
3983 6963
3984 6964
3985 6966
3986 6967
3987 6969
3988 6970
3989 6971
3990 6973
3991 6976
3992 6978
3993 6979
3994 6981
3995 6982
3996 6983
3997 6984
3998 6985
3999 6987
4000 6989
4001 6990
4002 6991
4003 6994
4004 6998
4005 6999
4006 7001
4007 7002
4008 7003
4009 7005
4010 7006
4011 7007
4012 7008
4013 7009
4014 7011
4015 7012
4016 7014
4017 7017
4018 7018
4019 7019
4020 7024
4021 7025
4022 7027
4023 7029
4024 7030
4025 7031
4026 7032
4027 7034
4028 7035
4029 7037
4030 7039
4031 7043
4032 7044
4033 7047
4034 7050
4035 7051
4036 7056
4037 7057
4038 7059
4039 7062
4040 7063
4041 7064
4042 7065
4043 7067
4044 7069
4045 7072
4046 7073
4047 7074
4048 7078
4049 7079
4050 7080
4051 7083
4052 7084
4053 7085
4054 7087
4055 7088
4056 7090
4057 7091
4058 7093
4059 7094
4060 7095
4061 7099
4062 7100
4063 7101
4064 7103
4065 7104
4066 7105
4067 7108
4068 7111
4069 7113
4070 7115
4071 7116
4072 7121
4073 7125
4074 7126
4075 7127
4076 7128
4077 7131
4078 7132
4079 7134
4080 7136
4081 7137
4082 7139
4083 7142
4084 7143
4085 7145
4086 7146
4087 7147
4088 7148
4089 7149
4090 7150
4091 7152
4092 7153
4093 7154
4094 7158
4095 7160
4096 7161
4097 7165
4098 7166
4099 7167
4100 7169
4101 7170
4102 7173
4103 7174
4104 7175
4105 7176
4106 7180
4107 7181
4108 7184
4109 7185
4110 7186
4111 7187
4112 7188
4113 7189
4114 7191
4115 7192
4116 7196
4117 7197
4118 7200
4119 7202
4120 7206
4121 7209
4122 7212
4123 7214
4124 7216
4125 7217
4126 7218
4127 7220
4128 7223
4129 7225
4130 7226
4131 7227
4132 7231
4133 7232
4134 7234
4135 7235
4136 7237
4137 7243
4138 7246
4139 7248
4140 7249
4141 7250
4142 7251
4143 7252
4144 7254
4145 7256
4146 7257
4147 7259
4148 7261
4149 7263
4150 7265
4151 7266
4152 7267
4153 7268
4154 7269
4155 7273
4156 7274
4157 7281
4158 7284
4159 7285
4160 7287
4161 7289
4162 7290
4163 7292
4164 7293
4165 7295
4166 7296
4167 7298
4168 7299
4169 7302
4170 7303
4171 7310
4172 7311
4173 7313
4174 7318
4175 7320
4176 7322
4177 7324
4178 7325
4179 7328
4180 7329
4181 7330
4182 7331
4183 7332
4184 7338
4185 7345
4186 7346
4187 7348
4188 7349
4189 7350
4190 7351
4191 7352
4192 7354
4193 7355
4194 7356
4195 7357
4196 7358
4197 7361
4198 7362
4199 7364
4200 7366
4201 7369
4202 7370
4203 7371
4204 7372
4205 7374
4206 7375
4207 7378
4208 7379
4209 7380
4210 7384
4211 7385
4212 7386
4213 7387
4214 7389
4215 7390
4216 7391
4217 7392
4218 7393
4219 7394
4220 7396
4221 7398
4222 7399
4223 7404
4224 7408
4225 7409
4226 7410
4227 7411
4228 7412
4229 7413
4230 7414
4231 7415
4232 7416
4233 7417
4234 7419
4235 7420
4236 7421
4237 7422
4238 7424
4239 7425
4240 7428
4241 7429
4242 7430
4243 7431
4244 7434
4245 7436
4246 7437
4247 7441
4248 7442
4249 7443
4250 7445
4251 7448
4252 7449
4253 7452
4254 7453
4255 7454
4256 7457
4257 7459
4258 7460
4259 7461
4260 7462
4261 7463
4262 7464
4263 7466
4264 7468
4265 7469
4266 7472
4267 7473
4268 7474
4269 7476
4270 7477
4271 7478
4272 7481
4273 7482
4274 7485
4275 7487
4276 7488
4277 7489
4278 7491
4279 7492
4280 7493
4281 7496
4282 7498
4283 7500
4284 7502
4285 7504
4286 7506
4287 7510
4288 7511
4289 7512
4290 7514
4291 7515
4292 7516
4293 7517
4294 7518
4295 7519
4296 7520
4297 7527
4298 7528
4299 7529
4300 7530
4301 7531
4302 7532
4303 7533
4304 7534
4305 7535
4306 7536
4307 7539
4308 7540
4309 7542
4310 7543
4311 7544
4312 7549
4313 7550
4314 7551
4315 7554
4316 7555
4317 7561
4318 7563
4319 7566
4320 7567
4321 7568
4322 7570
4323 7572
4324 7573
4325 7575
4326 7576
4327 7577
4328 7578
4329 7579
4330 7582
4331 7583
4332 7588
