new_label original_label
1 0
2 6
3 8
4 9
5 10
6 11
7 12
8 21
9 22
10 24
11 25
12 29
13 32
14 33
15 37
16 40
17 41
18 44
19 45
20 47
21 49
22 51
23 54
24 56
25 59
26 62
27 64
28 71
29 73
30 77
31 80
32 81
33 88
34 89
35 91
36 98
37 99
38 101
39 105
40 107
41 108
42 109
43 112
44 113
45 114
46 115
47 116
48 119
49 121
50 124
51 126
52 128
53 131
54 135
55 140
56 142
57 147
58 149
59 151
60 152
61 154
62 155
63 157
64 159
65 160
66 163
67 166
68 169
69 172
70 176
71 179
72 180
73 182
74 186
75 187
76 189
77 192
78 193
79 195
80 197
81 198
82 200
83 203
84 205
85 206
86 208
87 209
88 211
89 212
90 215
91 217
92 222
93 225
94 228
95 229
96 230
97 231
98 235
99 236
100 237
101 241
102 243
103 245
104 246
105 250
106 251
107 252
108 257
109 258
110 259
111 260
112 261
113 264
114 268
115 269
116 271
117 272
118 273
119 276
120 281
121 282
122 283
123 285
124 286
125 289
126 293
127 295
128 298
129 299
130 301
131 304
132 305
133 306
134 307
135 310
136 312
137 316
138 321
139 324
140 326
141 327
142 329
143 332
144 333
145 336
146 338
147 341
148 346
149 348
150 351
151 354
152 356
153 358
154 360
155 361
156 366
157 367
158 368
159 369
160 371
161 372
162 374
163 375
164 378
165 381
166 383
167 385
168 386
169 391
170 392
171 396
172 397
173 398
174 399
175 400
176 401
177 404
178 405
179 406
180 410
181 412
182 413
183 414
184 415
185 416
186 419
187 421
188 422
189 424
190 425
191 428
192 429
193 431
194 434
195 435
196 436
197 438
198 441
199 443
200 446
201 447
202 449
203 450
204 451
205 452
206 453
207 455
208 456
209 459
210 465
211 466
212 467
213 474
214 481
215 484
216 485
217 486
218 490
219 492
220 498
221 499
222 500
223 501
224 502
225 503
226 505
227 507
228 509
229 511
230 516
231 518
232 519
233 522
234 523
235 524
236 525
237 526
238 529
239 535
240 536
241 542
242 543
243 544
244 545
245 546
246 549
247 553
248 556
249 557
250 558
251 560
252 562
253 564
254 567
255 568
256 571
257 572
258 575
259 577
260 580
261 584
262 586
263 592
264 599
265 600
266 601
267 602
268 603
269 605
270 608
271 609
272 611
273 612
274 614
275 618
276 619
277 623
278 625
279 632
280 637
281 640
282 641
283 642
284 643
285 646
286 653
287 655
288 658
289 660
290 663
291 665
292 666
293 667
294 672
295 674
296 675
297 677
298 681
299 683
300 685
301 687
302 693
303 696
304 698
305 699
306 700
307 702
308 703
309 704
310 705
311 706
312 708
313 710
314 711
315 712
316 717
317 728
318 731
319 734
320 736
321 737
322 739
323 742
324 744
325 748
326 749
327 750
328 755
329 756
330 757
331 759
332 760
333 762
334 764
335 766
336 768
337 769
338 770
339 771
340 772
341 773
342 775
343 780
344 782
345 784
346 785
347 789
348 790
349 791
350 792
351 793
352 795
353 798
354 800
355 804
356 805
357 807
358 811
359 812
360 813
361 820
362 821
363 823
364 824
365 826
366 827
367 831
368 832
369 834
370 836
371 840
372 842
373 844
374 845
375 846
376 849
377 853
378 860
379 866
380 870
381 874
382 875
383 876
384 877
385 878
386 879
387 880
388 881
389 883
390 884
391 887
392 892
393 894
394 895
395 896
396 897
397 901
398 902
399 905
400 906
401 910
402 917
403 918
404 922
405 923
406 924
407 930
408 931
409 932
410 936
411 937
412 939
413 940
414 948
415 951
416 952
417 953
418 954
419 961
420 962
421 966
422 967
423 969
424 970
425 971
426 973
427 977
428 979
429 984
430 985
431 988
432 989
433 991
434 992
435 993
436 995
437 998
438 1000
439 1002
440 1004
441 1005
442 1007
443 1008
444 1010
445 1012
446 1013
447 1016
448 1020
449 1022
450 1023
451 1024
452 1025
453 1026
454 1029
455 1030
456 1038
457 1041
458 1042
459 1043
460 1048
461 1049
462 1051
463 1052
464 1055
465 1057
466 1059
467 1060
468 1063
469 1064
470 1065
471 1066
472 1067
473 1068
474 1071
475 1072
476 1074
477 1077
478 1078
479 1086
480 1087
481 1089
482 1090
483 1094
484 1095
485 1097
486 1099
487 1100
488 1101
489 1103
490 1106
491 1108
492 1109
493 1111
494 1113
495 1114
496 1116
497 1118
498 1120
499 1124
500 1126
501 1129
502 1134
503 1135
504 1136
505 1137
506 1139
507 1142
508 1144
509 1145
510 1146
511 1147
512 1149
513 1153
514 1158
515 1160
516 1161
517 1163
518 1167
519 1169
520 1170
521 1172
522 1173
523 1174
524 1178
525 1179
526 1181
527 1182
528 1189
529 1190
530 1191
531 1192
532 1193
533 1194
534 1196
535 1202
536 1204
537 1206
538 1207
539 1208
540 1209
541 1210
542 1211
543 1219
544 1226
545 1228
546 1233
547 1235
548 1236
549 1240
550 1241
551 1245
552 1247
553 1248
554 1249
555 1252
556 1255
557 1256
558 1258
559 1259
560 1260
561 1262
562 1264
563 1265
564 1267
565 1269
566 1275
567 1277
568 1280
569 1281
570 1285
571 1287
572 1289
573 1296
574 1297
575 1299
576 1300
577 1301
578 1306
579 1307
580 1308
581 1309
582 1312
583 1314
584 1321
585 1323
586 1324
587 1327
588 1330
589 1331
590 1339
591 1342
592 1343
593 1349
594 1350
595 1356
596 1357
597 1359
598 1360
599 1362
600 1366
601 1369
602 1371
603 1374
604 1375
605 1376
606 1377
607 1380
608 1381
609 1383
610 1386
611 1387
612 1388
613 1395
614 1397
615 1399
616 1400
617 1401
618 1403
619 1404
620 1408
621 1410
622 1411
623 1413
624 1417
625 1421
626 1422
627 1423
628 1426
629 1427
630 1429
631 1431
632 1435
633 1437
634 1438
635 1441
636 1443
637 1445
638 1447
639 1449
640 1450
641 1451
642 1452
643 1455
644 1456
645 1458
646 1459
647 1463
648 1464
649 1465
650 1467
651 1470
652 1474
653 1475
654 1478
655 1480
656 1484
657 1485
658 1486
659 1487
660 1488
661 1495
662 1496
663 1497
664 1500
665 1502
666 1504
667 1505
668 1506
669 1510
670 1511
671 1512
672 1517
673 1518
674 1520
675 1527
676 1529
677 1531
678 1545
679 1548
680 1551
681 1554
682 1556
683 1558
684 1559
685 1563
686 1564
687 1565
688 1566
689 1569
690 1570
691 1572
692 1573
693 1575
694 1578
695 1587
696 1589
697 1590
698 1591
699 1593
700 1594
701 1595
702 1598
703 1602
704 1604
705 1610
706 1613
707 1614
708 1615
709 1616
710 1619
711 1620
712 1622
713 1623
714 1626
715 1627
716 1633
717 1637
718 1638
719 1639
720 1641
721 1642
722 1643
723 1646
724 1648
725 1652
726 1655
727 1656
728 1657
729 1661
730 1662
731 1665
732 1667
733 1670
734 1671
735 1677
736 1678
737 1680
738 1683
739 1686
740 1700
741 1701
742 1703
743 1706
744 1707
745 1712
746 1713
747 1715
748 1716
749 1718
750 1721
751 1722
752 1726
753 1727
754 1730
755 1732
756 1735
757 1737
758 1742
759 1744
760 1749
761 1751
762 1752
763 1753
764 1758
765 1761
766 1763
767 1769
768 1771
769 1773
770 1775
771 1777
772 1778
773 1782
774 1784
775 1786
776 1787
777 1788
778 1794
779 1797
780 1803
781 1804
782 1805
783 1815
784 1818
785 1819
786 1822
787 1830
788 1831
789 1832
790 1834
791 1844
792 1845
793 1847
794 1849
795 1850
796 1851
797 1853
798 1855
799 1856
800 1858
801 1862
802 1863
803 1864
804 1867
805 1870
806 1874
807 1880
808 1881
809 1884
810 1886
811 1887
812 1888
813 1889
814 1891
815 1892
816 1896
817 1898
818 1899
819 1902
820 1907
821 1909
822 1910
823 1912
824 1915
825 1916
826 1917
827 1918
828 1924
829 1925
830 1927
831 1928
832 1932
833 1934
834 1935
835 1939
836 1951
837 1952
838 1956
839 1959
840 1962
841 1967
842 1971
843 1974
844 1975
845 1979
846 1980
847 1981
848 1982
849 1988
850 1990
851 1991
852 1992
853 1994
854 1996
855 1998
856 2002
857 2004
858 2006
859 2010
860 2011
861 2012
862 2015
863 2016
864 2017
865 2019
866 2023
867 2024
868 2025
869 2027
870 2028
871 2029
872 2031
873 2032
874 2033
875 2038
876 2040
877 2044
878 2047
879 2049
880 2050
881 2055
882 2056
883 2057
884 2061
885 2062
886 2063
887 2064
888 2065
889 2066
890 2068
891 2073
892 2074
893 2077
894 2079
895 2084
896 2087
897 2088
898 2092
899 2097
900 2100
901 2103
902 2104
903 2106
904 2111
905 2112
906 2113
907 2120
908 2122
909 2123
910 2126
911 2127
912 2129
913 2132
914 2135
915 2140
916 2144
917 2145
918 2148
919 2150
920 2152
921 2153
922 2154
923 2157
924 2158
925 2159
926 2161
927 2164
928 2166
929 2168
930 2173
931 2174
932 2176
933 2177
934 2178
935 2183
936 2184
937 2186
938 2187
939 2191
940 2196
941 2197
942 2199
943 2200
944 2203
945 2205
946 2207
947 2211
948 2214
949 2215
950 2216
951 2218
952 2219
953 2220
954 2222
955 2224
956 2225
957 2230
958 2233
959 2236
960 2237
961 2238
962 2239
963 2241
964 2242
965 2244
966 2246
967 2253
968 2254
969 2256
970 2257
971 2262
972 2263
973 2264
974 2265
975 2266
976 2267
977 2269
978 2270
979 2271
980 2276
981 2278
982 2279
983 2280
984 2281
985 2288
986 2298
987 2299
988 2300
989 2301
990 2306
991 2311
992 2314
993 2316
994 2321
995 2325
996 2326
997 2327
998 2329
999 2330
1000 2332
1001 2334
1002 2335
1003 2337
1004 2339
1005 2340
1006 2343
1007 2344
1008 2345
1009 2346
1010 2348
1011 2349
1012 2353
1013 2355
1014 2361
1015 2363
1016 2366
1017 2367
1018 2368
1019 2371
1020 2372
1021 2373
1022 2375
1023 2383
1024 2384
1025 2385
1026 2387
1027 2393
1028 2394
1029 2395
1030 2396
1031 2397
1032 2400
1033 2401
1034 2403
1035 2412
1036 2414
1037 2416
1038 2417
1039 2421
1040 2426
1041 2427
1042 2429
1043 2435
1044 2436
1045 2440
1046 2442
1047 2445
1048 2446
1049 2447
1050 2449
1051 2450
1052 2455
1053 2456
1054 2458
1055 2459
1056 2462
1057 2468
1058 2471
1059 2472
1060 2473
1061 2477
1062 2478
1063 2480
1064 2484
1065 2485
1066 2489
1067 2493
1068 2495
1069 2498
1070 2499
1071 2501
1072 2503
1073 2506
1074 2508
1075 2510
1076 2511
1077 2513
1078 2516
1079 2518
1080 2519
1081 2520
1082 2521
1083 2523
1084 2524
1085 2526
1086 2527
1087 2528
1088 2529
1089 2530
1090 2533
1091 2536
1092 2538
1093 2541
1094 2546
1095 2548
1096 2552
1097 2554
1098 2557
1099 2559
1100 2561
1101 2566
1102 2568
1103 2581
1104 2583
1105 2585
1106 2586
1107 2587
1108 2588
1109 2590
1110 2593
1111 2597
1112 2598
1113 2599
1114 2600
1115 2603
1116 2604
1117 2605
1118 2606
1119 2608
1120 2611
1121 2612
1122 2614
1123 2615
1124 2616
1125 2617
1126 2622
1127 2623
1128 2624
1129 2627
1130 2632
1131 2634
1132 2635
1133 2639
1134 2640
1135 2644
1136 2645
1137 2646
1138 2648
1139 2650
1140 2651
1141 2653
1142 2654
1143 2656
1144 2661
1145 2662
1146 2668
1147 2670
1148 2671
1149 2674
1150 2680
1151 2681
1152 2682
1153 2688
1154 2689
1155 2690
1156 2691
1157 2694
1158 2697
1159 2701
1160 2702
1161 2704
1162 2708
1163 2713
1164 2717
1165 2719
1166 2721
1167 2722
1168 2723
1169 2724
1170 2726
1171 2728
1172 2729
1173 2732
1174 2733
1175 2734
1176 2736
1177 2738
1178 2739
1179 2743
1180 2746
1181 2747
1182 2748
1183 2751
1184 2752
1185 2753
1186 2754
1187 2756
1188 2760
1189 2761
1190 2763
1191 2772
1192 2773
1193 2779
1194 2780
1195 2783
1196 2784
1197 2785
1198 2786
1199 2788
1200 2790
1201 2791
1202 2793
1203 2794
1204 2795
1205 2796
1206 2797
1207 2798
1208 2799
1209 2800
1210 2802
1211 2809
1212 2811
1213 2813
1214 2815
1215 2816
1216 2819
1217 2823
1218 2826
1219 2828
1220 2829
1221 2830
1222 2831
1223 2832
1224 2833
1225 2834
1226 2838
1227 2845
1228 2846
1229 2847
1230 2848
1231 2849
1232 2850
1233 2854
1234 2855
1235 2860
1236 2862
1237 2863
1238 2868
1239 2871
1240 2872
1241 2873
1242 2875
1243 2876
1244 2877
1245 2880
1246 2882
1247 2883
1248 2887
1249 2888
1250 2889
1251 2890
1252 2894
1253 2896
1254 2899
1255 2901
1256 2902
1257 2903
1258 2904
1259 2908
1260 2909
1261 2910
1262 2911
1263 2914
1264 2916
1265 2918
1266 2926
1267 2928
1268 2930
1269 2931
1270 2935
1271 2937
1272 2941
1273 2944
1274 2945
1275 2947
1276 2953
1277 2957
1278 2960
1279 2961
1280 2963
1281 2965
1282 2968
1283 2969
1284 2972
1285 2976
1286 2979
1287 2981
1288 2983
1289 2984
1290 2987
1291 2988
1292 2992
1293 2993
1294 2995
1295 3000
1296 3002
1297 3003
1298 3005
1299 3007
1300 3008
1301 3009
1302 3011
1303 3013
1304 3014
1305 3015
1306 3016
1307 3022
1308 3024
1309 3031
1310 3032
1311 3036
1312 3038
1313 3040
1314 3046
1315 3048
1316 3051
1317 3054
1318 3055
1319 3058
1320 3060
1321 3061
1322 3063
1323 3069
1324 3071
1325 3072
1326 3074
1327 3075
1328 3082
1329 3084
1330 3086
1331 3087
1332 3088
1333 3091
1334 3094
1335 3095
1336 3100
1337 3105
1338 3106
1339 3107
1340 3110
1341 3115
1342 3116
1343 3119
1344 3120
1345 3123
1346 3129
1347 3130
1348 3133
1349 3134
1350 3142
1351 3146
1352 3151
1353 3155
1354 3156
1355 3160
1356 3161
1357 3163
1358 3164
1359 3171
1360 3172
1361 3174
1362 3175
1363 3178
1364 3182
1365 3183
1366 3184
1367 3186
1368 3187
1369 3190
1370 3191
1371 3198
1372 3200
1373 3201
1374 3202
1375 3204
1376 3205
1377 3207
1378 3209
1379 3211
1380 3213
1381 3226
1382 3227
1383 3231
1384 3232
1385 3237
1386 3238
1387 3239
1388 3245
1389 3248
1390 3253
1391 3254
1392 3259
1393 3260
1394 3264
1395 3265
1396 3270
1397 3271
1398 3272
1399 3275
1400 3277
1401 3278
1402 3281
1403 3284
1404 3287
1405 3289
1406 3291
1407 3294
1408 3297
1409 3299
1410 3308
1411 3314
1412 3318
1413 3319
1414 3320
1415 3323
1416 3325
1417 3326
1418 3327
1419 3328
1420 3333
1421 3334
1422 3335
1423 3336
1424 3337
1425 3340
1426 3342
1427 3347
1428 3348
1429 3352
1430 3354
1431 3355
1432 3358
1433 3362
1434 3363
1435 3364
1436 3365
1437 3366
1438 3367
1439 3372
1440 3375
1441 3376
1442 3382
1443 3387
1444 3389
1445 3391
1446 3394
1447 3396
1448 3398
1449 3405
1450 3420
1451 3422
1452 3425
1453 3426
1454 3428
1455 3429
1456 3433
1457 3436
1458 3441
1459 3442
1460 3443
1461 3445
1462 3446
1463 3447
1464 3451
1465 3455
1466 3457
1467 3458
1468 3460
1469 3464
1470 3465
1471 3466
1472 3468
1473 3469
1474 3470
1475 3471
1476 3475
1477 3476
1478 3478
1479 3481
1480 3482
1481 3483
1482 3486
1483 3488
1484 3490
1485 3497
1486 3498
1487 3500
1488 3503
1489 3504
1490 3505
1491 3507
1492 3508
1493 3510
1494 3511
1495 3512
1496 3515
1497 3516
1498 3517
1499 3518
1500 3522
1501 3523
1502 3524
1503 3526
1504 3529
1505 3530
1506 3531
1507 3533
1508 3535
1509 3537
1510 3538
1511 3539
1512 3540
1513 3541
1514 3542
1515 3545
1516 3546
1517 3547
1518 3549
1519 3550
1520 3552
1521 3553
1522 3556
1523 3557
1524 3560
1525 3562
1526 3566
1527 3567
1528 3568
1529 3570
1530 3571
1531 3573
1532 3575
1533 3577
1534 3578
1535 3581
1536 3582
1537 3584
1538 3586
1539 3589
1540 3593
1541 3596
1542 3599
1543 3605
1544 3606
1545 3608
1546 3609
1547 3613
1548 3615
1549 3617
1550 3620
1551 3622
1552 3626
1553 3628
1554 3629
1555 3632
1556 3633
1557 3635
1558 3636
1559 3639
1560 3643
1561 3646
1562 3648
1563 3650
1564 3655
1565 3662
1566 3666
1567 3669
1568 3670
1569 3673
1570 3674
1571 3675
1572 3676
1573 3678
1574 3679
1575 3682
1576 3683
1577 3686
1578 3690
1579 3692
1580 3693
1581 3694
1582 3696
1583 3699
1584 3702
1585 3703
1586 3704
1587 3708
1588 3709
1589 3710
1590 3713
1591 3714
1592 3717
1593 3718
1594 3722
1595 3723
1596 3728
1597 3729
1598 3730
1599 3734
1600 3736
1601 3737
1602 3738
1603 3740
1604 3741
1605 3745
1606 3746
1607 3747
1608 3750
1609 3751
1610 3752
1611 3754
1612 3756
1613 3757
1614 3761
1615 3766
1616 3769
1617 3773
1618 3774
1619 3784
1620 3786
1621 3787
1622 3793
1623 3795
1624 3798
1625 3800
1626 3802
1627 3804
1628 3805
1629 3807
1630 3808
1631 3809
1632 3811
1633 3812
1634 3813
1635 3814
1636 3820
1637 3823
1638 3825
1639 3828
1640 3829
1641 3830
1642 3832
1643 3833
1644 3834
1645 3835
1646 3836
1647 3837
1648 3841
1649 3845
1650 3846
1651 3847
1652 3850
1653 3851
1654 3853
1655 3854
1656 3855
1657 3856
1658 3857
1659 3862
1660 3863
1661 3864
1662 3867
1663 3871
1664 3872
1665 3881
1666 3882
1667 3885
1668 3886
1669 3888
1670 3890
1671 3891
1672 3893
1673 3894
1674 3895
1675 3899
1676 3903
1677 3910
1678 3912
1679 3914
1680 3915
1681 3916
1682 3917
1683 3918
1684 3919
1685 3920
1686 3921
1687 3922
1688 3925
1689 3928
1690 3930
1691 3931
1692 3936
1693 3938
1694 3940
1695 3952
1696 3955
1697 3956
1698 3957
1699 3959
1700 3961
1701 3962
1702 3963
1703 3964
1704 3965
1705 3972
1706 3973
1707 3978
1708 3981
1709 3982
1710 3984
1711 3985
1712 3989
1713 3990
1714 3993
1715 3995
1716 3996
1717 3997
1718 3998
1719 4001
1720 4002
1721 4003
1722 4004
1723 4006
1724 4008
1725 4010
1726 4019
1727 4022
1728 4027
1729 4028
1730 4031
1731 4034
1732 4035
1733 4036
1734 4039
1735 4042
1736 4043
1737 4046
1738 4050
1739 4051
1740 4052
1741 4053
1742 4054
1743 4055
1744 4056
1745 4058
1746 4059
1747 4060
1748 4062
1749 4064
1750 4065
1751 4066
1752 4067
1753 4070
1754 4071
1755 4073
1756 4078
1757 4079
1758 4086
1759 4090
1760 4096
1761 4100
1762 4101
1763 4105
1764 4106
1765 4107
1766 4108
1767 4111
1768 4115
1769 4121
1770 4123
1771 4124
1772 4125
1773 4126
1774 4128
1775 4130
1776 4131
1777 4132
1778 4134
1779 4138
1780 4146
1781 4147
1782 4150
1783 4151
1784 4153
1785 4154
1786 4156
1787 4157
1788 4158
1789 4164
1790 4165
1791 4166
1792 4173
1793 4175
1794 4177
1795 4178
1796 4181
1797 4184
1798 4186
1799 4189
1800 4193
1801 4198
1802 4199
1803 4202
1804 4204
1805 4206
1806 4210
1807 4211
1808 4214
1809 4217
1810 4219
1811 4225
1812 4229
1813 4232
1814 4233
1815 4235
1816 4236
1817 4237
1818 4238
1819 4241
1820 4242
1821 4246
1822 4253
1823 4256
1824 4263
1825 4265
1826 4270
1827 4274
1828 4277
1829 4278
1830 4281
1831 4283
1832 4285
1833 4286
1834 4287
1835 4288
1836 4290
1837 4291
1838 4293
1839 4296
1840 4300
1841 4302
1842 4304
1843 4306
1844 4307
1845 4309
1846 4311
1847 4314
1848 4318
1849 4321
1850 4324
1851 4325
1852 4328
1853 4331
1854 4332
1855 4340
1856 4343
1857 4344
1858 4345
1859 4346
1860 4348
1861 4349
1862 4351
1863 4352
1864 4354
1865 4358
1866 4361
1867 4363
1868 4365
1869 4367
1870 4371
1871 4376
1872 4378
1873 4380
1874 4383
1875 4389
1876 4391
1877 4392
1878 4393
1879 4395
1880 4398
1881 4402
1882 4404
1883 4410
1884 4411
1885 4413
1886 4419
1887 4422
1888 4423
1889 4426
1890 4431
1891 4435
1892 4438
1893 4439
1894 4440
1895 4443
1896 4447
1897 4448
1898 4449
1899 4452
1900 4453
1901 4454
1902 4455
1903 4457
1904 4458
1905 4460
1906 4461
1907 4463
1908 4468
1909 4470
1910 4471
1911 4475
1912 4476
1913 4477
1914 4478
1915 4479
1916 4482
1917 4484
1918 4485
1919 4490
1920 4491
1921 4495
1922 4496
1923 4498
1924 4500
1925 4504
1926 4505
1927 4508
1928 4510
1929 4512
1930 4513
1931 4515
1932 4517
1933 4520
1934 4528
1935 4530
1936 4533
1937 4534
1938 4535
1939 4536
1940 4537
1941 4540
1942 4542
1943 4543
1944 4545
1945 4547
1946 4550
1947 4551
1948 4554
1949 4557
1950 4560
1951 4561
1952 4562
1953 4565
1954 4569
1955 4570
1956 4572
1957 4573
1958 4576
1959 4577
1960 4578
1961 4582
1962 4585
1963 4586
1964 4590
1965 4593
1966 4594
1967 4599
1968 4600
1969 4601
1970 4605
1971 4607
1972 4608
1973 4609
1974 4611
1975 4613
1976 4617
1977 4618
1978 4620
1979 4621
1980 4623
1981 4624
1982 4626
1983 4627
1984 4628
1985 4632
1986 4634
1987 4635
1988 4639
1989 4641
1990 4644
1991 4646
1992 4647
1993 4648
1994 4649
1995 4652
1996 4656
1997 4660
1998 4664
1999 4666
2000 4669
2001 4670
2002 4671
2003 4672
2004 4673
2005 4675
2006 4676
2007 4677
2008 4678
2009 4684
2010 4685
2011 4687
2012 4689
2013 4690
2014 4691
2015 4693
2016 4694
2017 4696
2018 4697
2019 4700
2020 4701
2021 4702
2022 4706
2023 4710
2024 4712
2025 4713
2026 4715
2027 4718
2028 4723
2029 4726
2030 4729
2031 4730
2032 4732
2033 4733
2034 4736
2035 4740
2036 4743
2037 4744
2038 4745
2039 4747
2040 4749
2041 4754
2042 4758
2043 4762
2044 4764
2045 4770
2046 4774
2047 4775
2048 4776
2049 4778
2050 4779
2051 4782
2052 4786
2053 4789
2054 4790
2055 4791
2056 4792
2057 4794
2058 4795
2059 4799
2060 4800
2061 4801
2062 4805
2063 4808
2064 4809
2065 4812
2066 4815
2067 4818
2068 4819
2069 4820
2070 4821
2071 4824
2072 4826
2073 4827
2074 4829
2075 4831
2076 4833
2077 4835
2078 4836
2079 4837
2080 4839
2081 4840
2082 4841
2083 4842
2084 4843
2085 4844
2086 4850
2087 4851
2088 4858
2089 4860
2090 4862
2091 4866
2092 4867
2093 4869
2094 4872
2095 4873
2096 4877
2097 4878
2098 4879
2099 4880
2100 4881
2101 4882
2102 4883
2103 4884
2104 4886
2105 4888
2106 4893
2107 4898
2108 4899
2109 4901
2110 4902
2111 4908
2112 4909
2113 4910
2114 4915
2115 4916
2116 4917
2117 4921
2118 4923
2119 4924
2120 4926
2121 4927
2122 4929
2123 4931
2124 4932
2125 4933
2126 4934
2127 4936
2128 4941
2129 4942
2130 4943
2131 4945
2132 4946
2133 4947
2134 4949
2135 4953
2136 4955
2137 4956
2138 4957
2139 4959
2140 4961
2141 4965
2142 4966
2143 4971
2144 4972
2145 4973
2146 4974
2147 4975
2148 4976
2149 4977
2150 4978
2151 4981
2152 4984
2153 4985
2154 4987
2155 4988
2156 4989
2157 4990
2158 4994
2159 4996
2160 4998
2161 4999
2162 5001
2163 5006
2164 5009
2165 5012
2166 5014
2167 5016
2168 5017
2169 5018
2170 5021
2171 5025
2172 5026
2173 5027
2174 5028
2175 5029
2176 5031
2177 5032
2178 5037
2179 5042
2180 5043
2181 5044
2182 5051
2183 5052
2184 5054
2185 5056
2186 5065
2187 5067
2188 5073
2189 5075
2190 5084
2191 5085
2192 5095
2193 5096
2194 5099
2195 5101
2196 5103
2197 5105
2198 5109
2199 5111
2200 5113
2201 5116
2202 5117
2203 5118
2204 5123
2205 5125
2206 5126
2207 5127
2208 5129
2209 5132
2210 5133
2211 5136
2212 5137
2213 5139
2214 5141
2215 5143
2216 5145
2217 5146
2218 5150
2219 5156
2220 5157
2221 5158
2222 5161
2223 5162
2224 5166
2225 5168
2226 5169
2227 5174
2228 5175
2229 5178
2230 5179
2231 5180
2232 5182
2233 5183
2234 5184
2235 5186
2236 5190
2237 5192
2238 5195
2239 5197
2240 5198
2241 5204
2242 5205
2243 5206
2244 5207
2245 5208
2246 5209
2247 5214
2248 5217
2249 5220
2250 5222
2251 5226
2252 5228
2253 5229
2254 5230
2255 5231
2256 5234
2257 5236
2258 5238
2259 5244
2260 5247
2261 5249
2262 5250
2263 5251
2264 5252
2265 5257
2266 5259
2267 5260
2268 5261
2269 5263
2270 5265
2271 5267
2272 5270
2273 5272
2274 5273
2275 5281
2276 5283
2277 5294
2278 5299
2279 5300
2280 5302
2281 5304
2282 5306
2283 5307
2284 5308
2285 5309
2286 5310
2287 5311
2288 5312
2289 5315
2290 5316
2291 5319
2292 5320
2293 5326
2294 5331
2295 5333
2296 5335
2297 5336
2298 5339
2299 5340
2300 5343
2301 5344
2302 5345
2303 5347
2304 5352
2305 5356
2306 5358
2307 5359
2308 5361
2309 5367
2310 5375
2311 5380
2312 5389
2313 5390
2314 5391
2315 5398
2316 5401
2317 5402
2318 5403
2319 5411
2320 5412
2321 5413
2322 5414
2323 5415
2324 5417
2325 5418
2326 5419
2327 5422
2328 5427
2329 5428
2330 5433
2331 5436
2332 5438
2333 5440
2334 5441
2335 5443
2336 5447
2337 5451
2338 5453
2339 5454
2340 5457
2341 5461
2342 5464
2343 5465
2344 5466
2345 5468
2346 5470
2347 5471
2348 5473
2349 5482
2350 5483
2351 5486
2352 5489
2353 5493
2354 5497
2355 5500
2356 5502
2357 5503
2358 5506
2359 5507
2360 5509
2361 5512
2362 5514
2363 5516
2364 5520
2365 5521
2366 5527
2367 5528
2368 5529
2369 5530
2370 5531
2371 5532
2372 5535
2373 5537
2374 5539
2375 5540
2376 5541
2377 5543
2378 5546
2379 5548
2380 5549
2381 5550
2382 5551
2383 5554
2384 5555
2385 5558
2386 5559
2387 5560
2388 5561
2389 5563
2390 5565
2391 5566
2392 5567
2393 5568
2394 5570
2395 5571
2396 5573
2397 5574
2398 5581
2399 5582
2400 5585
2401 5586
2402 5589
2403 5590
2404 5591
2405 5593
2406 5598
2407 5600
2408 5601
2409 5602
2410 5603
2411 5604
2412 5608
2413 5610
2414 5611
2415 5615
2416 5616
2417 5617
2418 5619
2419 5622
2420 5628
2421 5631
2422 5633
2423 5634
2424 5635
2425 5637
2426 5638
2427 5639
2428 5640
2429 5645
2430 5647
2431 5649
2432 5650
2433 5654
2434 5655
2435 5657
2436 5659
2437 5660
2438 5661
2439 5662
2440 5663
2441 5665
2442 5668
2443 5669
2444 5671
2445 5672
2446 5675
2447 5676
2448 5678
2449 5683
2450 5685
2451 5687
2452 5691
2453 5702
2454 5703
2455 5704
2456 5709
2457 5712
2458 5713
2459 5717
2460 5718
2461 5719
2462 5721
2463 5722
2464 5725
2465 5726
2466 5727
2467 5728
2468 5729
2469 5733
2470 5734
2471 5743
2472 5746
2473 5747
2474 5749
2475 5750
2476 5751
2477 5754
2478 5755
2479 5758
2480 5760
2481 5761
2482 5763
2483 5765
2484 5766
2485 5768
2486 5769
2487 5771
2488 5772
2489 5775
2490 5782
2491 5786
2492 5788
2493 5790
2494 5793
2495 5795
2496 5796
2497 5797
2498 5798
2499 5800
2500 5802
2501 5804
2502 5805
2503 5807
2504 5809
2505 5811
2506 5812
2507 5815
2508 5823
2509 5828
2510 5830
2511 5831
2512 5832
2513 5833
2514 5834
2515 5835
2516 5840
2517 5842
2518 5843
2519 5845
2520 5846
2521 5852
2522 5853
2523 5858
2524 5860
2525 5861
2526 5862
2527 5863
2528 5866
2529 5867
2530 5870
2531 5872
2532 5876
2533 5877
2534 5878
2535 5881
2536 5883
2537 5886
2538 5887
2539 5890
2540 5892
2541 5893
2542 5896
2543 5897
2544 5900
2545 5903
2546 5906
2547 5909
2548 5911
2549 5914
2550 5915
2551 5918
2552 5921
2553 5927
2554 5935
2555 5939
2556 5940
2557 5947
2558 5948
2559 5951
2560 5952
2561 5956
2562 5961
2563 5962
2564 5963
2565 5965
2566 5966
2567 5971
2568 5972
2569 5974
2570 5975
2571 5978
2572 5980
2573 5981
2574 5985
2575 5987
2576 5990
2577 5993
2578 5995
2579 5997
2580 5999
2581 6000
2582 6001
2583 6002
2584 6003
2585 6005
2586 6006
2587 6009
2588 6012
2589 6014
2590 6016
2591 6017
2592 6018
2593 6022
2594 6023
2595 6024
2596 6025
2597 6026
2598 6030
2599 6031
2600 6036
2601 6037
2602 6039
2603 6040
2604 6041
2605 6044
2606 6046
2607 6050
2608 6051
2609 6055
2610 6061
2611 6063
2612 6064
2613 6066
2614 6068
2615 6070
2616 6071
2617 6076
2618 6077
2619 6078
2620 6079
2621 6080
2622 6081
2623 6082
2624 6086
2625 6087
2626 6089
2627 6090
2628 6091
2629 6096
2630 6099
2631 6100
2632 6101
2633 6105
2634 6107
2635 6108
2636 6109
2637 6111
2638 6112
2639 6113
2640 6114
2641 6116
2642 6120
2643 6121
2644 6122
2645 6123
2646 6128
2647 6129
2648 6130
2649 6131
2650 6133
2651 6134
2652 6137
2653 6141
2654 6142
2655 6143
2656 6145
2657 6151
2658 6153
2659 6154
2660 6155
2661 6156
2662 6158
2663 6160
2664 6164
2665 6166
2666 6167
2667 6169
2668 6172
2669 6175
2670 6176
2671 6177
2672 6179
2673 6184
2674 6186
2675 6190
2676 6192
2677 6198
2678 6199
2679 6206
2680 6211
2681 6212
2682 6215
2683 6216
2684 6219
2685 6221
2686 6222
2687 6224
2688 6228
2689 6231
2690 6236
2691 6237
2692 6238
2693 6239
2694 6240
2695 6243
2696 6245
2697 6246
2698 6252
2699 6255
2700 6258
2701 6261
2702 6264
2703 6268
2704 6271
2705 6272
2706 6273
2707 6275
2708 6276
2709 6279
2710 6282
2711 6289
2712 6290
2713 6291
2714 6294
2715 6296
2716 6299
2717 6300
2718 6303
2719 6306
2720 6307
2721 6314
2722 6315
2723 6316
2724 6317
2725 6318
2726 6319
2727 6320
2728 6321
2729 6323
2730 6324
2731 6329
2732 6331
2733 6332
2734 6333
2735 6338
2736 6341
2737 6343
2738 6352
2739 6353
2740 6354
2741 6356
2742 6360
2743 6363
2744 6367
2745 6368
2746 6371
2747 6373
2748 6374
2749 6375
2750 6377
2751 6379
2752 6380
2753 6381
2754 6382
2755 6386
2756 6387
2757 6388
2758 6389
2759 6390
2760 6391
2761 6393
2762 6397
2763 6398
2764 6399
2765 6400
2766 6401
2767 6405
2768 6406
2769 6407
2770 6411
2771 6413
2772 6414
2773 6415
2774 6418
2775 6420
2776 6422
2777 6425
2778 6426
2779 6429
2780 6434
2781 6438
2782 6443
2783 6445
2784 6448
2785 6451
2786 6452
2787 6456
2788 6457
2789 6462
2790 6463
2791 6464
2792 6465
2793 6466
2794 6467
2795 6469
2796 6472
2797 6473
2798 6476
2799 6477
2800 6482
2801 6483
2802 6493
2803 6495
2804 6497
2805 6498
2806 6499
2807 6504
2808 6505
2809 6510
2810 6511
2811 6512
2812 6514
2813 6515
2814 6516
2815 6518
2816 6519
2817 6520
2818 6521
2819 6523
2820 6529
2821 6530
2822 6531
2823 6533
2824 6537
2825 6540
2826 6541
2827 6542
2828 6546
2829 6547
2830 6548
2831 6550
2832 6553
2833 6554
2834 6555
2835 6562
2836 6565
2837 6572
2838 6574
2839 6577
2840 6578
2841 6579
2842 6580
2843 6583
2844 6586
2845 6592
2846 6594
2847 6596
2848 6597
2849 6602
2850 6604
2851 6605
2852 6608
2853 6612
2854 6614
2855 6616
2856 6622
2857 6623
2858 6627
2859 6628
2860 6630
2861 6634
2862 6639
2863 6642
2864 6643
2865 6648
2866 6650
2867 6652
2868 6654
2869 6656
2870 6659
2871 6660
2872 6661
2873 6663
2874 6664
2875 6665
2876 6668
2877 6672
2878 6674
2879 6677
2880 6681
2881 6683
2882 6685
2883 6686
2884 6692
2885 6693
2886 6695
2887 6696
2888 6698
2889 6699
2890 6700
2891 6701
2892 6704
2893 6709
2894 6710
2895 6714
2896 6715
2897 6716
2898 6720
2899 6723
2900 6727
2901 6729
2902 6731
2903 6732
2904 6733
2905 6734
2906 6735
2907 6737
2908 6738
2909 6741
2910 6742
2911 6743
2912 6744
2913 6746
2914 6749
2915 6750
2916 6754
2917 6756
2918 6761
2919 6762
2920 6764
2921 6765
2922 6766
2923 6768
2924 6773
2925 6774
2926 6775
2927 6777
2928 6779
2929 6783
2930 6786
2931 6788
2932 6789
2933 6790
2934 6792
2935 6796
2936 6800
2937 6803
2938 6806
2939 6807
2940 6809
2941 6810
2942 6815
2943 6819
2944 6822
2945 6823
2946 6824
2947 6825
2948 6826
2949 6827
2950 6832
2951 6835
2952 6837
2953 6838
2954 6839
2955 6841
2956 6843
2957 6848
2958 6854
2959 6855
2960 6858
2961 6859
2962 6862
2963 6863
2964 6865
2965 6867
2966 6869
2967 6871
2968 6872
2969 6873
2970 6877
2971 6881
2972 6882
2973 6883
2974 6884
2975 6886
2976 6888
2977 6889
2978 6891
2979 6892
2980 6894
2981 6898
2982 6902
2983 6903
2984 6905
2985 6906
2986 6907
2987 6913
2988 6915
2989 6917
2990 6919
2991 6920
2992 6924
2993 6928
2994 6931
2995 6932
2996 6938
2997 6942
2998 6943
2999 6946
3000 6951
3001 6957
3002 6958
3003 6959
3004 6962
3005 6965
3006 6968
3007 6972
3008 6973
3009 6974
3010 6975
3011 6977
3012 6979
3013 6980
3014 6981
3015 6986
3016 6988
3017 6989
3018 6992
3019 6993
3020 6995
3021 6996
3022 6997
3023 7000
3024 7001
3025 7004
3026 7005
3027 7009
3028 7012
3029 7013
3030 7015
3031 7016
3032 7018
3033 7020
3034 7021
3035 7022
3036 7023
3037 7026
3038 7028
3039 7033
3040 7036
3041 7038
3042 7040
3043 7041
3044 7042
3045 7045
3046 7046
3047 7048
3048 7049
3049 7052
3050 7053
3051 7054
3052 7055
3053 7058
3054 7060
3055 7066
3056 7068
3057 7070
3058 7071
3059 7075
3060 7076
3061 7077
3062 7082
3063 7087
3064 7089
3065 7092
3066 7096
3067 7097
3068 7098
3069 7102
3070 7106
3071 7107
3072 7109
3073 7110
3074 7112
3075 7113
3076 7114
3077 7117
3078 7118
3079 7119
3080 7120
3081 7122
3082 7123
3083 7124
3084 7130
3085 7133
3086 7135
3087 7137
3088 7138
3089 7141
3090 7144
3091 7150
3092 7151
3093 7155
3094 7156
3095 7157
3096 7159
3097 7162
3098 7163
3099 7164
3100 7168
3101 7171
3102 7172
3103 7173
3104 7177
3105 7178
3106 7182
3107 7183
3108 7185
3109 7190
3110 7193
3111 7194
3112 7195
3113 7198
3114 7199
3115 7200
3116 7201
3117 7203
3118 7205
3119 7207
3120 7208
3121 7210
3122 7211
3123 7213
3124 7215
3125 7219
3126 7221
3127 7222
3128 7224
3129 7228
3130 7229
3131 7230
3132 7233
3133 7236
3134 7238
3135 7239
3136 7240
3137 7241
3138 7242
3139 7244
3140 7245
3141 7253
3142 7258
3143 7260
3144 7261
3145 7264
3146 7265
3147 7270
3148 7271
3149 7272
3150 7275
3151 7276
3152 7277
3153 7278
3154 7279
3155 7280
3156 7282
3157 7283
3158 7286
3159 7288
3160 7291
3161 7294
3162 7296
3163 7297
3164 7301
3165 7304
3166 7306
3167 7307
3168 7308
3169 7314
3170 7315
3171 7316
3172 7317
3173 7319
3174 7321
3175 7323
3176 7326
3177 7327
3178 7330
3179 7333
3180 7334
3181 7335
3182 7336
3183 7337
3184 7339
3185 7340
3186 7341
3187 7343
3188 7344
3189 7347
3190 7353
3191 7359
3192 7360
3193 7362
3194 7363
3195 7365
3196 7367
3197 7368
3198 7371
3199 7373
3200 7377
3201 7381
3202 7383
3203 7388
3204 7395
3205 7397
3206 7400
3207 7401
3208 7402
3209 7403
3210 7406
3211 7407
3212 7418
3213 7421
3214 7423
3215 7426
3216 7427
3217 7432
3218 7433
3219 7434
3220 7435
3221 7438
3222 7439
3223 7440
3224 7444
3225 7446
3226 7447
3227 7450
3228 7455
3229 7456
3230 7457
3231 7458
3232 7459
3233 7465
3234 7467
3235 7471
3236 7475
3237 7479
3238 7480
3239 7483
3240 7484
3241 7494
3242 7495
3243 7497
3244 7499
3245 7501
3246 7505
3247 7507
3248 7508
3249 7513
3250 7514
3251 7519
3252 7520
3253 7521
3254 7522
3255 7523
3256 7524
3257 7525
3258 7526
3259 7527
3260 7532
3261 7534
3262 7537
3263 7538
3264 7541
3265 7545
3266 7546
3267 7547
3268 7552
3269 7556
3270 7557
3271 7560
3272 7562
3273 7564
3274 7566
3275 7569
3276 7571
3277 7574
3278 7581
3279 7584
3280 7585
3281 7586
3282 7587
