618 8051
1 11 378
1 28 357
1 30 373
1 38 338
1 43 363
1 46 425
1 55 391
1 63 395
1 65 387
1 71 387
1 74 344
1 76 335
1 85 232
1 99 396
1 106 392
1 120 340
1 130 397
1 131 405
1 133 351
1 155 360
1 161 423
1 210 356
1 221 366
1 239 369
1 264 335
1 272 372
1 279 417
1 289 352
1 303 387
1 308 409
1 311 405
1 317 404
1 326 351
1 7 396
1 338 366
1 343 362
1 348 338
1 349 328
1 355 454
1 360 371
1 368 400
1 388 342
1 401 422
1 423 318
1 424 302
1 430 401
1 431 354
1 436 364
1 438 383
1 455 371
1 97 386
1 538 342
1 394 343
1 545 229
1 392 395
1 447 311
1 12 330
1 146 383
1 443 401
1 304 454
1 340 429
1 183 223
1 171 454
1 212 392
1 24 454
1 462 444
1 235 421
1 531 376
1 370 383
1 396 454
1 517 409
1 249 454
1 238 337
1 227 362
1 476 454
1 477 217
1 482 409
1 489 365
1 490 417
1 379 392
1 537 383
1 546 417
1 565 313
1 570 387
1 575 387
1 578 342
1 587 372
1 589 359
1 591 361
1 605 375
1 610 394
2 330 305
2 141 400
2 158 217
2 415 178
2 97 331
2 225 193
2 570 333
2 542 363
2 12 276
2 538 288
2 404 294
2 443 347
2 458 347
2 514 400
2 130 343
2 246 341
2 243 244
2 479 323
2 446 229
2 531 322
2 5 233
2 33 176
2 356 400
2 401 368
2 249 400
2 46 371
2 474 169
2 447 257
2 208 233
2 333 264
2 153 287
2 28 303
2 30 318
2 38 284
2 120 286
2 264 281
2 338 312
2 362 319
2 371 335
2 378 317
2 393 301
2 450 288
2 489 311
2 495 317
2 572 332
2 618 314
3 30 168
3 45 167
3 95 185
3 118 159
3 120 136
3 128 250
3 156 0
3 165 194
3 193 102
3 310 117
3 386 144
3 244 196
3 531 172
3 333 114
3 33 26
3 436 160
3 438 179
3 483 194
3 494 59
4 17 302
4 30 318
4 244 346
4 289 298
4 348 284
4 378 317
4 386 294
4 495 317
4 97 331
4 560 349
4 356 400
4 469 188
4 538 288
4 575 333
4 597 341
5 30 252
5 97 265
5 249 333
5 542 296
5 386 227
5 575 266
6 40 326
6 46 428
6 65 390
6 99 399
6 120 343
6 130 400
6 147 432
6 176 371
6 254 410
6 264 338
6 272 375
6 283 383
6 303 390
6 12 333
6 97 389
6 308 412
6 392 398
6 317 407
6 7 399
6 334 297
6 360 374
6 385 412
6 386 351
6 393 358
6 430 404
6 435 390
6 446 286
6 447 314
6 479 380
6 482 412
6 489 368
6 379 395
6 531 379
6 534 384
6 538 345
6 561 407
6 575 390
6 589 362
6 618 371
7 8 342
7 22 297
7 28 345
7 30 361
7 37 325
7 40 311
7 43 351
7 46 413
7 55 379
7 59 406
7 99 384
7 105 211
7 35 245
7 118 351
7 120 328
7 130 385
7 131 393
7 133 339
7 155 348
7 158 259
7 306 327
7 174 416
7 176 356
7 182 351
7 183 211
7 188 367
7 202 345
7 224 414
7 231 368
7 246 384
7 251 401
7 264 323
7 272 360
7 279 405
7 282 336
7 283 368
7 289 340
7 303 376
7 21 282
7 308 397
7 311 393
7 317 392
7 320 442
7 325 420
7 97 374
7 333 306
7 225 235
7 575 375
7 435 375
7 330 347
7 386 336
7 415 220
7 84 306
7 170 363
7 542 405
7 479 365
7 164 303
7 430 389
7 351 401
7 392 383
7 538 330
7 589 347
7 371 377
7 616 351
7 253 367
7 378 359
7 12 319
7 443 389
7 370 371
7 247 347
7 527 397
7 348 327
7 61 281
7 139 299
7 401 410
7 138 313
7 161 411
7 281 380
7 349 316
7 143 374
7 319 290
7 531 364
7 450 330
7 276 392
7 591 349
7 481 253
7 338 354
7 315 276
7 210 344
7 331 344
7 212 380
7 462 432
7 506 371
7 65 375
7 95 378
7 467 319
7 566 442
7 429 442
7 394 331
7 508 312
7 560 391
7 346 418
7 608 378
7 482 397
7 74 332
7 296 370
7 249 442
7 243 286
7 515 228
7 58 248
7 596 442
7 11 366
7 100 428
7 447 299
7 396 442
7 617 397
7 368 388
7 490 405
7 302 192
7 300 442
7 223 399
7 466 331
7 448 306
7 227 350
7 305 299
7 421 374
7 234 317
7 469 231
7 423 306
7 214 331
7 41 256
7 352 220
7 541 242
7 39 340
7 545 217
7 340 417
7 342 266
7 360 359
7 376 364
7 363 276
7 393 343
7 416 341
7 424 290
7 18 385
7 436 352
7 438 371
7 445 423
7 459 338
7 379 380
7 495 360
7 507 382
7 534 369
7 537 371
7 546 405
7 565 301
7 572 374
7 584 309
7 607 371
8 351 359
8 415 178
8 467 277
8 348 284
8 97 331
8 565 259
8 202 303
8 117 317
8 435 332
8 479 323
8 249 400
8 363 233
8 333 264
8 330 305
8 538 288
8 317 350
9 97 408
9 281 414
9 392 417
9 249 476
9 170 397
9 559 310
9 614 476
10 97 431
11 303 358
11 575 357
11 430 371
11 423 288
11 447 281
11 97 356
11 113 384
11 249 424
11 538 312
11 453 277
11 341 313
11 330 329
11 317 375
12 164 237
12 545 151
12 97 308
12 415 154
12 394 265
12 527 331
12 146 305
12 249 376
12 333 240
12 174 350
12 16 285
12 17 278
12 23 321
12 30 295
12 32 301
12 37 259
12 38 260
12 40 245
12 43 285
12 44 215
12 46 347
12 47 146
12 52 206
12 55 313
12 56 251
12 58 182
12 61 216
12 62 297
12 65 309
12 68 296
12 71 310
12 72 305
12 73 376
12 74 267
12 76 257
12 81 367
12 85 154
12 86 346
12 91 210
12 94 376
12 99 318
12 102 312
12 105 146
12 108 225
12 114 226
12 35 179
12 118 285
12 120 262
12 125 279
12 127 321
12 129 228
12 130 319
12 131 327
12 133 273
12 134 204
12 138 247
12 140 256
12 142 296
12 153 264
12 154 233
12 156 126
12 161 345
12 306 261
12 170 297
12 176 290
12 178 376
12 182 285
12 188 301
12 191 176
12 193 228
12 195 363
12 202 279
12 207 237
12 210 279
12 211 331
12 222 265
12 224 349
12 234 251
12 233 210
12 238 259
12 239 292
12 240 308
12 242 226
12 243 221
12 244 322
12 246 318
12 253 301
12 254 329
12 264 257
12 268 220
12 270 173
12 272 295
12 275 265
12 276 326
12 279 339
12 283 303
12 288 321
12 289 274
12 291 257
12 294 351
12 298 376
12 301 293
12 303 310
12 308 332
12 310 244
12 311 327
12 312 285
12 313 240
12 317 327
12 318 264
12 319 224
12 325 355
12 326 273
12 334 216
12 338 288
12 340 351
12 341 265
12 343 284
12 345 343
12 348 261
12 349 250
12 351 336
12 353 210
12 357 261
12 360 293
12 362 295
12 368 322
12 371 311
12 378 293
12 381 310
12 382 276
12 383 338
12 384 325
12 386 270
12 387 300
12 388 265
12 363 210
12 392 317
12 393 277
12 401 344
12 402 241
12 406 222
12 420 243
12 423 240
12 424 224
12 425 350
12 430 323
12 18 320
12 435 309
12 436 286
12 438 306
12 439 376
12 441 236
12 445 357
12 446 205
12 447 233
12 450 265
12 453 229
12 458 323
12 459 272
12 460 376
12 468 376
12 472 290
12 474 146
12 476 376
12 479 299
12 482 332
12 484 328
12 485 276
12 489 287
12 493 195
12 494 185
12 379 314
12 495 294
12 498 376
12 504 376
12 505 210
12 506 305
12 507 317
12 508 246
12 509 270
12 510 286
12 513 361
12 517 331
12 522 176
12 529 198
12 531 298
12 534 303
12 538 264
12 539 314
12 542 339
12 546 339
12 547 314
12 556 257
12 559 210
12 561 326
12 563 126
12 565 235
12 566 376
12 569 240
12 570 310
12 571 311
12 573 292
12 575 309
12 577 304
12 578 264
12 585 376
12 587 294
12 589 281
12 591 283
12 600 331
12 601 170
12 603 339
12 605 297
12 607 305
12 611 302
12 613 285
12 616 285
12 618 291
13 97 431
14 97 306
15 244 339
15 249 393
15 370 321
15 97 324
15 330 298
16 97 341
16 538 297
16 330 314
16 435 342
16 356 409
16 342 233
16 370 338
16 346 385
17 600 356
17 589 307
17 272 320
17 200 360
17 370 330
17 538 290
17 177 246
17 527 356
17 84 265
17 143 334
17 575 335
17 325 380
17 531 324
17 330 307
17 333 265
17 479 325
17 97 333
17 409 302
17 307 343
17 430 348
17 346 378
17 18 345
17 394 291
17 249 402
17 202 305
17 47 171
17 467 279
17 109 360
17 43 311
17 578 290
18 28 346
18 38 327
18 43 352
18 45 360
18 73 443
18 76 324
18 89 312
18 95 379
18 106 381
18 110 443
18 35 246
18 118 352
18 125 346
18 129 295
18 132 397
18 140 323
18 144 277
18 155 349
18 306 328
18 176 357
18 177 287
18 206 318
18 240 375
18 248 443
18 272 361
18 283 369
18 288 388
18 292 443
18 303 377
18 317 393
18 334 283
18 341 332
18 342 267
18 345 410
18 353 277
18 356 443
18 360 360
18 368 389
18 389 256
18 393 344
18 401 411
18 423 307
18 33 219
18 330 348
18 541 243
18 130 386
18 161 412
18 170 364
18 479 366
18 338 355
18 394 332
18 97 375
18 249 443
18 139 300
18 333 307
18 243 287
18 276 393
18 174 417
18 348 328
18 591 350
18 514 443
18 39 341
18 22 298
18 436 353
18 441 303
18 445 424
18 449 410
18 458 390
18 482 398
18 489 354
18 379 381
18 497 443
18 507 383
18 508 313
18 523 443
18 531 365
18 549 443
18 559 277
18 569 306
18 572 375
18 575 376
18 578 331
18 589 348
18 601 237
18 618 357
19 538 294
19 356 406
19 370 335
19 97 338
19 41 221
19 479 329
19 508 276
19 130 349
19 249 406
19 225 199
20 97 431
20 575 433
20 317 450
20 156 250
20 356 500
20 323 500
21 158 157
21 575 273
21 542 303
21 447 197
21 289 238
21 444 340
21 97 271
21 538 228
21 215 146
21 531 262
21 370 269
21 249 340
21 565 199
21 243 184
21 545 115
21 508 210
22 333 218
22 253 279
22 283 281
22 565 213
22 97 286
22 435 287
22 249 355
22 405 188
22 531 276
22 132 308
22 477 118
22 130 297
22 370 283
22 589 260
22 591 261
22 133 252
22 458 301
22 330 259
22 28 257
22 30 273
22 37 237
22 99 296
22 120 240
22 210 257
22 264 235
22 272 273
22 303 288
22 310 222
22 326 251
22 335 280
22 348 239
22 362 274
22 378 271
22 388 243
22 393 255
22 420 221
22 481 165
22 495 272
22 538 243
22 575 288
22 577 283
22 595 332
22 611 280
23 97 376
23 62 365
23 289 342
23 249 444
23 164 306
23 330 349
23 538 333
23 370 373
23 143 376
23 131 395
24 249 500
24 247 405
24 368 445
24 135 375
24 46 471
24 67 395
24 108 349
24 120 386
24 130 443
24 182 409
24 223 457
24 273 348
24 333 364
24 338 412
24 353 333
24 423 364
24 479 423
24 482 455
24 575 433
24 589 405
24 611 426
25 249 364
25 97 295
25 143 295
25 370 292
25 30 282
25 62 284
25 120 249
25 182 272
25 247 268
25 273 212
25 333 227
25 393 264
25 537 292
25 538 252
25 562 318
26 97 265
27 97 381
27 368 395
27 164 311
27 538 338
28 538 291
28 281 340
28 97 334
28 575 336
28 133 300
28 326 299
28 330 308
28 531 325
28 479 326
28 65 336
28 307 344
28 370 331
28 348 287
28 55 340
28 560 351
28 210 305
28 243 247
28 447 259
28 130 345
28 63 344
28 249 403
28 276 353
28 423 267
28 394 292
28 608 339
28 231 329
28 153 290
28 84 266
28 391 303
28 67 298
28 591 309
28 589 308
28 33 179
28 211 357
28 279 365
28 296 330
28 225 196
28 99 344
28 360 320
29 97 265
30 244 364
30 158 235
30 531 340
30 97 350
30 307 360
30 547 356
30 164 280
30 500 353
30 617 373
30 392 359
30 333 282
30 330 323
30 579 311
30 310 286
30 386 312
30 489 329
30 170 339
30 479 341
30 62 339
30 542 381
30 246 360
30 264 299
30 153 306
30 348 303
30 538 307
30 560 367
30 253 343
30 447 275
30 225 212
30 432 418
30 238 301
30 346 395
30 527 373
30 141 418
30 576 204
30 575 351
30 383 380
30 595 396
30 272 337
30 616 327
30 370 347
30 100 404
30 283 345
30 351 378
30 161 387
30 281 356
30 237 341
30 349 292
30 430 365
30 58 224
30 219 390
30 289 316
30 600 373
30 423 282
30 276 368
30 296 346
30 130 361
30 223 375
30 61 258
30 247 323
30 243 263
30 242 268
30 394 307
30 217 356
30 510 328
30 428 373
30 408 318
30 112 218
30 581 335
30 446 248
30 275 307
30 132 372
30 249 418
30 401 386
30 304 418
30 443 365
30 139 276
30 143 350
30 33 194
30 591 325
30 518 418
30 135 293
30 475 418
30 271 318
30 314 363
30 546 381
30 203 231
30 356 418
30 331 320
30 215 224
30 209 339
30 174 392
30 267 318
30 508 288
30 368 364
30 84 282
30 195 405
30 564 335
30 261 418
30 74 309
30 515 204
30 106 356
30 465 343
30 458 365
30 279 381
30 208 252
30 193 270
30 120 304
30 589 323
31 479 423
31 97 431
31 552 300
31 249 500
32 97 356
32 527 379
32 330 329
32 249 424
32 333 288
32 209 345
32 370 353
32 392 365
32 131 375
32 572 357
33 394 165
33 330 181
33 97 207
33 217 213
33 525 213
33 527 230
33 113 236
33 370 204
33 451 276
33 356 276
33 225 69
33 38 160
33 41 90
33 44 115
33 46 246
33 47 45
33 51 204
33 55 213
33 83 235
33 86 246
33 89 144
33 105 45
33 108 125
33 35 78
33 117 193
33 118 184
33 120 161
33 129 128
33 131 227
33 133 173
33 136 109
33 138 147
33 140 156
33 155 182
33 158 93
33 162 98
33 306 160
33 182 184
33 202 179
33 206 151
33 208 109
33 210 178
33 218 109
33 227 183
33 244 222
33 246 217
33 264 157
33 268 120
33 270 73
33 273 124
33 283 202
33 288 220
33 289 173
33 295 151
33 296 203
33 308 231
33 317 226
33 318 163
33 329 143
33 333 139
33 340 251
33 348 160
33 353 109
33 362 195
33 384 224
33 393 177
33 399 204
33 402 140
33 416 174
33 417 276
33 430 222
33 436 186
33 441 136
33 445 257
33 446 105
33 457 276
33 472 190
33 474 45
33 490 239
33 379 214
33 519 41
33 534 202
33 538 164
33 542 239
33 545 51
33 565 135
33 569 139
33 575 209
33 578 164
33 589 181
33 600 230
33 607 204
33 610 216
33 618 190
34 333 280
34 97 348
34 421 348
34 174 390
34 200 375
35 333 166
35 370 231
35 319 150
35 545 78
35 193 154
35 225 96
35 392 243
35 351 262
35 575 236
35 538 191
35 289 200
35 419 247
35 296 230
35 238 185
35 233 136
35 430 249
35 202 206
35 443 249
35 99 244
35 318 190
35 348 187
35 243 147
35 552 103
35 330 207
35 97 234
35 341 191
35 384 251
35 46 273
35 58 108
35 589 208
35 130 245
35 571 237
35 396 303
35 356 303
35 394 191
35 37 185
35 342 126
35 76 183
35 281 240
35 479 225
35 368 248
35 308 258
35 158 119
35 337 303
35 591 209
35 161 272
35 600 257
35 52 132
35 85 80
35 477 66
35 177 146
35 446 132
35 135 178
35 514 303
35 136 136
35 206 178
35 353 136
35 138 173
35 451 303
36 296 428
36 97 431
37 333 247
37 130 325
37 392 323
37 289 281
37 330 288
37 542 346
37 348 267
37 338 295
37 97 314
37 575 316
37 164 244
37 281 320
37 591 290
37 443 330
37 370 311
37 589 288
37 133 280
37 100 369
37 62 303
37 382 283
37 433 300
37 318 270
37 482 338
37 479 306
37 264 264
37 371 318
37 446 212
37 531 305
37 296 311
37 430 329
37 514 383
37 238 266
37 351 342
37 459 279
37 378 300
37 249 383
37 564 300
37 158 200
37 170 304
37 567 272
37 77 208
37 469 171
37 545 158
37 508 252
37 81 374
37 120 268
37 282 276
37 360 300
37 381 316
37 388 271
37 393 284
37 499 258
37 538 271
37 605 304
37 618 297
38 351 343
38 225 177
38 97 315
38 281 321
38 333 248
38 330 289
38 143 316
38 538 272
38 84 248
38 370 312
38 382 284
38 394 273
38 479 307
38 289 282
38 348 268
38 130 326
38 515 170
38 135 259
38 164 245
38 596 384
38 560 333
38 392 324
38 138 255
38 249 384
38 425 358
38 542 347
38 446 213
38 243 228
38 310 251
38 508 253
38 356 384
38 362 303
38 572 316
39 97 329
39 138 269
39 443 345
39 392 339
39 307 339
39 432 398
39 545 173
39 386 292
39 331 300
39 531 320
39 296 326
39 330 303
39 508 268
39 147 373
39 527 353
39 370 327
39 564 315
39 428 353
39 591 305
39 479 321
39 310 265
39 170 319
39 225 191
39 117 315
39 120 283
39 153 285
39 193 250
39 318 285
39 341 287
39 348 282
39 424 245
39 438 327
39 572 330
39 605 319
40 330 273
40 394 257
40 447 225
40 97 300
40 542 331
40 382 268
40 589 274
40 531 290
40 113 328
40 351 328
40 392 309
40 479 291
40 130 311
40 338 280
40 370 297
40 177 212
40 135 243
40 560 317
40 393 269
40 600 323
40 55 306
40 118 277
40 495 286
41 575 247
41 538 202
41 392 255
41 246 256
41 370 243
41 97 246
41 330 219
41 158 131
41 58 120
41 130 257
41 74 205
41 447 171
41 479 237
41 424 162
41 401 282
41 281 252
41 368 260
41 188 239
41 133 211
41 61 154
41 356 314
41 514 314
41 76 195
41 99 256
41 106 252
41 155 221
41 231 240
41 239 230
41 264 195
41 303 248
41 316 259
41 318 202
41 360 231
41 573 230
41 605 235
42 153 349
42 100 447
42 130 404
42 538 350
42 370 390
42 97 393
43 97 341
43 443 356
43 164 270
43 479 332
43 225 202
43 272 327
43 617 364
43 333 273
43 257 371
43 330 314
43 282 303
43 348 293
43 338 321
43 264 290
43 283 335
43 560 358
43 351 368
43 430 356
43 538 297
43 376 331
43 281 347
43 343 316
43 547 347
43 253 334
43 392 350
43 100 395
43 76 290
43 307 350
43 447 266
43 44 248
43 575 342
43 210 311
43 386 303
43 296 337
43 589 314
43 161 378
43 480 159
43 289 307
43 438 338
43 247 314
43 424 257
43 541 209
43 130 352
43 415 187
43 531 331
43 325 387
43 170 330
43 346 385
43 469 198
43 176 323
43 534 336
43 188 334
43 527 364
43 370 338
43 371 344
43 525 347
43 153 296
43 135 284
43 349 283
43 546 372
43 61 248
43 514 409
43 243 253
43 356 409
43 63 350
43 475 409
43 419 354
43 249 409
43 542 372
43 561 359
43 202 312
43 508 279
43 138 280
43 58 215
43 143 341
43 404 303
43 174 383
43 591 316
43 564 326
43 453 262
43 600 364
43 223 366
43 353 242
43 436 319
43 489 320
44 330 243
44 110 339
44 479 261
44 538 227
44 458 286
44 97 270
44 105 108
44 352 116
44 531 261
44 542 302
44 409 239
44 281 276
44 161 308
44 370 267
44 348 223
44 143 271
44 318 226
44 387 262
44 572 271
45 508 286
45 394 306
45 97 348
45 174 390
45 296 344
45 170 337
45 225 210
45 404 311
46 351 430
46 281 408
46 97 402
46 325 449
46 462 461
46 254 423
46 392 411
46 249 471
46 235 437
46 161 440
46 308 426
46 479 393
46 130 413
46 304 471
46 370 399
46 73 471
46 76 351
46 120 356
46 131 421
46 306 355
46 223 427
46 309 471
46 227 378
46 288 415
46 319 318
46 338 382
46 340 446
46 341 359
46 353 304
46 355 471
46 360 387
46 385 425
46 401 438
46 458 417
46 466 359
46 482 426
46 490 434
46 379 409
46 517 425
46 546 433
46 561 421
46 569 334
46 575 404
46 591 377
47 257 231
47 527 224
47 531 191
47 97 201
47 542 232
47 193 121
47 354 269
47 401 237
47 406 115
47 522 69
47 612 69
47 618 184
48 99 441
48 303 433
49 238 216
49 322 167
49 330 238
49 161 302
49 249 333
50 305 274
50 161 386
50 338 328
50 155 323
51 146 357
51 538 317
51 97 360
51 370 357
51 249 429
51 508 298
51 307 370
51 543 214
52 330 234
52 97 261
52 370 258
52 215 135
52 249 330
52 100 315
52 58 135
52 356 330
52 223 286
52 281 267
52 121 330
52 76 210
52 467 207
52 538 218
52 572 262
52 584 197
52 589 235
52 605 251
53 97 331
53 249 400
53 306 285
54 394 139
54 249 250
54 97 181
55 130 380
55 333 301
55 170 358
55 531 359
55 392 378
55 394 326
55 97 369
55 538 325
55 348 321
55 188 362
55 283 363
55 138 308
55 257 399
55 253 362
55 307 378
55 351 396
55 430 384
55 443 384
55 479 360
55 100 423
55 164 298
55 200 395
55 182 346
55 109 395
55 589 342
55 370 366
55 61 276
55 281 375
55 401 405
55 183 206
55 419 382
55 246 379
55 330 342
55 352 215
55 249 437
55 202 340
55 174 411
55 527 392
55 102 373
55 514 437
55 161 406
55 95 373
55 368 383
55 296 365
55 433 354
55 591 344
55 118 346
55 564 354
55 135 312
55 120 323
55 117 354
55 140 317
55 311 388
55 416 336
56 296 303
56 97 306
56 319 223
56 423 239
56 572 307
57 97 181
57 456 250
57 466 139
57 135 125
58 59 270
58 333 169
58 352 83
58 225 99
58 542 269
58 129 157
58 243 150
58 330 210
58 97 237
58 394 194
58 183 75
58 279 268
58 76 186
58 99 247
58 118 214
58 120 191
58 133 203
58 140 186
58 155 212
58 202 209
58 252 163
58 264 186
58 283 232
58 303 239
58 317 256
58 335 231
58 338 217
58 348 190
58 349 179
58 368 251
58 393 206
58 404 199
58 438 235
58 533 175
58 534 232
58 538 194
58 575 239
58 578 194
58 618 220
59 84 328
59 351 424
59 378 381
59 61 304
59 479 387
59 392 405
59 370 393
59 253 389
59 538 352
59 130 407
59 243 309
59 330 369
59 120 350
59 360 381
59 431 364
60 97 360
60 109 387
60 531 350
61 479 262
61 330 244
61 130 282
61 111 268
61 531 261
61 538 227
61 97 271
61 164 200
61 276 289
61 174 313
61 225 132
61 564 256
61 589 244
61 76 220
61 77 164
61 99 281
61 118 248
61 120 225
61 136 173
61 142 259
61 153 227
61 306 224
61 207 200
61 240 271
61 243 184
61 264 220
61 283 266
61 303 273
61 313 203
61 317 290
61 322 173
61 343 247
61 347 125
61 348 224
61 357 224
61 360 256
61 386 233
61 387 263
61 404 233
61 425 313
61 430 286
61 436 249
61 438 268
61 379 277
61 498 339
61 537 268
61 556 220
61 575 272
61 578 227
61 584 206
61 588 339
61 601 133
61 604 232
61 618 254
62 97 352
62 392 361
62 161 390
62 330 325
62 174 394
62 249 420
62 283 347
62 333 284
62 591 327
62 130 363
62 479 343
62 76 301
62 99 362
62 120 306
62 153 308
62 170 341
62 187 233
62 264 301
62 269 299
62 272 339
62 282 314
62 296 348
62 297 278
62 303 354
62 317 371
62 347 206
62 360 337
62 368 366
62 378 337
62 386 314
62 387 344
62 430 367
62 435 353
62 438 350
62 455 337
62 509 314
62 513 405
62 569 284
62 571 355
62 575 354
63 538 329
63 307 382
63 97 373
63 438 370
63 506 370
63 435 374
63 527 396
63 392 382
63 330 346
63 218 275
63 510 351
63 249 441
63 531 363
63 227 349
63 294 416
63 131 392
63 402 306
63 65 374
63 95 377
63 101 441
63 126 275
63 210 343
63 212 379
63 231 367
63 326 338
63 338 353
63 360 358
63 376 363
63 412 441
63 423 305
63 424 289
63 482 396
63 379 379
63 537 370
63 546 404
63 589 346
64 97 386
64 595 432
64 542 418
64 113 414
64 330 359
64 370 383
64 538 343
64 333 318
64 374 226
65 394 322
65 538 321
65 430 379
65 164 294
65 97 364
65 575 366
65 109 391
65 351 392
65 133 330
65 281 370
65 161 402
65 479 356
65 130 375
65 506 361
65 542 396
65 330 338
65 435 365
65 482 388
65 249 433
65 338 344
65 410 308
65 135 308
65 296 360
65 120 318
65 188 357
65 272 351
65 283 359
65 577 361
65 591 340
66 589 183
66 370 206
66 97 209
66 479 201
66 315 111
67 144 229
67 538 283
67 575 328
67 97 327
67 281 333
67 330 300
67 249 395
67 508 265
67 447 252
67 356 395
67 506 324
67 130 338
67 370 324
67 99 337
67 118 304
67 303 329
67 333 259
67 338 307
67 353 229
67 360 312
67 425 369
67 430 342
67 436 305
67 479 318
67 507 336
67 537 324
67 605 316
68 97 351
68 538 307
68 164 280
68 351 379
68 264 300
68 479 342
68 84 283
69 97 431
70 97 431
70 370 429
70 330 405
71 508 303
71 538 321
71 97 365
71 453 286
71 135 308
71 333 297
71 249 433
71 459 329
71 591 340
71 447 290
71 418 433
72 394 317
72 370 357
72 396 429
72 100 414
72 221 340
72 97 360
72 467 306
72 161 398
72 244 374
72 508 298
73 97 431
74 97 322
74 330 295
74 542 353
74 225 183
74 538 278
74 514 390
74 333 254
74 215 196
74 560 339
74 331 292
74 130 333
74 272 309
74 443 337
74 575 323
74 371 325
74 403 176
74 161 359
74 531 312
74 249 390
74 170 311
74 589 295
74 591 297
74 430 337
74 379 328
74 508 260
75 447 357
75 97 431
75 243 344
75 514 500
75 330 405
75 443 447
76 508 250
76 282 274
76 538 269
76 356 380
76 225 174
76 575 314
76 107 380
76 430 327
76 296 308
76 97 312
76 129 232
76 370 309
76 238 263
76 357 265
76 215 186
76 153 268
76 146 309
76 276 330
76 289 278
76 210 283
76 283 307
76 243 225
76 346 357
76 542 343
76 333 244
76 371 315
76 170 301
76 330 285
76 331 282
76 325 359
76 467 258
76 394 269
76 419 325
76 99 322
76 479 303
76 584 248
76 560 329
76 249 380
76 342 204
76 164 242
76 100 366
76 135 255
76 307 322
76 514 380
76 130 323
76 252 238
76 443 327
76 446 210
76 161 350
76 133 277
76 253 305
76 591 287
76 352 158
76 310 248
76 291 261
77 208 158
77 158 142
77 538 213
77 246 266
77 575 258
77 370 254
77 552 125
77 330 230
77 531 247
77 97 256
77 131 276
77 446 154
77 118 234
77 120 211
77 270 122
77 378 242
77 388 213
77 430 272
78 370 313
78 462 375
78 121 385
78 392 325
78 161 354
78 430 331
78 97 316
78 443 331
78 138 256
78 333 248
78 589 290
78 225 178
78 356 385
79 97 431
79 538 388
79 249 500
79 330 405
80 370 429
80 552 300
80 545 275
80 343 407
81 330 396
81 97 422
81 394 380
81 303 424
81 542 454
81 145 400
81 113 450
81 219 462
81 307 432
81 249 491
81 368 436
81 147 466
81 161 460
81 130 433
81 475 491
81 479 414
81 561 441
81 549 491
81 370 419
81 84 354
81 591 397
81 317 441
81 100 476
81 143 423
81 423 355
82 97 320
82 307 330
82 394 278
82 249 389
82 564 306
82 589 294
83 538 347
83 97 391
83 164 320
83 249 459
83 330 364
83 370 388
83 130 402
84 575 297
84 330 268
84 443 310
84 97 295
84 138 235
84 531 285
84 202 267
84 348 248
84 153 251
84 99 305
84 118 272
84 120 249
84 193 215
84 210 266
84 239 279
84 243 208
84 282 257
84 283 290
84 289 261
84 296 291
84 303 297
84 310 231
84 317 314
84 318 251
84 326 260
84 353 197
84 362 283
84 368 309
84 378 280
84 393 264
84 436 273
84 446 193
84 474 133
84 379 302
84 537 292
84 538 252
84 569 227
84 578 252
84 605 285
84 611 289
84 618 278
85 97 209
85 538 166
85 423 142
85 130 220
85 276 228
85 479 201
85 370 206
85 303 211
85 598 69
85 161 247
85 368 223
85 447 134
85 349 152
85 589 183
85 575 211
85 99 219
85 306 162
85 262 99
85 317 228
85 360 195
85 378 194
85 430 224
85 438 207
85 482 233
85 489 188
85 379 216
85 565 136
85 572 210
85 573 193
86 97 401
86 392 410
86 330 374
86 333 333
86 174 443
86 249 470
86 307 411
86 453 323
86 370 398
86 356 470
87 330 405
88 97 360
89 538 257
89 146 297
89 482 324
89 330 273
89 531 290
89 130 311
89 341 257
89 515 154
89 565 227
90 538 138
90 225 43
90 370 179
90 392 191
90 333 114
90 135 125
90 415 28
91 606 167
91 97 265
91 249 333
91 394 222
92 538 305
92 264 297
92 294 392
93 97 320
93 319 237
93 392 329
93 130 331
93 564 306
93 370 317
93 531 311
94 97 431
94 333 364
95 545 210
95 333 299
95 330 340
95 435 368
95 97 367
95 531 357
95 161 405
95 575 369
95 331 337
95 370 364
95 346 412
95 225 229
95 356 435
95 153 323
95 241 285
95 291 316
95 338 347
95 360 352
95 430 382
95 436 345
95 479 358
95 482 391
95 572 368
95 605 357
96 97 362
96 333 295
96 100 417
96 589 336
96 147 406
96 130 374
96 135 306
96 572 363
97 168 181
97 414 217
97 99 373
97 364 265
97 101 431
97 102 367
97 104 341
97 105 201
97 106 369
97 108 280
97 107 431
97 109 390
97 110 431
97 111 360
97 113 391
97 114 281
97 115 265
97 116 398
97 117 348
97 118 340
97 119 181
97 120 317
97 121 431
97 122 348
97 123 295
97 124 431
97 125 334
97 126 265
97 127 376
97 129 283
97 130 374
97 131 382
97 132 385
97 133 329
97 134 259
97 138 302
97 139 289
97 140 311
97 141 431
97 142 351
97 143 363
97 144 265
97 145 341
97 146 360
97 147 406
97 148 331
97 149 431
97 152 365
97 153 319
97 154 289
97 524 431
97 155 338
97 157 320
97 160 431
97 161 401
97 162 254
97 164 293
97 166 431
97 167 341
97 306 316
97 170 352
97 172 306
97 174 405
97 175 348
97 176 345
97 177 275
97 178 431
97 179 360
97 182 340
97 183 201
97 184 376
97 185 431
97 186 231
97 187 244
97 188 356
97 189 265
97 190 431
97 193 283
97 195 418
97 197 431
97 198 289
97 380 348
97 203 244
97 202 335
97 201 331
97 205 235
97 206 306
97 207 293
97 209 353
97 210 334
97 211 386
97 212 369
97 213 231
97 214 320
97 215 237
97 216 181
97 217 369
97 218 265
97 219 403
97 221 343
97 222 320
97 223 388
97 224 404
97 225 225
97 226 348
97 227 339
97 228 431
97 229 431
97 230 265
97 231 357
97 234 306
97 233 265
97 235 398
97 236 181
97 237 355
97 238 314
97 239 347
97 240 363
97 241 281
97 242 281
97 243 276
97 244 377
97 246 373
97 247 336
97 248 431
97 249 431
97 251 390
97 253 356
97 254 384
97 256 306
97 257 393
97 258 431
97 259 383
97 260 360
97 261 431
97 262 253
97 263 265
97 264 312
97 265 265
97 267 331
97 268 275
97 269 310
97 270 228
97 272 350
97 273 280
97 274 181
97 275 320
97 276 381
97 277 431
97 278 181
97 279 394
97 280 348
97 281 369
97 282 325
97 283 358
97 284 231
97 285 431
97 287 316
97 288 376
97 289 329
97 291 312
97 292 431
97 294 406
97 295 306
97 296 359
97 297 289
97 298 431
97 299 348
97 301 348
97 303 365
97 307 373
97 500 366
97 394 320
97 330 336
97 591 338
97 527 386
97 319 279
97 392 372
97 448 295
97 531 353
97 564 348
97 308 387
97 310 299
97 311 382
97 312 341
97 313 295
97 314 376
97 315 265
97 169 431
97 304 431
97 317 382
97 318 319
97 320 431
97 321 204
97 322 265
97 324 431
97 325 410
97 326 328
97 331 333
97 332 351
97 333 295
97 335 357
97 334 271
97 336 431
97 337 431
97 338 343
97 340 406
97 341 320
97 342 255
97 343 339
97 344 431
97 345 398
97 348 316
97 349 305
97 351 391
97 352 209
97 353 265
97 355 431
97 357 316
97 358 431
97 359 431
97 360 348
97 362 351
97 366 431
97 365 341
97 367 431
97 368 377
97 369 378
97 371 366
97 373 181
97 372 231
97 374 203
97 375 331
97 376 353
97 413 181
97 377 431
97 378 348
97 381 365
97 382 331
97 383 393
97 384 380
97 385 386
97 386 325
97 387 355
97 388 320
97 389 244
97 393 332
97 397 265
97 399 360
97 400 360
97 401 399
97 402 296
97 403 217
97 404 325
97 406 278
97 407 360
97 408 331
97 410 306
97 412 431
97 200 390
97 415 209
97 416 330
97 418 431
97 419 376
97 420 298
97 421 363
97 422 324
97 423 295
97 424 279
97 425 405
97 426 365
97 427 265
97 428 386
97 429 431
97 430 378
97 431 331
97 433 348
97 434 371
97 435 364
97 436 341
97 437 306
97 438 361
97 440 431
97 441 291
97 442 348
97 443 378
97 445 413
97 446 261
97 447 288
97 449 398
97 450 320
97 452 331
97 453 284
97 455 348
97 456 431
97 457 431
97 458 378
97 459 327
97 460 431
97 461 431
97 465 356
97 466 320
97 467 309
97 468 431
97 469 220
97 470 420
97 471 431
97 472 345
97 473 431
97 474 201
97 475 431
97 476 431
97 477 195
97 479 354
97 481 242
97 482 387
97 483 376
97 484 383
97 485 331
97 487 431
97 488 431
97 489 342
97 490 394
97 491 431
97 493 250
97 494 240
97 379 369
97 495 349
97 497 431
97 498 431
97 499 306
97 501 331
97 502 431
97 503 431
97 505 265
97 506 360
97 507 372
97 508 301
97 509 325
97 510 341
97 511 376
97 512 320
97 513 416
97 514 431
97 517 386
97 518 431
97 520 204
97 521 431
97 522 231
97 523 431
97 525 369
97 526 369
97 528 431
97 529 253
97 532 369
97 533 301
97 534 358
97 535 281
97 537 360
97 538 320
97 539 369
97 540 265
97 541 231
97 542 394
97 543 217
97 545 206
97 546 394
97 547 369
97 548 314
97 549 431
97 552 231
97 550 431
97 551 348
97 555 275
97 553 431
97 554 431
97 556 312
97 559 265
97 560 380
97 561 381
97 562 386
97 565 290
97 566 431
97 567 320
97 568 431
97 569 295
97 570 365
97 571 366
97 572 364
97 573 347
97 574 181
97 575 365
97 576 217
97 577 359
97 578 319
97 579 324
97 580 331
97 583 431
97 584 299
97 585 431
97 586 404
97 587 349
97 588 431
97 589 337
97 592 248
97 593 231
97 594 265
97 595 409
97 597 373
97 598 223
97 596 431
97 599 431
97 601 226
97 603 394
97 604 324
97 605 353
97 606 265
97 607 360
97 608 368
97 610 371
97 611 357
97 612 231
97 613 341
97 614 431
97 616 341
97 617 386
97 618 346
98 370 429
99 500 376
99 333 305
99 303 375
99 538 330
99 317 392
99 508 311
99 348 326
99 126 275
99 575 375
99 225 235
99 253 366
99 589 347
99 430 388
99 351 401
99 376 363
99 392 382
99 447 298
99 560 390
99 370 370
99 368 387
99 109 400
99 211 396
99 479 364
99 527 396
99 443 388
99 243 286
99 605 362
99 283 368
99 161 411
99 330 346
99 608 378
99 423 305
99 506 370
99 331 343
99 130 384
99 566 441
99 467 319
99 435 374
99 246 383
99 346 418
99 394 330
99 193 293
99 371 376
99 446 271
99 531 363
99 264 322
99 296 369
99 409 341
99 188 366
99 164 303
99 138 312
99 307 383
99 343 349
99 356 441
99 462 431
99 153 329
99 132 395
99 281 379
99 249 441
99 514 441
99 403 227
99 276 391
99 170 362
99 289 339
99 308 397
99 215 247
99 386 335
99 617 396
99 158 258
99 227 349
99 425 415
99 448 305
99 100 427
99 585 441
99 272 360
99 542 404
99 133 339
99 118 350
99 176 355
99 239 357
99 311 392
99 338 353
99 360 358
99 449 408
99 474 211
99 578 329
100 330 390
100 118 394
100 120 371
100 140 366
100 173 395
100 180 486
100 182 394
100 193 337
100 219 457
100 246 427
100 253 410
100 264 366
100 272 404
100 287 370
100 293 319
100 317 436
100 360 403
100 362 405
100 378 402
100 386 379
100 387 409
100 404 380
100 416 384
100 431 386
100 434 425
100 438 415
100 445 467
100 450 374
100 459 382
100 467 363
100 479 408
100 379 424
100 495 403
100 531 408
100 537 414
100 569 349
100 572 418
100 575 419
100 577 414
100 587 404
100 589 391
100 591 392
100 601 280
100 611 411
100 612 286
100 618 400
101 374 271
101 249 500
101 343 407
101 562 455
101 605 421
102 330 340
102 237 359
102 283 362
102 479 358
102 575 369
102 531 357
102 336 435
102 352 213
102 560 384
102 371 370
102 348 320
102 249 435
102 356 435
102 170 356
102 174 409
102 515 221
102 542 398
102 264 316
102 386 329
102 569 299
103 492 300
103 544 250
103 582 300
104 249 409
104 564 326
104 131 360
104 370 338
104 153 296
104 135 284
105 289 167
105 333 133
105 393 170
105 307 210
105 330 174
105 296 197
105 575 202
105 479 192
105 109 228
105 428 224
105 538 157
105 133 166
105 130 212
105 589 174
105 120 155
105 155 175
105 318 157
105 353 103
105 436 179
105 441 129
105 447 126
105 477 32
105 578 157
106 135 312
106 479 360
106 161 407
106 249 438
106 538 326
106 158 254
106 118 346
106 306 322
106 311 388
106 348 322
106 387 361
106 438 367
106 572 370
106 578 325
107 575 433
107 514 500
107 333 364
107 386 394
107 289 398
107 118 409
107 378 417
107 578 388
107 618 414
108 394 238
108 415 127
108 392 289
108 527 303
108 244 294
108 319 197
108 531 271
108 346 325
108 249 349
108 333 212
108 560 298
108 479 272
108 600 303
108 348 233
108 219 320
108 174 323
108 370 277
108 515 135
108 545 124
108 330 254
108 246 290
108 264 230
108 393 250
108 431 249
108 559 182
109 326 355
109 394 347
109 560 407
109 131 409
109 143 390
109 182 367
109 283 385
109 303 392
109 333 322
109 572 391
109 575 391
109 589 363
110 394 389
110 249 500
110 330 405
110 182 409
110 388 388
110 446 329
110 531 422
110 572 432
110 573 416
111 225 222
111 330 333
111 333 292
111 341 317
111 153 316
111 379 367
111 538 317
112 618 214
113 346 436
113 443 406
113 249 460
113 351 419
113 409 360
113 138 331
113 140 340
113 306 344
113 208 293
113 288 404
113 289 357
113 338 371
113 353 293
113 360 376
113 438 389
113 456 460
113 466 349
113 482 415
113 540 293
113 559 293
113 572 392
113 573 375
113 575 393
113 578 348
113 605 381
113 607 388
114 374 121
114 249 350
114 348 234
114 157 239
114 283 276
114 423 214
114 608 286
115 575 266
115 370 262
115 614 333
115 423 197
115 234 208
116 330 371
116 249 467
117 164 278
117 467 294
117 348 301
117 575 350
117 133 314
117 552 217
117 542 380
117 330 321
117 249 417
117 303 350
117 356 417
117 264 297
117 560 365
117 479 339
117 531 338
117 538 305
117 591 323
117 474 186
117 132 370
117 508 286
117 135 292
117 118 325
118 130 351
118 330 313
118 575 342
118 333 272
118 508 278
118 415 186
118 489 319
118 296 336
118 351 368
118 143 340
118 424 256
118 538 297
118 611 334
118 126 242
118 545 184
118 238 291
118 394 298
118 282 302
118 193 260
118 542 372
118 188 333
118 283 335
118 281 346
118 264 289
118 591 315
118 479 331
118 447 265
118 253 333
118 225 202
118 589 314
118 370 337
118 560 357
118 276 359
118 386 302
118 349 282
118 392 349
118 443 355
118 348 293
118 182 317
118 357 293
118 338 320
118 469 197
118 531 330
118 608 345
118 472 322
118 246 350
118 435 341
118 404 303
118 158 225
118 467 286
118 375 309
118 235 375
118 243 253
118 514 409
118 249 409
118 373 159
118 177 252
118 618 323
118 346 385
118 448 272
118 481 219
118 176 322
118 565 267
118 356 409
119 249 250
120 164 247
120 193 237
120 307 327
120 310 253
120 479 308
120 469 174
120 158 202
120 575 319
120 150 261
120 481 196
120 333 249
120 330 290
120 253 310
120 281 323
120 435 318
120 130 328
120 386 279
120 545 161
120 200 344
120 202 289
120 264 266
120 138 256
120 356 386
120 527 340
120 430 332
120 351 345
120 542 348
120 447 242
120 225 179
120 394 274
120 560 334
120 243 230
120 371 320
120 143 317
120 443 332
120 382 286
120 170 306
120 348 270
120 467 263
120 296 313
120 249 386
120 210 288
120 538 274
120 405 219
120 421 317
120 392 326
120 600 340
120 153 273
120 531 307
120 133 283
120 510 296
120 591 292
120 375 286
120 346 362
120 458 332
120 534 312
120 561 336
120 369 332
120 308 341
120 238 268
120 342 209
120 289 283
120 396 386
120 161 355
120 401 353
120 490 348
120 302 136
120 300 386
120 279 348
120 304 386
120 325 364
120 378 302
120 592 202
120 283 312
120 368 331
120 174 359
120 384 334
120 475 386
120 465 311
120 423 249
120 556 266
120 564 302
120 227 293
120 234 261
120 377 386
120 135 261
120 318 273
120 549 386
120 136 219
120 446 215
120 207 247
120 303 319
120 362 305
120 611 311
121 356 500
121 507 440
121 538 388
121 578 388
121 589 405
121 605 421
122 249 417
122 423 281
123 225 157
123 538 252
123 370 292
123 330 268
123 348 248
123 356 364
124 542 463
124 428 455
125 531 325
125 307 344
125 174 377
125 527 357
125 595 380
125 215 208
125 247 308
125 392 343
125 538 291
125 475 403
125 249 403
125 187 215
125 564 320
125 330 308
126 296 261
126 289 231
126 303 267
126 479 256
126 575 266
126 589 238
127 225 238
127 307 386
127 130 387
127 392 385
127 430 391
127 479 367
127 296 372
127 348 329
127 351 404
127 330 349
127 564 361
127 333 308
127 547 382
127 135 319
128 333 364
128 217 438
128 365 409
129 193 203
129 538 240
129 527 306
129 542 315
129 351 311
129 170 272
129 392 292
129 346 328
129 469 140
129 479 275
129 415 130
129 330 257
129 534 278
129 508 221
129 306 236
129 477 115
129 575 285
130 164 304
130 591 349
130 575 376
130 383 404
130 510 353
130 545 218
130 370 371
130 447 299
130 170 363
130 276 393
130 351 402
130 401 410
130 479 365
130 443 389
130 538 331
130 161 412
130 281 380
130 392 383
130 430 389
130 143 374
130 272 361
130 325 421
130 212 380
130 462 433
130 429 443
130 308 398
130 531 364
130 283 369
130 542 406
130 317 393
130 435 375
130 566 443
130 482 398
130 331 344
130 279 405
130 396 443
130 249 443
130 394 331
130 183 212
130 426 376
130 133 340
130 142 363
130 155 349
130 176 356
130 182 351
130 210 345
130 219 414
130 224 415
130 231 368
130 238 325
130 246 384
130 253 367
130 264 323
130 268 286
130 270 239
130 463 443
130 289 340
130 303 376
130 310 310
130 338 354
130 341 331
130 343 350
130 345 409
130 348 327
130 349 316
130 355 443
130 360 359
130 362 362
130 365 352
130 368 388
130 371 377
130 373 193
130 376 364
130 378 359
130 382 343
130 386 336
130 388 331
130 393 343
130 423 306
130 424 290
130 431 343
130 436 352
130 438 372
130 441 303
130 446 272
130 453 296
130 459 338
130 467 320
130 474 212
130 489 353
130 379 381
130 495 360
130 506 371
130 507 383
130 508 312
130 509 337
130 513 427
130 514 443
130 533 312
130 534 369
130 537 371
130 546 405
130 556 324
130 559 276
130 562 397
130 565 301
130 567 331
130 569 306
130 571 377
130 572 375
130 577 371
130 578 331
130 580 343
130 584 310
130 586 415
130 587 361
130 589 348
130 592 259
130 598 234
130 604 335
130 605 364
130 610 383
130 611 368
130 613 352
130 618 357
131 319 299
131 462 441
131 235 417
131 330 356
131 566 451
131 308 406
131 531 373
131 249 451
131 164 312
131 227 358
131 370 379
131 517 405
131 161 420
131 133 348
131 134 278
131 147 426
131 306 335
131 193 302
131 219 422
131 234 326
131 239 366
131 246 392
131 251 409
131 272 369
131 273 299
131 279 413
131 283 377
131 288 395
131 291 331
131 318 338
131 338 362
131 348 335
131 360 368
131 368 396
131 387 374
131 388 339
131 393 352
131 401 419
131 438 380
131 458 398
131 482 406
131 489 361
131 490 414
131 542 414
131 572 383
131 575 384
131 587 369
131 589 356
131 591 357
131 600 405
132 143 385
132 430 400
132 330 358
132 479 376
132 392 394
132 215 259
132 575 387
132 566 453
132 443 400
132 249 453
132 307 395
132 140 333
132 202 357
132 206 328
132 218 287
132 294 428
132 303 387
132 317 404
132 349 327
132 360 370
132 362 373
132 389 266
132 426 387
132 472 367
132 490 416
132 505 287
132 589 359
133 370 326
133 575 330
133 333 261
133 538 285
133 146 326
133 508 267
133 202 300
133 352 175
133 296 325
133 479 320
133 514 397
133 433 314
133 459 293
133 506 326
133 330 302
133 249 397
133 170 318
133 591 304
133 490 360
133 368 343
133 305 254
133 283 323
133 193 249
133 567 286
133 318 284
133 426 330
133 589 302
133 564 314
133 303 330
133 143 329
133 214 286
133 446 226
133 225 190
133 140 277
133 156 147
133 206 272
133 213 197
133 253 322
133 282 291
133 317 347
133 322 230
133 334 237
133 349 271
133 360 314
133 384 345
133 447 254
133 379 335
133 495 314
133 565 256
133 572 329
133 605 318
133 611 323
134 538 216
134 527 282
134 479 250
134 249 328
134 369 274
134 330 232
134 393 228
135 330 280
135 146 304
135 155 281
135 159 375
135 176 288
135 182 284
135 186 175
135 205 179
135 238 258
135 239 290
135 253 300
135 269 254
135 270 172
135 289 273
135 169 375
135 344 375
135 348 259
135 368 320
135 374 146
135 382 275
135 388 263
135 418 375
135 424 222
135 430 322
135 436 285
135 438 304
135 446 204
135 472 289
135 486 375
135 505 208
135 510 285
135 534 301
135 537 304
135 546 338
135 575 308
135 589 280
135 591 282
135 604 268
135 605 296
136 333 197
136 394 222
136 296 261
137 330 405
137 333 364
137 538 388
137 572 432
138 333 235
138 307 312
138 329 238
138 281 308
138 296 299
138 247 276
138 351 330
138 283 297
138 443 318
138 243 215
138 508 241
138 318 258
138 386 265
138 531 293
138 394 260
138 560 320
138 527 326
138 238 254
138 368 316
138 591 278
138 253 296
138 305 228
138 549 371
138 310 238
138 153 258
138 176 284
138 193 223
138 202 274
138 207 232
138 210 273
138 213 171
138 231 297
138 233 204
138 264 252
138 268 215
138 270 168
138 288 315
138 289 269
138 303 304
138 317 321
138 322 204
138 335 297
138 348 255
138 360 288
138 375 271
138 378 288
138 381 304
138 449 338
138 477 134
138 479 294
138 481 181
138 489 281
138 537 300
138 543 157
138 545 146
138 555 215
138 575 304
138 578 259
138 584 238
138 610 311
139 392 298
139 164 218
139 150 232
139 306 242
139 246 299
139 283 283
139 289 255
139 349 231
139 401 325
139 482 312
139 531 279
139 575 290
139 589 262
140 341 269
140 264 261
140 346 356
140 404 274
140 479 303
140 210 282
140 146 309
140 447 237
140 575 313
140 330 285
140 531 302
140 296 308
140 164 241
140 382 280
140 249 380
140 542 343
140 538 268
140 338 292
140 508 250
140 276 330
140 230 213
140 430 327
141 479 423
141 198 357
141 575 433
142 394 309
142 253 345
142 589 325
142 392 361
142 330 325
142 333 284
142 479 343
142 296 348
142 560 369
142 230 253
142 202 323
142 289 318
142 303 353
142 436 330
142 478 253
143 164 293
143 392 372
143 333 295
143 415 210
143 386 326
143 249 432
143 527 386
143 153 319
143 227 339
143 234 307
143 239 347
143 240 364
143 272 350
143 279 394
143 282 325
143 283 358
143 289 329
143 292 432
143 318 319
143 319 280
143 332 351
143 338 343
143 371 367
143 378 348
143 387 355
143 393 333
143 400 360
143 423 296
143 430 378
143 438 361
143 447 289
143 458 379
143 479 355
143 489 342
143 379 370
143 509 326
143 531 354
143 535 282
143 546 395
143 572 364
143 573 347
143 575 365
143 578 320
143 591 338
143 603 395
144 330 238
144 538 221
144 249 333
144 333 197
144 575 266
144 474 103
144 572 266
145 421 341
145 170 330
145 247 314
145 264 290
145 378 326
145 546 372
146 527 383
146 351 388
146 281 366
146 394 317
146 289 326
146 330 333
146 249 429
146 508 298
146 318 316
146 319 276
146 338 340
146 341 317
146 401 396
146 445 410
146 468 429
146 477 192
146 489 339
146 526 366
146 531 350
146 559 262
146 569 292
146 575 362
146 578 317
147 333 339
147 517 430
147 161 444
147 351 434
147 330 380
147 249 475
147 153 362
147 288 419
147 360 392
147 430 422
147 537 404
147 538 363
147 553 475
147 589 380
148 330 305
148 246 341
148 300 400
148 376 322
148 575 333
149 371 435
149 215 306
150 200 333
150 202 278
151 244 196
151 311 201
152 506 362
152 174 407
152 330 338
152 494 242
152 572 366
153 333 251
153 545 162
153 273 236
153 370 316
153 386 281
153 443 334
153 447 244
153 450 275
153 281 325
153 296 315
153 576 173
153 253 312
153 538 275
153 557 287
153 351 347
153 289 285
153 184 332
153 202 290
153 243 232
153 560 336
153 392 328
153 542 350
153 571 321
153 348 272
153 326 284
153 330 292
153 307 328
153 267 287
153 479 310
153 193 239
153 515 173
153 225 180
153 188 312
153 282 281
153 283 313
153 303 321
153 310 254
153 317 338
153 318 275
153 360 304
153 368 333
153 374 158
153 430 334
153 436 297
153 438 316
153 470 376
153 505 221
153 533 257
153 573 303
153 575 320
153 578 275
153 610 327
153 618 302
155 289 304
155 575 339
155 264 287
155 276 356
155 447 263
155 538 294
155 363 240
155 509 300
155 479 329
155 469 195
155 330 311
155 307 347
155 348 291
155 394 295
155 333 270
155 531 328
155 382 306
155 462 396
155 514 406
155 542 369
155 304 406
155 508 276
155 370 335
155 591 313
155 356 406
155 225 199
155 433 323
155 360 323
155 388 294
156 227 157
156 451 250
156 288 194
157 333 253
157 249 389
157 225 182
158 370 245
158 348 201
158 415 94
158 318 204
158 330 221
158 479 239
158 243 161
158 538 205
158 591 223
158 508 186
158 246 258
158 193 168
158 284 117
158 288 261
158 303 250
158 329 183
158 349 190
158 362 236
158 365 226
158 368 262
158 376 239
158 378 233
158 381 250
158 384 265
158 436 226
158 441 177
158 450 205
158 474 86
158 489 227
158 570 250
158 575 250
158 578 205
158 580 217
158 605 238
158 618 231
160 249 500
160 234 375
161 333 333
161 325 447
161 279 432
161 392 410
161 531 391
161 462 459
161 235 436
161 249 469
161 227 376
161 331 371
161 308 424
161 401 437
161 517 424
161 306 354
161 176 383
161 182 378
161 183 238
161 223 426
161 230 302
161 234 344
161 239 384
161 240 401
161 246 410
161 255 392
161 264 350
161 272 387
161 281 407
161 283 395
161 288 414
161 303 402
161 310 336
161 312 378
161 304 469
161 317 419
161 326 366
161 338 381
161 340 444
161 341 358
161 343 376
161 345 436
161 357 354
161 358 469
161 360 386
161 362 388
161 365 378
161 368 415
161 374 240
161 385 424
161 387 392
161 393 370
161 404 363
161 424 317
161 430 416
161 436 379
161 438 398
161 446 298
161 455 386
161 466 358
161 479 392
161 482 424
161 489 380
161 490 432
161 379 407
161 496 469
161 534 396
161 537 398
161 538 357
161 546 432
161 561 419
161 565 328
161 572 401
161 573 385
161 575 402
161 584 336
161 587 387
161 589 374
161 591 376
161 605 390
162 283 249
162 249 323
162 246 264
162 542 286
163 404 227
163 333 197
163 299 250
163 538 221
164 527 316
164 249 361
164 306 246
164 170 282
164 182 270
164 188 286
164 193 213
164 202 264
164 227 269
164 233 194
164 246 303
164 264 242
164 272 279
164 276 311
164 282 255
164 283 287
164 303 294
164 307 302
164 308 316
164 315 194
164 317 311
164 318 248
164 319 209
164 328 361
164 332 280
164 338 273
164 342 185
164 348 245
164 351 320
164 360 278
164 362 280
164 368 307
164 374 132
164 383 323
164 385 316
164 386 255
164 387 284
164 388 249
164 363 194
164 392 302
164 416 260
164 430 308
164 435 294
164 438 290
164 441 221
164 443 308
164 447 218
164 468 361
164 479 284
164 489 272
164 490 324
164 495 278
164 505 194
164 520 134
164 531 283
164 532 299
164 538 249
164 546 324
164 547 299
164 559 194
164 561 311
164 573 277
164 575 294
164 577 289
164 578 249
164 584 228
164 589 266
164 591 268
164 608 297
164 618 275
165 426 378
165 176 358
165 296 372
165 479 367
165 243 289
165 378 361
165 446 274
165 264 325
165 289 342
165 349 318
165 362 363
165 538 333
166 370 429
166 238 383
166 510 410
167 447 266
167 170 330
168 330 155
168 538 138
170 591 327
170 527 375
170 392 361
170 447 277
170 394 310
170 249 421
170 475 421
170 330 325
170 176 334
170 182 329
170 188 345
170 202 324
170 210 323
170 231 347
170 239 336
170 253 345
170 264 301
170 272 339
170 276 371
170 277 421
170 282 314
170 283 347
170 289 318
170 291 301
170 303 354
170 310 288
170 318 308
170 338 332
170 349 294
170 351 380
170 360 337
170 362 340
170 368 366
170 386 314
170 388 309
170 393 321
170 422 313
170 423 284
170 426 354
170 430 367
170 436 330
170 438 350
170 458 367
170 459 316
170 465 346
170 479 343
170 482 376
170 489 331
170 508 290
170 534 347
170 538 309
170 546 383
170 569 284
170 571 355
170 575 354
170 578 309
170 584 288
170 587 339
170 589 326
170 610 361
171 560 449
171 508 370
171 308 455
172 215 181
172 330 280
173 549 409
173 333 273
173 430 356
173 330 314
173 531 331
173 249 409
173 370 338
174 215 279
174 447 330
174 225 267
174 239 389
174 242 324
174 246 415
174 252 331
174 264 354
174 272 392
174 275 363
174 276 424
174 282 367
174 301 390
174 311 425
174 338 385
174 344 474
174 360 390
174 365 383
174 384 422
174 386 367
174 387 397
174 389 286
174 363 307
174 392 414
174 393 374
174 406 320
174 428 428
174 434 413
174 438 403
174 455 390
174 459 370
174 481 284
174 484 425
174 511 418
174 531 396
174 532 411
174 534 400
174 537 402
174 561 424
174 569 337
174 571 408
174 572 406
174 573 389
174 575 407
174 578 362
174 589 379
174 591 380
174 608 410
175 306 301
175 330 321
176 333 277
176 538 302
176 575 347
176 348 298
176 349 287
176 351 373
176 479 336
176 430 360
176 423 277
176 276 363
176 382 313
176 589 319
176 296 341
176 303 347
176 330 318
176 308 369
176 515 199
176 447 270
176 514 413
176 356 413
176 446 243
176 566 413
176 561 363
176 253 338
176 370 342
176 202 317
176 240 345
176 289 311
176 311 364
176 419 358
176 495 331
176 527 368
176 578 301
176 605 335
177 415 122
177 330 249
177 333 207
177 346 320
177 479 267
177 316 288
177 545 119
177 356 344
177 225 137
177 451 344
177 182 252
177 338 255
177 379 282
177 575 277
178 249 500
178 289 398
178 482 455
178 575 433
179 238 311
181 330 405
181 572 432
182 306 293
182 617 363
182 333 272
182 542 372
182 560 357
182 514 409
182 346 385
182 447 265
182 319 256
182 394 297
182 392 349
182 527 363
182 215 214
182 283 335
182 457 409
182 237 332
182 479 331
182 219 380
182 330 313
182 296 336
182 423 272
182 246 350
182 515 194
182 348 293
182 382 309
182 445 390
182 356 409
182 249 409
182 310 276
182 396 409
182 370 337
182 368 354
182 386 302
182 510 319
182 600 363
182 377 409
182 451 409
182 266 159
182 193 260
182 531 330
182 538 297
182 545 184
182 225 202
182 318 296
182 360 325
182 575 342
182 578 297
183 239 184
183 279 232
183 308 224
183 338 181
183 362 188
183 392 210
183 396 269
183 401 237
183 430 216
183 438 198
183 517 224
183 575 202
183 591 176
184 394 333
184 542 407
184 283 371
184 249 444
184 289 342
184 333 308
184 357 329
184 360 361
184 531 366
184 538 333
184 572 377
185 392 441
185 531 422
185 249 500
187 330 217
187 249 312
187 227 220
187 349 186
187 392 253
187 572 245
188 500 359
188 415 202
188 575 358
188 307 366
188 348 309
188 538 313
188 253 349
188 608 361
188 225 218
188 351 384
188 430 371
188 479 347
188 560 373
188 264 305
188 510 335
188 589 330
188 338 336
188 333 288
188 472 338
188 425 398
188 542 387
188 303 358
188 317 375
188 388 313
188 438 354
189 348 218
191 479 223
191 575 233
192 508 370
192 300 500
192 311 451
192 362 419
192 379 438
192 560 449
192 578 388
193 531 273
193 443 298
193 352 129
193 281 289
193 333 215
193 450 240
193 394 240
193 370 280
193 264 232
193 542 315
193 479 274
193 447 208
193 296 279
193 225 145
193 215 157
193 331 253
193 246 293
193 253 276
193 538 240
193 527 306
193 210 254
193 565 210
193 392 292
193 386 245
193 330 256
193 530 102
193 560 300
193 243 196
193 508 221
193 555 195
193 202 255
193 267 252
193 371 286
193 378 268
193 368 297
193 351 311
193 465 277
193 356 352
193 451 352
193 239 267
193 268 195
193 273 200
193 303 285
193 310 219
193 342 175
193 343 259
193 349 225
193 353 185
193 360 268
193 362 271
193 375 252
193 436 261
193 441 212
193 489 262
193 534 278
193 569 215
193 575 285
193 605 273
193 618 266
194 575 266
194 330 238
195 330 391
195 249 486
195 253 411
195 307 428
195 225 280
195 283 413
196 330 405
197 249 500
199 249 500
200 240 390
200 268 302
200 273 307
200 291 339
200 318 346
200 348 343
200 360 375
200 371 393
200 247 363
200 572 391
200 578 346
201 572 332
201 575 333
202 575 336
202 415 181
202 370 332
202 447 260
202 281 341
202 346 379
202 296 331
202 479 326
202 538 291
202 253 328
202 319 251
202 351 362
202 392 344
202 458 350
202 283 329
202 443 350
202 542 366
202 264 284
202 330 308
202 430 350
202 531 325
202 318 290
202 243 247
202 241 253
202 348 287
202 249 403
202 210 305
202 333 267
202 329 270
202 475 403
202 466 292
202 227 310
202 446 232
202 356 403
202 451 403
202 268 247
202 310 270
202 326 300
202 353 236
202 360 320
202 424 251
202 431 303
202 436 313
202 441 263
202 578 291
203 307 254
203 253 237
203 272 231
203 362 232
204 527 455
205 538 192
205 447 160
205 348 188
205 458 250
205 307 245
205 217 241
205 289 201
205 394 192
205 565 162
205 280 220
205 206 179
206 451 375
206 239 290
206 335 301
207 430 308
207 608 297
207 330 266
207 296 289
207 591 268
207 388 249
207 575 294
208 348 218
208 483 278
209 249 421
209 301 338
209 338 333
209 341 310
209 378 338
209 436 331
209 546 384
209 611 347
210 249 402
210 330 307
210 415 180
210 394 291
210 538 290
210 253 327
210 282 296
210 351 361
210 575 335
210 296 330
210 589 307
210 289 300
210 281 340
210 447 259
210 283 328
210 542 365
210 531 324
210 479 325
210 318 290
210 435 335
210 243 246
210 333 266
210 370 331
210 591 309
210 268 246
210 360 319
210 393 303
210 578 290
210 587 320
210 611 328
211 370 383
211 443 401
211 575 388
211 249 455
211 333 318
211 264 335
211 303 388
211 360 371
211 378 371
211 430 401
211 589 360
212 356 438
212 591 344
212 246 379
212 325 416
212 338 349
212 360 354
212 368 383
212 436 347
212 479 360
212 482 393
212 575 371
213 545 75
213 538 188
213 575 233
213 281 238
213 351 259
214 394 278
214 307 330
214 243 233
214 330 294
214 360 306
215 276 256
215 249 306
215 225 99
215 238 188
215 269 184
215 275 194
215 303 239
215 317 256
215 341 194
215 349 179
215 360 222
215 374 77
215 438 235
215 445 287
215 515 91
215 569 169
215 575 239
215 577 234
217 346 414
217 538 326
217 333 301
217 219 409
217 241 288
217 243 282
217 338 349
217 343 345
217 348 322
217 496 438
217 507 378
217 537 366
217 559 271
217 569 301
217 576 223
217 578 325
217 586 410
217 589 343
217 605 359
218 370 262
218 538 221
218 372 133
219 330 376
219 608 408
219 458 418
219 479 394
219 428 426
219 348 356
219 333 335
219 430 418
219 243 316
219 443 418
219 249 471
219 514 471
219 591 378
219 271 371
219 527 426
219 351 431
219 469 260
219 310 339
219 438 401
219 584 339
219 589 377
219 618 386
220 370 429
220 330 405
221 333 275
221 538 300
221 575 345
221 370 340
221 610 352
221 249 412
221 430 358
221 561 362
221 589 317
221 311 363
222 538 277
222 531 311
223 249 457
223 462 447
223 227 364
223 279 419
223 370 385
223 338 368
223 347 242
223 355 457
223 360 373
223 371 391
223 386 350
223 401 424
223 482 412
223 561 407
223 575 390
224 247 377
224 249 472
224 351 432
224 330 377
224 479 395
224 240 404
224 438 401
224 575 405
224 591 379
225 333 157
225 378 210
225 330 198
225 542 256
225 545 68
225 307 234
225 479 216
225 243 137
225 244 239
225 253 218
225 264 174
225 268 137
225 278 43
225 282 187
225 286 106
225 289 191
225 303 226
225 312 202
225 317 243
225 329 160
225 334 133
225 336 293
225 348 177
225 353 126
225 356 293
225 358 293
225 360 210
225 368 239
225 381 226
225 384 241
225 387 216
225 388 181
225 399 222
225 404 187
225 438 222
225 441 153
225 446 122
225 447 150
225 450 181
225 469 82
225 472 207
225 488 293
225 489 204
225 494 102
225 505 126
225 519 58
225 533 163
225 537 222
225 538 181
225 541 93
225 549 293
225 575 226
225 578 181
225 584 160
225 597 234
225 598 85
225 605 214
225 613 202
225 618 207
226 249 417
226 564 333
226 479 339
227 306 292
227 235 374
227 249 407
227 392 348
227 517 362
227 308 363
227 462 397
227 370 336
227 240 339
227 340 382
227 360 324
227 362 326
227 368 353
227 387 331
227 401 375
227 446 237
227 490 370
227 379 345
227 501 307
227 531 329
227 572 340
227 575 340
227 605 328
228 443 447
230 306 218
230 346 310
230 249 333
230 377 333
230 286 146
230 348 218
230 436 243
230 533 203
231 575 359
231 538 314
231 289 324
231 479 349
231 370 354
231 386 320
231 531 348
231 296 354
231 249 426
231 430 373
231 318 313
231 379 364
232 595 311
232 249 333
232 564 250
233 330 238
233 514 333
233 238 216
233 348 218
233 296 261
234 249 375
234 307 316
234 531 297
234 527 330
234 445 356
234 271 275
234 280 292
234 398 375
234 565 234
234 614 375
234 317 325
234 564 292
234 451 375
234 410 250
234 591 282
234 377 375
234 324 375
234 497 375
234 572 307
235 462 457
235 249 467
235 272 385
235 279 429
235 308 422
235 304 467
235 319 314
235 340 442
235 348 351
235 349 340
235 362 386
235 386 360
235 392 407
235 401 435
235 479 389
235 517 421
235 531 388
235 538 355
235 575 400
235 578 355
235 586 439
235 591 373
237 330 328
237 249 423
238 510 293
238 264 264
238 394 272
238 392 323
238 346 359
238 330 288
238 348 267
238 319 231
238 249 383
238 422 276
238 253 308
238 281 320
238 386 277
238 446 212
238 447 240
238 479 306
238 482 338
238 505 216
238 537 311
238 538 271
238 546 346
238 572 315
238 575 316
238 578 271
238 605 304
239 303 349
239 538 303
239 447 272
239 307 356
239 253 340
239 371 350
239 346 391
239 281 353
239 514 415
239 430 362
239 450 303
239 243 260
239 318 303
239 479 338
239 348 300
239 396 415
239 383 377
239 462 405
239 591 322
239 370 344
239 534 342
240 531 354
240 330 337
240 443 379
240 370 360
240 575 365
240 333 295
240 289 329
240 527 386
240 249 432
240 267 332
240 392 372
240 538 320
240 394 321
240 338 343
240 428 386
240 481 242
240 349 306
240 451 432
240 614 432
240 246 373
240 506 360
240 243 276
240 589 337
240 318 319
240 438 361
240 545 207
241 589 255
241 371 285
241 560 299
241 479 273
241 356 350
242 386 244
242 401 318
242 489 261
243 310 211
243 378 261
243 330 249
243 253 269
243 283 270
243 443 291
243 289 242
243 560 293
243 281 282
243 450 232
243 338 256
243 303 278
243 249 344
243 531 266
243 479 267
243 370 273
243 446 173
243 318 232
243 538 232
243 356 344
243 262 166
243 296 272
243 312 253
243 317 295
243 326 241
243 342 168
243 348 229
243 353 178
243 358 344
243 360 261
243 362 263
243 365 253
243 371 279
243 373 94
243 376 266
243 388 232
243 393 245
243 424 192
243 436 254
243 438 273
243 458 291
243 474 113
243 481 155
243 489 255
243 379 282
243 534 271
243 537 273
243 555 188
243 570 278
243 572 277
243 573 260
243 575 277
243 578 232
243 584 211
243 592 161
243 604 237
243 611 270
243 618 259
244 306 330
244 333 309
244 370 374
244 538 334
244 508 315
244 527 400
244 589 351
244 351 405
244 458 392
244 348 330
244 560 394
244 392 386
244 316 390
244 330 350
244 479 368
244 307 387
244 446 275
244 356 446
244 514 446
244 246 387
244 268 289
244 283 372
244 315 279
244 360 362
244 404 340
244 445 427
244 483 390
244 555 289
244 575 379
245 330 280
245 249 375
246 394 330
246 415 219
246 575 374
246 351 401
246 538 330
246 479 364
246 508 311
246 370 370
246 430 388
246 319 289
246 392 382
246 330 346
246 333 305
246 443 388
246 542 404
246 272 360
246 446 271
246 304 441
246 401 409
246 462 431
246 591 348
246 549 441
246 346 418
246 369 388
246 308 397
246 448 305
246 349 315
246 289 339
246 303 375
246 360 358
246 386 335
246 393 342
246 482 397
246 489 352
246 531 363
246 572 374
246 589 346
247 394 294
247 374 176
247 338 316
247 387 328
247 420 271
247 423 269
247 538 293
247 575 338
247 581 321
248 370 429
248 479 423
248 538 388
248 474 269
249 414 286
249 524 500
249 380 417
249 309 500
249 252 357
249 253 425
249 255 423
249 256 375
249 264 381
249 267 400
249 268 344
249 269 379
249 270 297
249 272 418
249 273 348
249 275 389
249 276 450
249 277 500
249 279 462
249 280 417
249 282 393
249 283 426
249 288 444
249 290 500
249 291 380
249 293 333
249 296 428
249 297 357
249 301 417
249 303 433
249 308 455
249 310 367
249 312 409
249 314 444
249 317 450
249 318 387
249 319 348
249 320 500
249 321 273
249 326 397
249 331 402
249 338 412
249 340 475
249 341 389
249 342 324
249 343 407
249 344 500
249 345 467
249 347 286
249 348 384
249 349 374
249 351 459
249 355 500
249 357 385
249 360 417
249 366 500
249 365 409
249 368 445
249 369 446
249 371 435
249 374 271
249 375 400
249 377 500
249 378 417
249 384 448
249 386 394
249 387 423
249 388 388
249 389 312
249 363 333
249 392 441
249 393 401
249 396 500
249 399 429
249 400 429
249 401 468
249 402 365
249 406 346
249 407 429
249 412 500
249 416 398
249 417 500
249 418 500
249 420 367
249 423 364
249 424 347
249 426 433
249 428 455
249 430 447
249 433 417
249 434 439
249 435 432
249 436 410
249 438 429
249 439 500
249 440 500
249 443 447
249 444 500
249 445 481
249 447 357
249 448 364
249 450 388
249 455 417
249 459 396
249 461 500
249 462 490
249 465 425
249 467 377
249 468 500
249 471 500
249 473 500
249 477 263
249 479 423
249 481 310
249 482 455
249 484 452
249 485 400
249 487 500
249 489 411
249 490 463
249 493 318
249 494 309
249 379 438
249 495 417
249 498 500
249 501 400
249 504 500
249 506 429
249 507 440
249 509 394
249 511 444
249 516 500
249 517 455
249 518 500
249 519 265
249 527 455
249 529 321
249 531 422
249 533 370
249 534 426
249 537 429
249 538 388
249 541 300
249 542 463
249 545 275
249 546 463
249 553 500
249 559 333
249 560 449
249 561 450
249 562 455
249 563 250
249 564 417
249 566 500
249 567 389
249 568 500
249 569 363
249 570 433
249 572 432
249 573 416
249 574 250
249 575 433
249 577 428
249 579 393
249 580 400
249 587 418
249 589 405
249 591 407
249 592 317
249 593 300
249 594 333
249 598 292
249 602 318
249 603 463
249 605 421
249 608 436
249 609 250
249 610 440
249 611 426
249 613 409
249 616 409
249 617 455
249 618 414
250 370 429
251 371 393
251 531 380
251 448 322
252 371 292
253 575 358
253 531 347
253 443 372
253 469 213
253 333 288
253 527 379
253 282 318
253 276 375
253 307 366
253 589 330
253 447 281
253 547 362
253 272 343
253 348 309
253 479 347
253 371 359
253 296 352
253 571 359
253 351 384
253 435 357
253 591 331
253 542 388
253 446 254
253 264 305
253 281 362
253 283 351
253 291 305
253 303 358
253 310 292
253 318 312
253 349 298
253 360 342
253 362 344
253 368 370
253 386 318
253 404 319
253 424 272
253 436 334
253 438 354
253 450 313
253 464 258
253 481 235
253 489 335
253 379 363
253 538 313
253 578 313
253 608 361
253 610 365
254 308 408
254 462 442
254 304 452
254 392 393
254 330 357
254 482 408
255 308 378
255 462 413
255 360 340
255 362 342
255 396 423
255 430 370
255 436 333
255 479 346
255 533 293
255 612 223
256 560 324
257 351 421
257 527 416
257 479 384
257 575 395
258 370 429
258 330 405
259 264 332
259 595 429
259 330 356
259 591 358
259 538 340
260 330 333
260 458 375
260 525 366
261 538 388
261 589 405
261 564 417
261 591 407
262 531 243
262 346 298
264 307 322
264 333 244
264 538 269
264 371 315
264 575 314
264 348 265
264 542 344
264 378 297
264 527 335
264 281 318
264 508 250
264 469 169
264 370 309
264 510 291
264 467 258
264 289 278
264 547 318
264 357 265
264 392 321
264 401 349
264 475 381
264 393 281
264 608 317
264 382 281
264 419 325
264 479 303
264 430 327
264 560 329
264 330 285
264 296 308
264 446 210
264 396 381
264 514 381
264 356 381
264 404 275
264 589 286
264 465 306
264 591 287
264 346 357
264 536 381
264 283 307
264 303 314
264 310 248
264 311 332
264 317 331
264 360 297
264 386 274
264 416 279
264 423 245
264 436 290
264 447 237
264 481 191
264 379 319
264 495 298
264 578 269
264 612 181
264 618 295
265 560 282
265 472 247
265 446 162
265 591 240
267 461 400
267 484 352
267 531 322
267 569 263
267 572 332
267 575 333
268 307 285
268 310 211
268 330 249
268 608 280
268 394 233
268 598 135
268 392 284
268 560 292
268 479 267
268 510 254
268 348 228
268 351 303
268 542 307
268 474 113
269 276 329
269 430 325
269 307 320
269 330 284
269 564 295
270 575 230
270 479 220
270 589 202
270 330 202
270 595 274
270 618 211
270 443 244
271 489 311
272 575 351
272 333 282
272 443 365
272 500 353
272 307 359
272 564 335
272 276 368
272 542 381
272 283 345
272 538 306
272 351 378
272 281 356
272 330 323
272 346 395
272 479 341
272 462 408
272 325 397
272 430 365
272 531 340
272 467 296
272 435 351
272 447 275
272 527 373
272 589 323
272 296 346
272 297 275
272 338 330
272 343 326
272 349 292
272 360 335
272 438 348
272 482 373
272 537 347
272 559 252
272 561 368
272 572 351
272 587 336
272 605 339
273 338 260
273 538 237
273 370 277
273 348 233
273 330 253
273 589 254
273 415 126
273 479 271
273 531 270
273 575 282
273 404 242
273 508 218
273 333 212
273 436 258
275 436 299
276 306 335
276 386 344
276 527 405
276 575 383
276 443 397
276 307 391
276 510 360
276 392 391
276 319 298
276 531 372
276 479 373
276 330 355
276 394 339
276 363 283
276 447 307
276 303 383
276 317 400
276 338 362
276 348 334
276 362 369
276 368 395
276 378 367
276 387 373
276 424 297
276 430 397
276 435 382
276 482 405
276 489 361
276 495 367
276 538 338
276 546 413
276 570 383
276 571 384
276 578 338
276 589 355
276 591 357
276 603 413
276 610 390
276 611 376
276 618 364
278 333 114
279 462 452
279 351 422
279 330 367
279 308 418
279 392 403
279 531 384
279 288 407
279 318 350
279 332 382
279 334 302
279 338 374
279 430 409
279 447 319
279 479 385
279 482 418
279 490 425
279 517 417
279 538 351
279 546 425
279 572 395
279 575 396
279 589 368
279 605 384
280 393 317
280 381 350
281 283 364
281 296 365
281 330 342
281 370 366
281 508 307
281 479 360
281 481 248
281 282 331
281 288 382
281 289 335
281 291 318
281 303 371
281 310 305
281 317 388
281 318 325
281 322 271
281 334 277
281 338 349
281 343 345
281 348 322
281 360 354
281 362 357
281 384 386
281 386 331
281 389 250
281 423 301
281 429 438
281 434 377
281 446 267
281 482 393
281 379 376
281 537 366
281 538 326
281 554 438
281 575 371
281 578 325
281 584 305
281 589 343
281 592 254
281 612 238
281 618 352
282 330 298
282 333 257
282 415 171
282 545 168
282 283 320
282 307 335
282 589 299
282 351 353
282 443 340
282 542 356
282 531 315
282 371 328
282 479 316
282 575 327
282 343 301
282 296 321
282 348 278
282 527 348
282 346 370
282 493 212
282 426 327
282 481 204
282 446 223
282 310 261
282 318 281
282 388 282
282 430 340
283 305 283
283 508 296
283 310 293
283 370 355
283 575 359
283 415 204
283 330 331
283 296 354
283 542 389
283 479 349
283 447 283
283 351 386
283 392 367
283 386 320
283 430 373
283 538 314
283 531 348
283 289 324
283 560 375
283 307 367
283 443 373
283 545 201
283 357 311
283 318 314
283 331 328
283 506 355
283 325 404
283 394 315
283 435 359
283 348 311
283 401 394
283 527 381
283 356 426
283 368 372
283 462 416
283 591 333
283 481 237
283 446 255
283 458 373
283 614 426
283 346 402
283 564 343
283 303 360
283 315 260
283 349 300
283 362 345
283 365 335
283 371 361
283 376 348
283 378 343
283 399 355
283 402 291
283 423 290
283 436 336
283 441 286
283 474 195
283 482 381
283 489 337
283 565 285
283 578 314
283 587 344
283 612 226
286 538 201
286 472 226
286 370 241
286 348 197
286 404 206
286 578 200
287 479 307
287 571 319
287 538 273
287 575 318
288 514 444
288 330 349
288 561 394
288 589 350
288 607 373
288 531 366
288 538 333
288 343 352
288 356 444
288 472 358
288 479 367
288 542 407
288 462 434
288 370 373
288 368 390
288 515 230
288 571 379
288 458 391
288 591 351
288 324 444
288 404 338
288 346 421
289 479 320
289 330 302
289 378 314
289 538 286
289 570 331
289 575 331
289 319 245
289 370 326
289 326 294
289 392 338
289 382 298
289 333 261
289 423 261
289 348 282
289 472 311
289 371 332
289 560 346
289 318 285
289 430 344
289 450 286
289 394 287
289 403 183
289 331 299
289 352 175
289 531 319
289 451 398
289 421 329
289 356 398
289 508 267
289 301 314
289 303 331
289 310 265
289 317 348
289 362 317
289 386 291
289 424 245
289 436 307
289 379 336
289 559 231
289 578 286
289 584 265
289 618 312
291 469 169
291 575 314
291 312 290
291 438 310
291 370 309
291 508 250
291 538 269
291 368 326
291 333 244
291 560 329
291 479 303
291 330 285
291 392 321
291 348 265
291 307 322
292 591 407
292 401 468
292 370 429
292 538 388
293 564 250
294 600 430
294 542 438
294 376 397
294 430 422
294 527 430
294 351 434
294 560 424
294 370 404
294 589 380
294 330 380
294 479 398
294 447 332
294 531 397
294 303 408
294 508 345
295 409 275
295 333 239
295 466 264
296 306 312
296 394 317
296 575 361
296 370 356
296 351 387
296 479 350
296 542 391
296 318 315
296 330 332
296 333 291
296 348 312
296 326 324
296 307 369
296 514 428
296 443 374
296 435 360
296 303 361
296 310 295
296 317 378
296 338 339
296 360 344
296 362 347
296 368 373
296 378 344
296 381 361
296 384 376
296 387 351
296 393 328
296 404 322
296 426 361
296 436 337
296 438 357
296 441 288
296 446 257
296 481 238
296 482 383
296 379 366
296 507 368
296 537 356
296 538 316
296 555 271
296 561 378
296 570 361
296 572 360
296 573 343
296 578 316
296 584 295
296 586 400
296 611 353
296 618 342
297 386 251
298 591 407
299 392 357
300 391 400
300 376 422
300 575 433
301 371 351
301 434 356
302 575 183
303 500 368
303 333 297
303 317 384
303 508 303
303 589 338
303 575 366
303 430 380
303 351 393
303 479 356
303 542 396
303 447 290
303 370 362
303 368 379
303 443 380
303 527 388
303 538 321
303 307 375
303 608 370
303 330 338
303 423 297
303 346 410
303 331 335
303 435 366
303 467 311
303 566 433
303 531 355
303 394 322
303 348 318
303 446 262
303 371 368
303 363 267
303 409 333
303 462 423
303 356 433
303 343 341
303 560 382
303 403 219
303 514 433
303 308 389
303 617 388
303 386 327
303 318 321
303 585 433
303 433 350
303 360 350
303 379 371
303 578 321
303 618 348
304 308 455
304 462 490
304 566 500
304 334 340
304 340 475
304 401 468
304 490 463
304 517 455
304 573 416
304 575 433
304 584 367
304 591 407
304 605 421
306 333 248
306 415 162
306 370 313
306 376 306
306 538 273
306 542 348
306 330 289
306 423 248
306 430 331
306 345 351
306 331 286
306 346 361
306 615 385
306 356 385
306 466 274
306 308 340
306 462 375
306 451 385
306 411 185
307 308 396
307 317 391
307 318 329
307 322 275
307 335 367
307 334 281
307 338 353
307 349 315
307 360 358
307 362 360
307 376 363
307 378 358
307 384 389
307 387 365
307 388 329
307 393 342
307 401 409
307 430 388
307 459 337
307 467 318
307 479 364
307 484 393
307 507 381
307 509 335
307 515 227
307 531 363
307 533 311
307 534 368
307 538 329
307 545 216
307 546 404
307 561 391
307 562 396
307 565 300
307 569 304
307 575 374
307 576 227
307 577 369
307 578 329
307 585 441
307 589 346
307 591 348
307 601 235
307 605 362
307 611 367
307 617 396
307 618 355
308 527 410
308 462 445
308 351 415
308 517 410
308 430 402
308 392 396
308 325 434
308 330 360
308 566 455
308 340 430
308 531 377
308 538 343
308 560 404
308 479 378
308 370 384
308 401 423
308 311 406
308 319 303
308 338 367
308 344 455
308 349 329
308 360 372
308 423 319
308 436 365
308 438 384
308 450 343
308 482 410
308 379 393
308 496 455
308 546 418
308 561 405
308 572 388
308 575 388
310 545 142
310 333 231
310 531 289
310 415 145
310 481 178
310 330 272
310 479 290
310 351 326
310 538 255
310 326 264
310 598 159
310 575 300
310 450 255
310 430 314
310 527 322
310 348 252
310 447 224
310 346 343
310 349 241
310 600 322
310 360 284
310 371 302
310 381 301
310 393 268
310 423 231
310 578 255
311 461 451
311 565 310
311 378 367
311 423 315
311 575 384
311 421 383
311 538 339
311 570 384
311 346 427
311 392 391
311 390 451
311 377 451
311 371 386
311 561 401
311 330 356
311 608 387
311 484 402
311 505 284
311 475 451
311 591 357
311 501 351
311 373 201
311 472 365
311 360 368
311 589 356
312 469 198
312 575 342
312 370 338
312 479 332
312 538 297
313 370 292
313 415 141
313 338 275
313 443 310
314 598 236
314 392 385
315 545 108
315 587 251
315 479 256
315 575 266
316 538 333
316 575 378
316 330 349
316 370 373
316 572 377
317 333 314
317 560 399
317 370 379
317 330 355
317 430 397
317 506 379
317 479 373
317 331 352
317 575 383
317 566 450
317 394 339
317 531 372
317 538 338
317 363 284
317 409 350
317 527 405
317 462 440
317 346 426
317 351 410
317 443 397
317 585 450
317 482 405
318 415 165
318 330 292
318 338 299
318 349 261
318 538 276
318 443 334
318 351 347
318 479 310
318 560 336
318 423 251
318 430 334
318 575 320
318 371 322
318 467 265
318 589 292
318 370 316
318 386 281
318 348 272
318 531 309
318 405 221
318 333 251
318 514 387
318 517 342
318 401 355
318 447 244
318 481 198
318 448 251
318 458 334
318 446 216
318 542 350
318 600 342
318 356 387
318 322 221
318 372 187
318 477 151
318 570 321
318 578 275
318 584 255
318 618 302
319 415 126
319 333 211
319 392 288
319 416 246
319 430 294
319 495 265
319 531 270
319 538 236
319 570 281
319 572 280
319 575 281
319 577 276
319 618 262
320 415 278
320 330 405
321 370 201
321 330 177
322 560 282
322 575 266
322 479 256
322 330 238
322 356 333
322 333 197
322 531 255
322 597 275
324 394 389
324 568 500
324 572 432
325 479 401
325 401 446
325 430 425
325 330 383
325 392 419
325 338 390
325 360 395
325 362 397
325 438 407
325 441 338
325 447 335
325 482 433
325 534 405
325 575 411
325 578 366
326 538 285
326 589 302
326 539 334
326 338 308
326 348 281
326 423 260
326 531 318
326 360 313
326 436 306
326 565 255
326 605 318
327 527 205
327 438 179
328 591 407
328 542 463
329 547 304
329 352 144
329 392 307
329 348 251
329 330 271
329 531 288
329 382 267
329 514 367
329 370 295
329 394 256
329 356 367
329 368 312
329 569 230
330 414 190
330 333 268
330 438 334
330 370 333
330 335 331
330 338 316
330 341 294
330 343 312
330 345 371
330 349 278
330 353 238
330 354 405
330 356 405
330 360 322
330 362 324
330 365 314
330 368 350
330 371 340
330 372 205
330 376 327
330 378 321
330 381 338
330 382 305
330 383 366
330 384 353
330 385 359
330 386 298
330 387 328
330 389 217
330 363 238
330 393 306
330 396 405
330 399 333
330 403 190
330 404 299
330 406 251
330 416 303
330 417 405
330 423 269
330 425 378
330 426 338
330 430 351
330 431 305
330 436 314
330 437 280
330 441 265
330 443 352
330 445 386
330 446 234
330 449 371
330 450 293
330 452 305
330 453 258
330 454 155
330 457 405
330 465 330
330 467 282
330 469 193
330 470 393
330 471 405
330 472 319
330 477 168
330 482 360
330 484 356
330 489 315
330 490 368
330 494 213
330 379 343
330 495 322
330 499 280
330 503 405
330 505 238
330 507 345
330 509 299
330 510 315
330 514 405
330 522 205
330 523 405
330 531 327
330 534 331
330 536 405
330 537 333
330 538 293
330 545 180
330 546 368
330 550 405
330 551 321
330 555 249
330 553 405
330 556 286
330 557 305
330 559 238
330 561 355
330 562 359
330 565 263
330 569 268
330 572 337
330 573 320
330 575 338
330 577 333
330 578 293
330 580 305
330 584 272
330 585 405
330 589 310
330 591 311
330 592 221
330 597 346
330 599 405
330 601 199
330 604 298
330 605 326
330 608 341
330 610 345
330 611 330
330 613 314
330 618 319
331 334 242
331 360 319
331 388 290
331 423 266
331 430 348
331 436 311
331 438 331
331 446 231
331 479 325
331 482 357
331 379 340
331 531 324
331 537 330
331 538 290
331 572 334
331 575 335
331 589 307
331 591 308
331 605 323
331 618 316
332 527 374
332 561 369
332 564 336
333 463 364
333 531 285
333 576 149
333 560 312
333 557 264
333 349 237
333 479 286
333 581 280
333 601 158
333 580 264
333 356 364
333 424 211
333 565 222
333 545 139
333 338 275
333 342 187
333 343 271
333 348 248
333 353 197
333 357 248
333 359 364
333 360 280
333 362 283
333 366 364
333 371 298
333 374 135
333 376 286
333 378 280
333 386 257
333 387 287
333 363 197
333 393 264
333 401 332
333 402 228
333 406 210
333 416 262
333 423 227
333 425 337
333 430 310
333 431 264
333 435 296
333 436 273
333 441 224
333 443 310
333 444 364
333 446 193
333 450 252
333 458 310
333 472 277
333 474 133
333 477 127
333 480 114
333 485 264
333 489 274
333 494 172
333 379 302
333 507 304
333 510 274
333 513 348
333 519 128
333 520 136
333 538 252
333 540 197
333 549 364
333 556 245
333 558 364
333 559 197
333 561 314
333 570 297
333 572 296
333 573 279
333 575 297
333 578 252
333 584 231
333 589 269
333 592 180
333 593 164
333 605 285
333 608 300
333 610 304
333 611 289
333 613 273
333 618 278
334 351 299
334 462 330
334 394 229
334 384 288
334 356 340
335 396 426
335 430 373
335 467 303
335 447 283
335 591 333
335 514 426
335 508 295
335 542 389
335 545 201
336 356 500
338 531 333
338 575 345
338 396 412
338 542 375
338 447 268
338 538 300
338 351 371
338 581 328
338 349 285
338 368 357
338 475 412
338 481 222
338 386 305
338 392 352
338 433 328
338 346 388
338 430 358
338 394 301
338 479 334
338 469 200
338 560 360
338 370 340
338 348 296
338 508 281
338 462 402
338 561 362
338 356 412
338 340 387
338 506 340
338 342 235
338 459 307
338 466 301
338 443 358
338 510 322
338 360 328
338 381 345
338 390 412
338 424 259
338 431 312
338 434 351
338 438 341
338 482 367
338 489 322
338 379 350
338 495 329
338 559 245
338 578 300
338 589 317
339 348 134
339 538 138
339 415 28
340 462 465
340 566 475
340 392 416
340 531 397
340 370 404
340 517 430
340 482 430
340 546 438
340 575 408
341 531 311
341 612 189
341 458 336
341 365 298
341 371 324
341 374 160
341 401 357
341 445 370
341 489 299
341 505 222
341 575 322
341 585 389
342 349 197
342 575 257
342 351 283
342 479 246
342 346 300
342 360 240
343 531 329
343 538 296
343 547 345
343 392 348
343 534 334
343 447 264
343 542 370
343 394 296
343 424 255
343 368 353
343 423 271
343 495 325
344 475 500
344 472 414
344 589 405
344 479 423
345 575 400
345 538 355
346 352 254
346 353 310
346 357 361
346 360 393
346 378 393
346 386 370
346 387 400
346 393 377
346 396 476
346 401 444
346 404 370
346 422 369
346 424 324
346 430 423
346 431 376
346 446 305
346 447 333
346 485 376
346 507 416
346 508 346
346 510 386
346 555 320
346 569 339
346 570 410
346 573 392
346 575 409
346 591 383
346 611 402
346 618 390
347 589 191
348 469 173
348 415 162
348 545 159
348 575 317
348 538 272
348 447 241
348 349 258
348 616 293
348 479 307
348 378 301
348 371 319
348 539 322
348 373 134
348 560 333
348 458 331
348 423 248
348 475 384
348 419 329
348 552 184
348 392 325
348 394 273
348 510 294
348 455 301
348 527 339
348 430 331
348 356 384
348 467 262
348 508 254
348 592 201
348 465 309
348 581 301
348 561 334
348 404 278
348 360 301
348 362 303
348 368 330
348 372 184
348 384 333
348 386 278
348 388 273
348 396 384
348 397 218
348 402 249
348 403 170
348 416 283
348 434 324
348 436 294
348 438 314
348 441 244
348 446 213
348 448 248
348 472 298
348 474 154
348 483 329
348 489 295
348 379 322
348 495 302
348 498 384
348 499 259
348 513 369
348 537 313
348 565 243
348 572 317
348 573 300
348 578 272
348 584 252
348 587 302
348 589 289
348 591 291
348 618 299
349 443 321
349 370 302
349 575 307
349 371 309
349 450 262
349 538 262
349 589 279
349 430 320
349 479 297
349 351 333
349 386 267
349 560 322
349 423 238
349 392 314
349 531 296
349 577 302
349 422 267
349 573 289
349 458 321
349 542 337
349 565 232
349 571 308
349 360 291
349 362 293
349 388 262
349 436 283
349 438 303
349 447 230
349 379 312
349 508 243
349 533 243
349 572 306
349 618 288
350 560 449
351 435 392
351 392 400
351 447 316
351 565 318
351 575 392
351 426 393
351 591 366
351 353 293
351 358 459
351 360 376
351 362 378
351 368 405
351 371 394
351 374 230
351 376 381
351 378 376
351 386 353
351 393 360
351 394 348
351 401 427
351 430 406
351 434 399
351 436 369
351 438 388
351 446 288
351 450 347
351 472 373
351 479 382
351 482 414
351 493 277
351 379 397
351 495 377
351 507 400
351 537 388
351 538 347
351 547 397
351 569 323
351 578 347
351 580 359
351 584 326
351 587 377
351 589 364
351 605 380
351 618 374
352 360 195
352 362 197
352 431 178
352 446 107
352 489 188
352 545 53
353 394 222
353 370 262
353 542 296
353 466 222
353 538 221
353 430 280
353 356 333
353 508 203
353 456 333
353 425 307
353 490 296
353 443 280
353 438 263
353 515 119
353 451 333
353 479 256
354 474 269
354 575 433
355 401 468
355 462 490
356 370 429
356 560 449
356 479 423
356 357 385
356 360 417
356 362 419
356 365 409
356 368 445
356 376 422
356 378 417
356 384 448
356 385 455
356 402 365
356 423 364
356 430 447
356 436 410
356 438 429
356 447 357
356 450 388
356 468 500
356 474 269
356 489 411
356 379 438
356 506 429
356 526 438
356 531 422
356 537 429
356 538 388
356 572 432
356 573 416
356 575 433
356 577 428
356 578 388
356 587 418
356 589 405
356 610 440
357 575 318
357 605 306
357 531 306
357 443 331
357 508 254
357 368 330
358 575 433
359 538 388
360 575 350
360 424 264
360 538 305
360 508 286
360 589 322
360 479 340
360 430 363
360 447 274
360 542 380
360 443 364
360 401 385
360 370 345
360 386 311
360 392 357
360 608 353
360 561 367
360 415 195
360 531 339
360 368 362
360 382 317
360 482 372
360 566 417
360 435 349
360 429 417
360 560 366
360 446 246
360 394 306
360 567 306
360 514 417
360 462 407
360 533 286
360 396 417
360 472 331
360 527 371
360 591 323
360 475 417
360 459 313
360 458 364
360 369 363
360 423 281
360 534 343
360 477 180
360 506 345
360 564 333
360 391 317
360 467 294
360 545 192
361 577 428
362 394 308
362 479 342
362 527 374
362 426 352
362 538 307
362 404 313
362 382 319
362 482 374
362 430 366
362 591 326
362 542 382
362 378 336
362 560 368
362 435 351
362 531 341
362 370 348
362 575 352
362 589 324
363 394 222
363 560 282
363 370 262
363 482 289
363 510 243
363 423 197
363 507 274
363 538 221
363 546 296
365 370 338
368 538 334
368 479 368
368 506 374
368 616 355
368 370 374
368 443 392
368 527 400
368 501 345
368 447 302
368 392 386
368 430 392
368 595 423
368 575 379
368 508 315
368 542 408
368 423 309
368 369 392
368 591 352
368 614 445
368 536 445
368 388 334
368 393 346
368 438 375
368 468 445
368 477 209
368 495 363
368 531 367
368 572 378
368 589 351
368 618 360
369 538 335
369 370 375
369 430 393
369 534 373
369 575 380
369 615 446
370 414 214
370 378 345
370 381 362
370 382 329
370 386 322
370 387 352
370 391 329
370 393 329
370 395 429
370 401 396
370 404 323
370 423 292
370 430 375
370 431 329
370 433 345
370 434 368
370 436 338
370 438 358
370 440 429
370 445 410
370 446 258
370 447 285
370 449 395
370 450 317
370 459 324
370 470 417
370 474 198
370 476 429
370 479 351
370 489 339
370 490 392
370 379 367
370 495 346
370 499 304
370 505 262
370 506 357
370 508 298
370 521 429
370 522 229
370 533 298
370 537 357
370 538 317
370 541 229
370 548 311
370 550 429
370 555 272
370 557 329
370 559 262
370 561 379
370 569 292
370 570 362
370 572 361
370 573 344
370 575 362
370 577 357
370 578 317
370 584 296
370 591 335
370 592 245
370 597 370
370 605 350
370 606 262
370 607 357
370 610 369
370 618 343
371 394 324
371 538 323
371 542 398
371 589 340
371 375 335
371 479 358
371 386 329
371 501 335
371 391 335
371 401 403
371 436 344
371 534 361
371 561 385
371 571 369
371 575 368
371 591 341
372 515 86
372 531 222
373 392 191
373 479 173
373 462 240
373 538 138
373 470 238
373 591 157
374 421 203
374 458 218
374 573 187
374 575 204
374 587 189
375 542 363
375 575 333
375 538 288
375 513 385
375 531 322
375 591 307
376 467 299
376 545 197
376 392 362
376 430 368
376 542 385
376 391 322
376 538 310
376 490 385
378 575 350
378 386 310
378 549 417
378 447 273
378 450 305
378 595 394
378 443 363
378 428 371
378 415 194
378 560 365
378 531 338
378 435 349
378 479 339
378 538 305
378 477 180
378 542 380
378 571 351
378 392 357
378 394 306
378 438 346
378 446 246
378 591 323
378 564 333
378 514 417
378 388 305
378 482 372
378 507 357
378 573 332
379 538 326
379 467 315
379 587 356
379 447 295
379 527 393
379 430 385
379 616 347
379 560 387
379 557 338
379 589 343
379 575 371
379 443 385
379 566 438
379 479 361
379 531 360
379 508 308
379 462 428
379 472 352
379 542 401
379 394 327
379 424 285
379 435 370
379 458 385
379 564 355
379 423 302
379 433 355
381 394 322
381 448 297
382 608 336
382 542 363
382 386 294
382 443 347
382 575 333
382 479 323
382 493 218
382 436 310
382 447 257
382 534 326
382 618 314
383 523 462
383 546 424
384 560 397
384 479 371
384 538 336
384 447 305
384 531 370
384 549 448
384 514 448
384 591 355
384 575 381
385 442 371
385 527 409
385 462 445
385 392 395
385 515 240
386 575 327
386 479 316
386 447 250
386 538 282
386 419 338
386 430 340
386 394 283
386 443 341
386 392 334
386 459 290
386 458 341
386 462 384
386 481 204
386 531 316
386 424 241
386 589 299
386 493 212
386 436 303
386 446 223
386 489 304
387 538 312
387 527 378
387 531 345
388 479 311
388 443 335
388 575 321
388 415 166
388 538 276
388 616 297
388 430 335
388 533 258
388 527 343
388 560 337
388 542 351
388 531 310
389 545 88
390 508 370
391 538 288
391 572 332
392 415 218
392 545 216
392 555 284
392 432 441
392 527 395
392 531 362
392 394 329
392 500 375
392 591 347
392 393 341
392 401 408
392 402 305
392 430 387
392 434 380
392 435 373
392 436 350
392 450 329
392 459 336
392 467 318
392 479 363
392 482 396
392 489 351
392 490 404
392 495 358
392 505 274
392 510 351
392 515 226
392 534 367
392 538 329
392 546 403
392 547 378
392 569 304
392 575 374
392 578 329
392 584 308
392 589 346
392 611 366
393 443 348
393 589 306
393 404 295
393 538 289
393 420 267
393 531 323
393 575 334
393 479 324
393 422 294
393 591 307
393 567 290
393 465 326
393 481 211
393 458 348
393 545 176
393 512 290
393 543 187
393 604 294
394 527 343
394 404 283
394 408 289
394 424 236
394 425 363
394 430 335
394 438 318
394 450 277
394 472 303
394 474 158
394 479 312
394 482 344
394 489 299
394 505 222
394 508 258
394 531 311
394 537 317
394 538 277
394 543 175
394 545 164
394 559 222
394 561 339
394 565 248
394 569 252
394 570 322
394 575 322
394 577 317
394 578 277
394 579 282
394 584 256
394 591 296
394 595 366
394 618 303
396 436 410
396 445 481
396 479 423
396 497 500
396 507 440
396 508 370
396 531 422
396 546 463
396 575 433
396 589 405
396 591 407
401 538 356
401 542 431
401 462 458
401 615 468
401 479 391
401 430 414
401 438 397
401 444 468
401 482 423
401 546 431
401 575 401
401 589 373
401 591 375
401 610 408
402 531 286
402 479 287
403 514 286
403 479 208
403 538 174
403 572 218
403 589 191
404 547 331
404 538 282
404 575 327
404 479 317
404 430 341
404 436 304
404 495 311
404 537 323
404 559 227
404 578 282
404 618 308
405 451 333
406 415 124
406 451 346
409 570 333
409 578 288
410 447 232
410 584 242
410 589 280
411 545 75
411 453 153
411 538 188
415 450 166
415 527 232
415 430 224
415 480 28
415 482 233
415 531 200
415 569 141
415 570 211
415 575 211
415 578 166
415 589 183
415 591 184
416 479 321
416 527 353
416 564 315
416 423 262
416 600 353
416 531 320
416 589 304
419 438 374
419 542 407
419 474 214
419 447 301
419 508 314
419 575 378
420 489 277
421 504 432
421 436 341
421 526 369
422 571 327
422 510 303
423 575 297
423 541 164
423 481 174
423 538 252
423 589 269
423 595 341
423 618 278
423 430 310
423 438 293
423 479 287
423 469 152
423 462 354
423 447 221
423 457 364
423 527 318
423 549 364
423 561 314
423 591 271
423 436 273
423 517 318
423 572 296
423 573 279
423 578 252
423 587 282
424 531 269
424 542 310
424 595 325
424 508 217
424 479 270
424 527 302
424 446 177
424 589 253
424 538 236
424 495 265
424 573 263
424 575 281
425 575 407
425 479 396
425 538 362
425 577 402
426 479 356
426 481 244
426 430 380
426 438 363
426 575 366
426 589 338
427 564 250
428 564 371
428 430 401
428 531 376
429 438 429
429 479 423
429 482 455
429 575 433
430 575 380
430 435 379
430 479 369
430 433 363
430 589 352
430 447 303
430 527 401
430 538 335
430 616 356
430 500 381
430 560 395
430 443 393
430 577 375
430 542 410
430 467 324
430 482 402
430 531 368
430 510 357
430 600 401
430 591 353
430 514 447
430 561 397
430 436 356
430 438 376
430 441 307
430 446 276
430 456 447
430 465 372
430 470 435
430 495 364
430 496 447
430 498 447
430 534 373
430 537 375
430 546 409
430 571 381
430 584 314
430 597 388
430 601 241
431 538 288
433 538 305
433 618 331
434 542 402
434 589 344
434 538 328
435 545 207
435 479 355
435 575 366
435 438 362
435 482 388
435 538 321
435 559 266
435 561 382
435 571 367
435 573 348
435 589 338
435 611 358
436 575 343
436 542 373
436 538 298
436 443 356
436 531 331
436 479 332
436 467 287
436 508 279
436 530 160
436 591 316
436 462 400
436 564 326
436 560 358
436 561 360
436 600 364
436 451 410
438 575 362
438 443 376
438 538 317
438 542 392
438 447 286
438 479 352
438 506 358
438 462 419
438 531 351
438 561 379
438 472 343
438 508 299
438 527 384
438 564 346
438 591 336
438 458 376
438 470 418
438 483 374
438 534 356
438 549 429
438 578 317
438 604 322
439 589 405
440 591 407
440 587 418
441 531 282
441 538 248
441 589 265
441 575 293
441 447 217
441 560 309
441 479 283
441 552 160
441 566 360
441 506 289
441 443 307
441 458 307
441 573 276
441 578 248
443 575 380
443 561 397
443 479 370
443 482 402
443 489 357
443 498 447
443 534 373
443 538 335
443 546 410
443 556 328
443 572 379
443 577 375
443 578 335
443 589 352
443 591 353
443 605 368
443 610 387
443 611 372
445 538 369
445 510 391
445 575 414
445 479 404
445 542 444
445 600 436
445 508 351
445 564 398
445 448 345
445 451 481
446 545 104
446 453 182
446 447 186
446 538 217
446 575 262
446 509 223
446 514 329
446 506 258
446 479 252
446 482 284
446 531 251
446 542 292
446 534 256
446 589 234
447 479 279
447 591 263
447 575 290
447 481 167
447 545 132
447 469 145
447 542 320
447 538 245
447 514 357
447 527 311
447 465 282
447 581 273
447 548 239
447 459 253
447 467 234
447 480 107
447 489 267
447 495 274
447 498 357
447 499 232
447 507 297
447 513 342
447 534 283
447 537 285
447 551 273
447 561 307
447 569 220
447 573 272
447 578 245
447 587 275
447 589 262
447 592 173
447 598 148
447 601 151
447 605 278
447 608 293
447 611 282
447 613 266
448 538 252
448 575 297
448 578 252
449 538 355
449 572 399
450 479 311
450 527 343
450 575 321
450 545 163
450 601 182
450 508 258
450 451 388
450 495 306
450 561 338
450 572 320
450 618 302
451 531 422
451 555 344
451 570 433
452 564 317
453 538 241
453 479 276
453 514 353
453 575 286
453 565 212
453 572 285
453 604 246
454 538 138
455 577 345
455 595 394
455 575 350
457 482 455
458 575 380
458 527 401
458 591 353
458 564 363
458 479 370
458 480 197
458 578 335
458 604 340
459 479 319
459 538 284
459 542 359
459 531 318
459 537 324
461 608 436
461 572 432
462 479 413
462 490 453
462 517 445
462 572 422
462 575 423
462 589 395
462 591 397
463 479 423
465 542 388
465 591 332
465 531 347
465 572 357
465 575 358
465 589 330
466 506 317
466 575 322
467 527 332
467 560 326
467 542 340
467 600 332
467 618 291
467 538 265
467 479 300
467 482 332
467 494 186
467 531 299
467 537 306
467 573 293
467 575 310
467 578 265
469 575 222
469 479 211
469 489 199
469 495 206
469 538 177
469 578 176
469 591 195
469 618 203
470 499 363
470 472 402
470 572 421
472 560 363
472 538 302
472 542 377
472 477 177
472 572 346
472 589 319
473 581 417
474 477 32
474 531 191
474 560 218
474 479 192
474 482 224
475 538 388
475 575 433
476 575 433
476 595 477
477 479 186
477 538 151
477 618 177
478 576 119
479 575 356
479 589 328
479 591 329
479 531 345
479 489 333
479 587 341
479 508 292
479 527 377
479 509 317
479 541 223
479 552 223
479 506 351
479 482 378
479 566 423
479 542 386
479 601 217
479 514 423
479 571 357
479 538 311
479 592 239
479 556 304
479 561 373
479 536 423
479 600 377
479 545 198
479 490 386
479 494 231
479 495 340
479 505 256
479 513 408
479 533 292
479 534 349
479 537 351
479 546 386
479 550 423
479 565 281
479 569 286
479 572 355
479 573 338
479 576 208
479 578 311
479 580 323
479 584 290
479 586 395
479 597 364
479 605 344
479 610 363
479 618 337
480 604 143
481 500 245
481 541 110
481 531 232
481 505 144
481 575 243
481 591 217
482 489 366
482 575 388
482 506 384
482 538 343
482 500 390
482 531 377
482 547 393
482 537 384
483 575 378
484 572 384
489 617 365
489 545 186
489 538 299
489 589 316
489 542 373
489 575 344
489 527 365
489 566 411
489 526 348
490 538 351
490 559 296
490 575 396
492 574 50
492 582 100
492 609 50
493 527 273
493 531 240
494 618 223
494 545 84
495 545 192
495 575 350
495 542 380
495 510 327
495 538 305
495 527 372
495 561 367
495 531 339
495 589 322
496 506 429
496 531 422
497 545 275
497 538 388
498 538 388
498 589 405
498 591 407
498 578 388
499 538 263
499 589 280
500 531 357
500 572 367
500 575 368
500 589 340
500 591 341
500 605 356
504 575 433
504 531 422
505 508 203
506 531 350
506 534 355
506 538 317
506 565 287
506 572 361
506 578 317
507 538 328
507 542 403
507 591 347
507 508 310
508 542 333
508 596 370
508 538 258
508 569 233
508 573 285
508 575 303
508 578 258
508 589 275
508 591 276
508 608 306
508 618 284
509 564 311
509 575 327
510 575 343
510 602 228
511 517 399
511 531 366
512 531 311
513 575 418
514 531 422
514 537 429
514 538 388
514 575 433
514 578 388
514 591 407
514 605 421
514 611 426
514 618 414
515 555 129
515 538 174
515 559 119
515 569 149
515 573 201
515 578 174
515 589 191
515 600 240
522 531 222
522 584 167
525 602 256
525 578 325
526 575 371
526 585 438
526 584 305
527 531 376
527 538 343
527 546 417
527 547 392
527 553 455
527 559 288
527 561 405
527 570 388
527 572 387
527 575 388
527 578 343
527 587 373
527 589 360
527 598 246
527 604 347
527 611 380
527 613 364
528 546 463
529 545 96
531 555 266
531 542 385
531 560 371
531 587 340
531 575 355
531 581 338
531 614 422
531 564 338
531 534 348
531 538 310
531 539 359
531 559 255
531 565 281
531 569 285
531 572 354
531 573 337
531 578 310
531 600 376
531 608 358
531 611 347
531 618 336
532 542 400
534 612 226
534 547 364
534 575 360
534 591 333
534 537 355
537 538 317
537 560 377
537 575 362
537 591 335
537 564 345
537 589 334
538 587 306
538 616 297
538 542 351
538 575 321
538 560 337
538 577 316
538 589 293
538 539 326
538 566 388
538 546 351
538 598 180
538 561 338
538 591 295
538 573 304
538 548 270
538 553 388
538 556 269
538 559 221
538 562 343
538 565 247
538 571 322
538 572 320
538 578 276
538 584 255
538 597 329
538 599 388
538 600 343
538 605 309
538 608 324
538 610 328
538 618 302
539 575 371
539 589 343
541 589 205
541 575 233
542 561 413
542 555 307
542 569 326
542 572 395
542 575 396
542 577 391
542 578 351
542 584 330
542 589 368
542 591 370
542 597 404
542 598 255
542 607 392
542 610 403
542 611 388
542 618 377
545 547 212
545 551 192
545 555 119
545 556 156
545 565 134
545 578 163
545 589 180
545 591 182
545 601 69
545 612 75
546 566 463
546 591 369
546 608 399
546 589 368
546 575 396
547 575 371
547 578 325
547 589 343
548 591 289
548 575 315
549 575 433
552 575 233
553 575 433
555 572 276
557 572 332
557 575 333
560 562 403
560 570 382
560 572 381
560 575 382
560 578 337
560 584 316
560 618 363
561 564 367
561 569 313
561 575 383
561 577 378
561 578 338
561 591 357
563 564 167
564 572 349
564 577 345
564 578 305
564 585 417
564 589 322
564 591 323
564 603 380
564 612 217
565 575 292
565 589 264
566 575 433
567 575 322
569 575 296
569 602 181
570 602 252
571 575 367
572 589 337
572 577 360
572 585 432
572 591 339
572 614 432
572 610 372
573 589 321
573 591 322
575 591 340
575 590 266
575 592 250
575 611 359
575 608 369
575 589 338
575 616 342
575 595 410
575 600 388
575 577 361
575 617 388
575 587 351
575 578 321
575 584 300
575 586 405
575 597 374
575 618 347
576 587 204
576 618 200
577 591 335
577 610 368
578 598 180
578 589 293
578 592 205
578 591 295
578 600 343
584 589 272
587 589 323
587 591 325
587 592 235
589 610 345
589 591 312
589 598 197
589 605 326
589 618 319
591 592 223
591 604 300
591 605 328
591 618 321
600 608 391
