new_label original_label
1 1
2 3
3 7
4 10
5 11
6 12
7 14
8 15
9 16
10 17
11 18
12 19
13 20
14 22
15 23
16 24
17 25
18 28
19 30
20 31
21 32
22 33
23 35
24 38
25 39
26 40
27 41
28 43
29 44
30 48
31 50
32 51
33 52
34 53
35 55
36 56
37 57
38 60
39 61
40 62
41 63
42 64
43 66
44 69
45 70
46 71
47 74
48 76
49 77
50 78
51 79
52 80
53 81
54 82
55 84
56 87
57 89
58 90
59 91
60 92
61 93
62 94
63 95
64 96
65 97
66 98
67 99
68 100
69 101
70 102
71 103
72 104
73 107
74 108
75 111
76 112
77 114
78 115
79 118
80 119
81 120
82 121
83 122
84 123
85 124
86 125
87 130
88 131
89 132
90 133
91 135
92 136
93 137
94 138
95 139
96 140
97 141
98 142
99 143
100 144
101 145
102 146
103 147
104 148
105 149
106 152
107 153
108 154
109 157
110 158
111 159
112 161
113 162
114 163
115 164
116 165
117 166
118 167
119 168
120 170
121 173
122 174
123 175
124 176
125 177
126 178
127 179
128 180
129 181
130 184
131 186
132 187
133 188
134 190
135 191
136 192
137 193
138 195
139 196
140 197
141 198
142 200
143 201
144 203
145 204
146 206
147 207
148 208
149 210
150 211
151 212
152 213
153 214
154 216
155 217
156 218
157 219
158 220
159 221
160 223
161 224
162 226
163 227
164 228
165 229
166 230
167 231
168 232
169 233
170 234
171 237
172 238
173 239
174 240
175 243
176 244
177 245
178 246
179 247
180 248
181 249
182 250
183 252
184 253
185 254
186 255
187 256
188 257
189 259
190 261
191 262
192 263
193 267
194 269
195 273
196 274
197 275
198 276
199 277
200 278
201 279
202 280
203 281
204 282
205 283
206 284
207 285
208 288
209 289
210 290
211 291
212 292
213 294
214 295
215 296
216 297
217 298
218 299
219 301
220 302
221 303
222 304
223 305
224 306
225 307
226 308
227 309
228 310
229 311
230 312
231 313
232 316
233 318
234 320
235 321
236 322
237 323
238 324
239 325
240 326
241 327
242 328
243 329
244 330
245 331
246 332
247 333
248 334
249 335
250 338
251 339
252 340
253 341
254 342
255 344
256 345
257 349
258 350
259 351
260 352
261 353
262 354
263 355
264 356
265 358
266 359
267 360
268 363
269 365
270 367
271 368
272 369
273 370
274 371
275 372
276 373
277 374
278 375
279 377
280 378
281 379
282 380
283 381
284 382
285 383
286 384
287 385
288 386
289 387
290 388
291 389
292 391
293 392
294 394
295 395
296 396
297 398
298 399
299 401
300 402
301 404
302 405
303 408
304 409
305 410
306 412
307 413
308 414
309 415
310 417
311 418
312 419
313 420
314 422
315 423
316 424
317 425
318 427
319 429
320 430
321 432
322 433
323 434
324 435
325 436
326 437
327 438
328 439
329 440
330 442
331 443
332 444
333 445
334 446
335 447
336 449
337 450
338 451
339 452
340 453
341 455
342 457
343 458
344 459
345 462
346 463
347 465
348 466
349 467
350 468
351 469
352 470
353 472
354 474
355 475
356 476
357 477
358 478
359 479
360 480
361 482
362 483
363 484
364 486
365 487
366 489
367 490
368 491
369 492
370 493
371 494
372 496
373 497
374 498
375 499
376 500
377 501
378 502
379 503
380 504
381 505
382 506
383 507
384 508
385 510
386 513
387 514
388 516
389 517
390 518
391 519
392 521
393 522
394 524
395 526
396 527
397 529
398 530
399 531
400 532
401 533
402 534
403 535
404 536
405 537
406 538
407 539
408 540
409 541
410 544
411 545
412 546
413 548
414 549
415 551
416 552
417 553
418 554
419 555
420 556
421 557
422 558
423 559
424 561
425 562
426 563
427 564
428 565
429 568
430 569
431 570
432 571
433 576
434 577
435 578
436 579
437 583
438 584
439 585
440 586
441 587
442 588
443 589
444 590
445 591
446 593
447 594
448 596
449 598
450 599
451 601
452 602
453 603
454 604
455 606
456 607
457 608
458 609
459 610
460 611
461 612
462 613
463 614
464 615
465 616
466 618
467 619
468 620
469 621
470 623
471 624
472 625
473 627
474 628
475 630
476 631
477 632
478 633
479 635
480 636
481 637
482 639
483 642
484 643
485 644
486 645
487 646
488 647
489 648
490 649
491 650
492 651
493 652
494 654
495 656
496 658
497 659
498 660
499 662
500 665
501 666
502 668
503 669
504 670
505 671
506 672
507 675
508 676
509 677
510 678
511 679
512 681
513 682
514 683
515 684
516 685
517 687
518 688
519 690
520 691
521 692
522 693
523 694
524 695
525 696
526 697
527 699
528 700
529 701
530 702
531 703
532 704
533 705
534 706
535 707
536 708
537 709
538 710
539 713
540 715
541 716
542 717
543 718
544 720
545 721
546 722
547 723
548 724
549 725
550 726
551 727
552 731
553 732
554 733
555 734
556 735
557 736
558 738
559 739
560 741
561 742
562 743
563 744
564 745
565 746
566 749
567 750
568 751
569 752
570 754
571 755
572 756
573 757
574 759
575 760
576 761
577 762
578 763
579 764
580 765
581 766
582 767
583 768
584 769
585 770
586 771
587 773
588 775
589 776
590 777
591 778
592 780
593 781
594 782
595 783
596 784
597 785
598 786
599 787
600 788
601 790
602 791
603 792
604 793
605 794
606 795
607 797
608 798
609 799
610 801
611 802
612 803
613 804
614 805
615 806
616 807
617 809
618 810
619 811
620 812
621 814
622 815
623 816
624 818
625 819
626 820
627 821
628 823
629 825
630 827
631 829
632 830
633 831
634 833
635 834
636 836
637 838
638 839
639 840
640 841
641 842
642 843
643 846
644 849
645 850
646 851
647 852
648 855
649 858
650 860
651 862
652 863
653 867
654 868
655 869
656 870
657 871
658 872
659 873
660 876
661 878
662 879
663 881
664 882
665 883
666 884
667 886
668 887
669 888
670 889
671 890
672 892
673 893
674 894
675 895
676 899
677 900
678 902
679 903
680 905
681 906
682 908
683 909
684 914
685 915
686 916
687 917
688 919
689 920
690 921
691 922
692 923
693 924
694 925
695 926
696 927
697 928
698 929
699 930
700 931
701 932
702 934
703 935
704 940
705 941
706 942
707 945
708 946
709 947
710 948
711 949
712 950
713 953
714 955
715 956
716 957
717 958
718 959
719 961
720 963
721 964
722 965
723 966
724 967
725 968
726 969
727 970
728 971
729 972
730 973
731 974
732 976
733 977
734 978
735 979
736 981
737 983
738 984
739 985
740 986
741 987
742 988
743 989
744 990
745 992
746 994
747 995
748 996
749 997
750 998
751 1000
752 1001
753 1002
754 1003
755 1004
756 1005
757 1007
758 1008
759 1009
760 1010
761 1011
762 1012
763 1015
764 1016
765 1017
766 1018
767 1019
768 1021
769 1022
770 1023
771 1024
772 1025
773 1026
774 1027
775 1028
776 1029
777 1030
778 1031
779 1032
780 1034
781 1035
782 1036
783 1037
784 1038
785 1039
786 1042
787 1043
788 1044
789 1045
790 1046
791 1047
792 1048
793 1049
794 1050
795 1051
796 1052
797 1055
798 1056
799 1058
800 1059
801 1060
802 1061
803 1062
804 1066
805 1067
806 1068
807 1070
808 1071
809 1072
810 1073
811 1074
812 1076
813 1077
814 1078
815 1079
816 1080
817 1082
818 1083
819 1084
820 1085
821 1086
822 1087
823 1088
824 1089
825 1090
826 1091
827 1092
828 1093
829 1094
830 1095
831 1096
832 1099
833 1100
834 1101
835 1102
836 1103
837 1104
838 1108
839 1109
840 1110
841 1111
842 1112
843 1113
844 1114
845 1115
846 1116
847 1117
848 1118
849 1119
850 1120
851 1123
852 1124
853 1125
854 1126
855 1130
856 1131
857 1132
858 1133
859 1135
860 1137
861 1138
862 1139
863 1142
864 1145
865 1147
866 1148
867 1151
868 1152
869 1153
870 1154
871 1156
872 1157
873 1158
874 1159
875 1160
876 1162
877 1164
878 1166
879 1167
880 1168
881 1169
882 1170
883 1172
884 1173
885 1174
886 1175
887 1176
888 1177
889 1178
890 1180
891 1181
892 1182
893 1183
894 1184
895 1185
896 1186
897 1187
898 1188
899 1189
900 1190
901 1191
902 1192
903 1193
904 1195
905 1196
906 1197
907 1198
908 1199
909 1200
910 1201
911 1202
912 1205
913 1206
914 1208
915 1210
916 1211
917 1212
918 1213
919 1214
920 1215
921 1216
922 1217
923 1218
924 1219
925 1221
926 1223
927 1224
928 1225
929 1226
930 1227
931 1228
932 1229
933 1230
934 1231
935 1232
936 1233
937 1234
938 1235
939 1236
940 1237
941 1241
942 1242
943 1244
944 1245
945 1246
946 1248
947 1249
948 1250
949 1252
950 1253
951 1254
952 1256
953 1257
954 1258
955 1262
956 1265
957 1266
958 1267
959 1268
960 1269
961 1270
962 1271
963 1272
964 1273
965 1274
966 1275
967 1278
968 1279
969 1280
970 1281
971 1282
972 1283
973 1284
974 1285
975 1286
976 1287
977 1288
978 1290
979 1292
980 1293
981 1294
982 1295
983 1296
984 1297
985 1299
986 1301
987 1302
988 1303
989 1305
990 1306
991 1307
992 1308
993 1309
994 1311
995 1312
996 1313
997 1314
998 1315
999 1316
1000 1318
1001 1319
1002 1320
1003 1321
1004 1322
1005 1323
1006 1324
1007 1325
1008 1327
1009 1328
1010 1329
1011 1330
1012 1331
1013 1333
1014 1334
1015 1336
1016 1337
1017 1338
1018 1339
1019 1340
1020 1341
1021 1343
1022 1344
1023 1345
1024 1346
1025 1347
1026 1348
1027 1349
1028 1350
1029 1351
1030 1352
1031 1354
1032 1355
1033 1357
1034 1358
1035 1359
1036 1360
1037 1361
1038 1362
1039 1363
1040 1364
1041 1365
1042 1366
1043 1367
1044 1369
1045 1370
1046 1371
1047 1372
1048 1373
1049 1374
1050 1375
1051 1376
1052 1378
1053 1379
1054 1380
1055 1381
1056 1383
1057 1384
1058 1385
1059 1386
1060 1387
1061 1389
1062 1390
1063 1391
1064 1392
1065 1394
1066 1395
1067 1396
1068 1398
1069 1399
1070 1401
1071 1402
1072 1404
1073 1405
1074 1406
1075 1407
1076 1410
1077 1411
1078 1413
1079 1414
1080 1415
1081 1416
1082 1417
1083 1418
1084 1419
1085 1423
1086 1424
1087 1425
1088 1426
1089 1427
1090 1428
1091 1429
1092 1430
1093 1432
1094 1433
1095 1436
1096 1438
1097 1439
1098 1440
1099 1441
1100 1442
1101 1443
1102 1444
1103 1447
1104 1448
1105 1449
1106 1450
1107 1451
1108 1452
1109 1453
1110 1454
1111 1455
1112 1456
1113 1457
1114 1458
1115 1460
1116 1462
1117 1463
1118 1464
1119 1465
1120 1467
1121 1468
1122 1470
1123 1471
1124 1473
1125 1474
1126 1475
1127 1476
1128 1477
1129 1478
1130 1479
1131 1480
1132 1483
1133 1484
1134 1487
1135 1489
1136 1490
1137 1492
1138 1493
1139 1494
1140 1495
1141 1496
1142 1497
1143 1498
1144 1499
1145 1500
1146 1502
1147 1505
1148 1506
1149 1508
1150 1509
1151 1510
1152 1511
1153 1512
1154 1513
1155 1514
1156 1515
1157 1516
1158 1517
1159 1518
1160 1519
1161 1521
1162 1522
1163 1523
1164 1524
1165 1525
1166 1527
1167 1528
1168 1529
1169 1532
1170 1534
1171 1535
1172 1536
1173 1538
1174 1539
1175 1540
1176 1541
1177 1542
1178 1543
1179 1544
1180 1546
1181 1547
1182 1548
1183 1549
1184 1550
1185 1552
1186 1553
1187 1554
1188 1555
1189 1556
1190 1558
1191 1559
1192 1560
1193 1561
1194 1562
1195 1563
1196 1564
1197 1565
1198 1567
1199 1568
1200 1569
1201 1570
1202 1572
1203 1573
1204 1575
1205 1576
1206 1577
1207 1578
1208 1579
1209 1580
1210 1581
1211 1582
1212 1583
1213 1584
1214 1585
1215 1586
1216 1588
1217 1589
1218 1590
1219 1591
1220 1592
1221 1593
1222 1594
1223 1595
1224 1596
1225 1597
1226 1598
1227 1599
1228 1600
1229 1601
1230 1602
1231 1603
1232 1604
1233 1607
1234 1608
1235 1609
1236 1610
1237 1611
1238 1612
1239 1613
1240 1614
1241 1615
1242 1616
1243 1617
1244 1618
1245 1619
1246 1621
1247 1623
1248 1624
1249 1625
1250 1626
1251 1627
1252 1628
1253 1630
1254 1631
1255 1632
1256 1633
1257 1634
1258 1635
1259 1636
1260 1637
1261 1638
1262 1639
1263 1640
1264 1642
1265 1643
1266 1644
1267 1645
1268 1646
1269 1647
1270 1648
1271 1649
1272 1651
1273 1652
1274 1653
1275 1654
1276 1655
1277 1657
1278 1658
1279 1659
1280 1662
1281 1663
1282 1664
1283 1665
1284 1667
1285 1668
1286 1670
1287 1671
1288 1672
1289 1673
1290 1675
1291 1676
1292 1677
1293 1678
1294 1679
1295 1680
1296 1681
1297 1682
1298 1683
1299 1685
1300 1686
1301 1687
1302 1688
1303 1689
1304 1691
1305 1692
1306 1693
1307 1694
1308 1697
1309 1698
1310 1699
1311 1700
1312 1702
1313 1703
1314 1705
1315 1706
1316 1709
1317 1710
1318 1712
1319 1713
1320 1714
1321 1715
1322 1716
1323 1719
1324 1720
1325 1721
1326 1725
1327 1726
1328 1727
1329 1728
1330 1729
1331 1730
1332 1733
1333 1734
1334 1737
1335 1738
1336 1739
1337 1740
1338 1741
1339 1742
1340 1744
1341 1746
1342 1747
1343 1749
1344 1750
1345 1751
1346 1752
1347 1754
1348 1756
1349 1757
1350 1758
1351 1759
1352 1760
1353 1761
1354 1762
1355 1763
1356 1764
1357 1765
1358 1766
1359 1767
1360 1768
1361 1769
1362 1770
1363 1771
1364 1772
1365 1773
1366 1774
1367 1775
1368 1776
1369 1777
1370 1778
1371 1780
1372 1782
1373 1783
1374 1784
1375 1785
1376 1786
1377 1787
1378 1788
1379 1789
1380 1790
1381 1791
1382 1792
1383 1793
1384 1794
1385 1795
1386 1796
1387 1797
1388 1798
1389 1799
1390 1801
1391 1802
1392 1803
1393 1804
1394 1806
1395 1807
1396 1808
1397 1809
1398 1810
1399 1811
1400 1812
1401 1814
1402 1815
1403 1816
1404 1817
1405 1818
1406 1819
1407 1820
1408 1821
1409 1822
1410 1823
1411 1825
1412 1827
1413 1828
1414 1832
1415 1833
1416 1834
1417 1835
1418 1836
1419 1837
1420 1838
1421 1839
1422 1840
1423 1842
1424 1843
1425 1844
1426 1845
1427 1848
1428 1850
1429 1851
1430 1852
1431 1853
1432 1854
1433 1855
1434 1856
1435 1858
1436 1859
1437 1860
1438 1862
1439 1863
1440 1865
1441 1866
1442 1868
1443 1870
1444 1871
1445 1876
1446 1877
1447 1878
1448 1879
1449 1880
1450 1881
1451 1882
1452 1883
1453 1884
1454 1885
1455 1886
1456 1887
1457 1888
1458 1889
1459 1890
1460 1892
1461 1893
1462 1894
1463 1895
1464 1896
1465 1897
1466 1898
1467 1900
1468 1901
1469 1902
1470 1903
1471 1905
1472 1906
1473 1907
1474 1908
1475 1909
1476 1910
1477 1911
1478 1913
1479 1914
1480 1915
1481 1916
1482 1917
1483 1918
1484 1919
1485 1920
1486 1922
1487 1923
1488 1924
1489 1925
1490 1926
1491 1927
1492 1928
1493 1929
1494 1930
1495 1931
1496 1933
1497 1934
1498 1935
1499 1937
1500 1938
1501 1939
1502 1940
1503 1941
1504 1942
1505 1943
1506 1945
1507 1946
1508 1947
1509 1948
1510 1949
1511 1950
1512 1951
1513 1953
1514 1954
1515 1956
1516 1957
1517 1960
1518 1961
1519 1964
1520 1965
1521 1966
1522 1967
1523 1969
1524 1970
1525 1971
1526 1972
1527 1974
1528 1975
1529 1976
1530 1978
1531 1981
1532 1982
1533 1983
1534 1984
1535 1985
1536 1986
1537 1987
1538 1988
1539 1989
1540 1991
1541 1992
1542 1993
1543 1996
1544 1997
1545 1998
1546 1999
1547 2000
1548 2002
1549 2004
1550 2005
1551 2006
1552 2007
1553 2008
1554 2009
1555 2011
1556 2012
1557 2013
1558 2014
1559 2017
1560 2019
1561 2021
1562 2022
1563 2023
1564 2024
1565 2025
1566 2026
1567 2027
1568 2028
1569 2031
1570 2032
1571 2034
1572 2035
1573 2037
1574 2039
1575 2040
1576 2041
1577 2042
1578 2043
1579 2044
1580 2047
1581 2048
1582 2049
1583 2050
1584 2051
1585 2052
1586 2053
1587 2054
1588 2055
1589 2057
1590 2061
1591 2062
1592 2064
1593 2065
1594 2066
1595 2067
1596 2068
1597 2069
1598 2072
1599 2075
1600 2076
1601 2078
1602 2079
1603 2080
1604 2081
1605 2082
1606 2083
1607 2084
1608 2086
1609 2087
1610 2088
1611 2089
1612 2090
1613 2091
1614 2092
1615 2093
1616 2094
1617 2095
1618 2096
1619 2097
1620 2098
1621 2099
1622 2100
1623 2101
1624 2102
1625 2103
1626 2104
1627 2105
1628 2108
1629 2109
1630 2111
1631 2112
1632 2113
1633 2114
1634 2115
1635 2117
1636 2119
1637 2122
1638 2123
1639 2124
1640 2126
1641 2127
1642 2130
1643 2131
1644 2132
1645 2133
1646 2134
1647 2135
1648 2136
1649 2140
1650 2141
1651 2142
1652 2143
1653 2144
1654 2146
1655 2149
1656 2150
1657 2151
1658 2153
1659 2155
1660 2158
1661 2159
1662 2161
1663 2162
1664 2163
1665 2164
1666 2165
1667 2168
1668 2169
1669 2170
1670 2174
1671 2175
1672 2176
1673 2177
1674 2178
1675 2179
1676 2180
1677 2181
1678 2182
1679 2183
1680 2184
1681 2185
1682 2186
1683 2187
1684 2188
1685 2190
1686 2192
1687 2193
1688 2194
1689 2196
1690 2197
1691 2198
1692 2200
1693 2201
1694 2202
1695 2203
1696 2204
1697 2205
1698 2207
1699 2208
1700 2209
1701 2210
1702 2211
1703 2212
1704 2213
1705 2214
1706 2217
1707 2218
1708 2220
1709 2221
1710 2222
1711 2223
1712 2224
1713 2225
1714 2226
1715 2227
1716 2230
1717 2231
1718 2232
1719 2233
1720 2235
1721 2236
1722 2237
1723 2242
1724 2243
1725 2247
1726 2248
1727 2250
1728 2251
1729 2252
1730 2253
1731 2254
1732 2255
1733 2257
1734 2258
1735 2259
1736 2261
1737 2262
1738 2263
1739 2264
1740 2265
1741 2266
1742 2267
1743 2268
1744 2269
1745 2270
1746 2272
1747 2273
1748 2274
1749 2275
1750 2276
1751 2277
1752 2278
1753 2279
1754 2280
1755 2281
1756 2282
1757 2283
1758 2284
1759 2286
1760 2287
1761 2289
1762 2292
1763 2294
1764 2296
1765 2297
1766 2298
1767 2300
1768 2301
1769 2303
1770 2304
1771 2305
1772 2306
1773 2307
1774 2308
1775 2309
1776 2310
1777 2311
1778 2312
1779 2315
1780 2317
1781 2318
1782 2319
1783 2320
1784 2321
1785 2325
1786 2326
1787 2327
1788 2328
1789 2329
1790 2330
1791 2331
1792 2332
1793 2333
1794 2334
1795 2335
1796 2336
1797 2337
1798 2338
1799 2339
1800 2341
1801 2342
1802 2343
1803 2345
1804 2347
1805 2348
1806 2349
1807 2350
1808 2351
1809 2352
1810 2355
1811 2356
1812 2357
1813 2358
1814 2359
1815 2360
1816 2361
1817 2362
1818 2363
1819 2364
1820 2365
1821 2366
1822 2368
1823 2369
1824 2370
1825 2372
1826 2373
1827 2374
1828 2375
1829 2376
1830 2378
1831 2381
1832 2383
1833 2384
1834 2385
1835 2386
1836 2388
1837 2389
1838 2390
1839 2391
1840 2392
1841 2393
1842 2394
1843 2395
1844 2396
1845 2397
1846 2399
1847 2400
1848 2401
1849 2402
1850 2403
1851 2404
1852 2405
1853 2406
1854 2407
1855 2408
1856 2409
1857 2410
1858 2411
1859 2412
1860 2414
1861 2415
1862 2416
1863 2417
1864 2418
1865 2421
1866 2422
1867 2423
1868 2424
1869 2425
1870 2427
1871 2429
1872 2431
1873 2432
1874 2433
1875 2434
1876 2436
1877 2437
1878 2438
1879 2440
1880 2441
1881 2442
1882 2443
1883 2444
1884 2445
1885 2446
1886 2447
1887 2449
1888 2450
1889 2452
1890 2453
1891 2454
1892 2455
1893 2457
1894 2458
1895 2459
1896 2460
1897 2462
1898 2463
1899 2464
1900 2465
1901 2466
1902 2470
1903 2471
1904 2473
1905 2474
1906 2475
1907 2477
1908 2481
1909 2482
1910 2483
1911 2484
1912 2485
1913 2486
1914 2487
1915 2488
1916 2491
1917 2494
1918 2495
1919 2496
1920 2497
1921 2498
1922 2499
1923 2500
1924 2501
1925 2503
1926 2504
1927 2506
1928 2507
1929 2509
1930 2511
1931 2512
1932 2513
1933 2514
1934 2516
1935 2520
1936 2521
1937 2523
1938 2524
1939 2525
1940 2526
1941 2529
1942 2530
1943 2531
1944 2532
1945 2534
1946 2535
1947 2536
1948 2537
1949 2541
1950 2542
1951 2543
1952 2544
1953 2546
1954 2547
1955 2548
1956 2549
1957 2550
1958 2551
1959 2552
1960 2553
1961 2554
1962 2555
1963 2559
1964 2560
1965 2561
1966 2562
1967 2563
1968 2564
1969 2568
1970 2569
1971 2570
1972 2572
1973 2573
1974 2574
1975 2575
1976 2577
1977 2578
1978 2579
1979 2580
1980 2581
1981 2582
1982 2583
1983 2584
1984 2585
1985 2586
1986 2587
1987 2588
1988 2589
1989 2592
1990 2593
1991 2594
1992 2595
1993 2596
1994 2597
1995 2598
1996 2599
1997 2600
1998 2601
1999 2602
2000 2604
2001 2605
2002 2606
2003 2607
2004 2608
2005 2609
2006 2610
2007 2611
2008 2612
2009 2613
2010 2614
2011 2615
2012 2616
2013 2617
2014 2618
2015 2619
2016 2620
2017 2621
2018 2622
2019 2625
2020 2626
2021 2627
2022 2628
2023 2629
2024 2630
2025 2631
2026 2632
2027 2635
2028 2636
2029 2637
2030 2638
2031 2639
2032 2640
2033 2641
2034 2642
2035 2643
2036 2644
2037 2645
2038 2647
2039 2650
2040 2651
2041 2654
2042 2656
2043 2657
2044 2658
2045 2659
2046 2660
2047 2661
2048 2662
2049 2663
2050 2665
2051 2667
2052 2669
2053 2670
2054 2671
2055 2672
2056 2673
2057 2674
2058 2677
2059 2679
2060 2680
2061 2681
2062 2682
2063 2683
2064 2684
2065 2685
2066 2686
2067 2687
2068 2689
2069 2690
2070 2694
2071 2695
2072 2696
2073 2697
2074 2699
2075 2700
2076 2701
2077 2703
2078 2704
2079 2706
2080 2708
2081 2709
2082 2710
2083 2711
2084 2712
2085 2714
2086 2715
2087 2716
2088 2717
2089 2720
2090 2721
2091 2722
2092 2723
2093 2724
2094 2725
2095 2726
2096 2728
2097 2729
2098 2730
2099 2731
2100 2732
2101 2733
2102 2734
2103 2735
2104 2736
2105 2737
2106 2738
2107 2739
2108 2740
2109 2742
2110 2744
2111 2745
2112 2746
2113 2749
2114 2750
2115 2752
2116 2753
2117 2754
2118 2755
2119 2756
2120 2757
2121 2758
2122 2759
2123 2760
2124 2761
2125 2763
2126 2764
2127 2766
2128 2768
2129 2770
2130 2771
2131 2774
2132 2775
2133 2776
2134 2777
2135 2779
2136 2780
2137 2781
2138 2782
2139 2783
2140 2784
2141 2788
2142 2789
2143 2790
2144 2791
2145 2792
2146 2793
2147 2794
2148 2795
2149 2796
2150 2797
2151 2799
2152 2800
2153 2801
2154 2802
2155 2803
2156 2804
2157 2805
2158 2806
2159 2808
2160 2809
2161 2810
2162 2811
2163 2812
2164 2813
2165 2815
2166 2816
2167 2817
2168 2820
2169 2822
2170 2823
2171 2824
2172 2825
2173 2826
2174 2827
2175 2829
2176 2830
2177 2831
2178 2832
2179 2834
2180 2835
2181 2837
2182 2840
2183 2841
2184 2842
2185 2843
2186 2844
2187 2845
2188 2846
2189 2847
2190 2848
2191 2849
2192 2850
2193 2851
2194 2852
2195 2853
2196 2855
2197 2856
2198 2859
2199 2861
2200 2862
2201 2863
2202 2865
2203 2866
2204 2867
2205 2868
2206 2869
2207 2870
2208 2871
2209 2872
2210 2873
2211 2874
2212 2875
2213 2876
2214 2877
2215 2878
2216 2879
2217 2882
2218 2883
2219 2885
2220 2886
2221 2887
2222 2888
2223 2889
2224 2891
2225 2893
