2634 5291
1 2 359
1 3 368
1 4 364
1 5 362
1 6 421
1 7 386
1 8 345
1 9 362
1 10 352
1 11 409
1 12 345
1 13 364
1 14 362
1 15 371
1 16 403
2 1667 355
3 138 342
4 984 364
5 174 376
5 561 337
6 1709 358
7 2526 410
8 284 378
11 398 431
11 965 395
11 604 409
11 1488 377
11 1977 397
11 751 389
11 2306 384
11 1987 374
12 1563 334
13 1057 330
13 1563 353
14 751 343
14 2579 348
15 2232 335
16 1807 441
17 18 270
17 138 223
18 19 352
18 20 381
18 21 412
18 22 353
18 23 392
18 24 246
18 25 371
18 26 433
18 39 410
18 57 319
18 58 396
18 59 400
18 60 352
18 61 378
18 62 298
18 63 386
18 90 325
18 93 403
18 94 403
18 96 393
18 112 405
18 113 362
18 114 349
18 115 419
18 116 443
18 117 329
18 118 383
18 119 325
18 120 390
18 121 408
18 122 371
18 123 308
18 124 401
18 125 404
18 126 380
18 127 368
18 128 412
18 129 387
18 130 382
18 131 403
18 132 368
18 133 320
18 134 393
18 135 424
18 136 380
18 137 392
18 156 319
18 157 347
18 158 397
18 159 381
18 160 388
18 161 370
18 162 447
18 163 397
18 164 374
18 165 356
18 166 402
18 167 375
18 168 408
18 169 409
18 170 379
18 171 333
18 172 360
18 173 389
19 2321 335
20 1208 327
20 2077 351
21 1035 402
21 1583 370
21 2583 384
22 2320 337
23 304 390
23 1696 350
25 2373 261
27 28 338
27 29 402
27 30 388
27 31 350
27 32 280
27 33 386
27 34 362
27 35 323
27 36 390
27 37 395
27 38 378
27 39 401
27 40 376
27 41 346
27 42 325
27 473 238
27 546 403
27 571 318
27 572 295
27 573 378
27 574 351
27 575 400
27 576 352
27 577 331
27 578 393
27 579 443
27 580 369
28 773 300
29 1730 384
29 780 380
29 244 395
29 2310 387
30 73 386
31 1219 316
32 965 254
33 88 354
34 88 329
34 1164 278
34 887 260
36 1807 416
37 73 394
38 1730 360
39 988 360
40 678 254
41 2509 317
42 43 256
42 751 293
43 44 264
43 45 278
43 46 258
43 47 278
43 48 326
43 49 272
43 50 254
43 51 368
43 52 279
43 53 269
43 54 215
43 55 257
43 56 283
43 297 299
43 309 266
43 465 288
43 795 296
43 1118 271
43 1247 294
43 1266 246
43 1606 288
43 1607 301
43 1608 267
43 1609 288
43 1610 257
44 2104 254
45 2519 322
46 218 305
47 1855 284
48 1297 376
48 838 411
48 2436 356
49 398 350
49 1111 279
50 1143 289
51 2583 418
52 619 346
53 2144 270
53 751 306
53 1987 291
54 1104 275
55 1960 214
56 984 339
57 2363 267
58 2591 359
59 1006 341
59 1634 327
59 1807 417
59 1871 364
59 2516 375
60 1057 296
61 244 362
63 227 371
64 65 379
64 66 393
64 67 383
64 68 414
64 69 322
64 70 387
64 71 430
65 2336 292
66 1219 354
67 534 359
68 773 372
69 1111 256
69 1057 271
70 1831 336
70 2614 353
71 1017 380
72 1290 229
73 74 328
73 75 350
73 76 386
73 77 328
73 78 318
73 79 359
73 80 389
73 81 257
75 887 250
76 174 389
77 270 245
77 1667 313
78 1667 303
79 511 368
80 838 408
81 1750 193
82 83 278
82 1164 271
83 84 313
83 85 292
83 86 365
83 87 295
84 511 398
84 585 391
85 887 266
86 227 436
87 1290 320
88 89 387
88 90 283
88 91 260
88 92 352
88 93 361
88 94 362
88 95 334
88 96 351
88 97 287
88 98 393
88 99 377
88 100 325
88 101 291
88 102 324
88 103 297
88 104 301
88 105 346
88 106 369
88 107 321
88 108 337
88 109 327
88 110 245
88 111 341
89 414 358
90 1667 299
92 2533 328
93 218 372
93 343 311
93 398 403
93 494 374
93 751 362
94 838 411
94 896 316
95 244 359
95 1164 283
95 2214 304
97 534 300
98 585 426
99 343 326
99 829 281
99 2291 409
100 2438 332
101 1057 277
102 1164 273
102 2207 286
103 896 252
104 838 350
105 227 373
105 508 278
105 1541 356
106 284 422
107 1164 270
108 396 359
109 2480 225
110 1164 194
111 1762 350
112 1169 396
112 2526 408
113 2479 255
114 1700 291
115 398 419
115 481 344
115 284 430
115 751 377
115 2539 390
116 398 443
117 420 320
117 2380 282
118 2232 326
118 2310 359
118 2476 261
118 1696 342
119 174 317
119 445 260
120 398 390
120 1871 354
121 1164 316
121 751 367
121 2214 337
121 1981 335
122 1035 361
122 2111 305
122 2535 304
123 2506 206
125 1488 351
126 2077 349
127 1657 261
127 619 357
127 1977 335
128 2463 275
129 2377 337
130 244 365
131 420 393
132 398 369
133 304 318
134 1470 378
134 1488 340
134 1164 301
135 2609 391
136 709 332
136 896 293
136 1164 288
138 139 376
138 140 345
138 141 372
138 142 266
138 143 332
138 144 325
138 145 341
139 965 388
139 2573 424
140 1297 365
140 751 352
140 2156 305
140 2373 284
141 2394 386
141 2424 428
142 2405 282
143 420 370
144 1035 363
145 988 338
145 2553 365
146 147 293
146 148 193
146 149 273
146 150 283
146 151 222
146 152 279
146 153 205
146 154 398
146 155 277
148 1709 188
148 1782 109
149 1649 328
150 2232 306
151 965 267
152 2619 296
154 414 407
155 2436 309
156 2232 261
157 278 249
157 2436 299
158 174 389
159 218 350
160 2535 322
161 984 348
162 1081 411
163 1762 364
163 619 386
164 2207 294
164 2568 315
165 1090 342
167 1915 363
168 174 401
169 2300 386
169 2396 372
170 780 348
171 2579 297
172 984 338
173 508 278
173 1563 355
173 2193 342
174 175 396
174 176 353
174 177 380
174 178 387
174 179 407
174 180 402
174 181 374
174 182 400
174 183 370
174 184 378
174 185 401
175 2624 356
176 2193 314
177 2186 312
177 2377 338
178 187 386
178 896 307
179 284 426
180 511 409
181 1035 372
181 1634 308
182 870 350
182 1877 386
182 2156 320
182 2567 395
183 343 285
183 414 307
183 1104 360
183 2561 363
184 420 377
184 896 299
184 1290 324
184 2193 339
185 511 408
186 187 342
186 780 319
187 188 356
187 189 378
187 190 372
187 191 418
187 192 381
187 193 386
187 194 418
187 195 367
187 196 376
187 197 360
187 198 373
187 199 333
187 200 330
187 201 340
187 202 414
187 203 384
187 204 370
187 205 316
187 206 386
187 207 424
187 208 324
187 209 296
187 210 384
187 211 391
187 212 373
187 213 366
188 1297 337
189 2093 197
189 2360 283
190 1583 339
190 2207 301
191 965 391
191 604 405
191 1831 371
191 1928 330
191 1649 402
191 2512 417
192 420 380
192 1357 373
192 2321 373
192 2405 358
192 2482 366
192 2560 342
193 445 330
193 534 366
193 870 337
193 780 364
193 2576 363
194 585 418
195 896 288
196 511 383
197 244 351
197 1563 335
198 1090 367
198 1563 348
198 1057 324
199 343 249
199 1057 285
200 2104 250
201 1782 185
201 2310 324
202 1097 378
203 998 345
204 244 362
205 2373 215
206 838 402
207 2608 408
208 1097 288
209 751 263
210 534 364
210 1290 331
211 709 351
211 780 368
211 1563 366
212 561 335
213 284 386
214 215 294
214 216 275
215 2125 197
217 218 322
217 2276 320
218 219 379
218 220 327
218 221 333
218 222 356
218 223 363
218 224 319
218 225 342
218 226 317
218 251 368
218 537 364
218 786 248
218 792 318
218 1048 399
218 1069 299
218 1659 310
218 1763 375
218 1992 313
218 2522 295
218 2559 336
219 751 369
219 1375 396
219 1150 341
219 2331 412
221 751 324
222 984 366
222 2232 330
222 2193 341
222 1143 344
223 2628 353
224 1981 276
225 284 385
226 2077 318
227 228 355
227 229 385
227 230 393
227 231 368
227 232 307
227 233 365
227 234 402
227 235 330
227 236 385
227 237 367
227 238 419
227 239 394
227 240 360
227 241 401
227 242 374
227 243 411
228 1750 295
229 1700 342
230 1169 399
231 1006 324
231 2224 376
232 2377 272
233 1090 366
233 2576 349
234 561 371
235 2077 314
236 1097 356
236 887 289
237 2321 365
238 1470 418
239 604 388
239 751 368
239 1649 385
241 2224 409
242 2300 366
243 2579 390
244 245 374
244 246 320
244 247 411
244 248 314
244 249 364
244 250 385
244 251 382
244 252 353
244 253 365
244 254 322
244 255 349
244 256 296
244 257 380
244 258 379
244 259 384
244 260 358
244 261 412
244 262 330
244 301 387
244 391 387
244 687 386
244 781 337
244 794 309
244 845 365
244 850 379
244 912 344
244 1060 369
244 1071 251
244 1073 300
244 1131 320
244 1206 358
244 1213 320
244 1222 376
244 1323 330
244 1373 384
244 1416 276
244 1417 381
244 1418 316
244 1419 294
244 1420 376
244 1421 367
244 1422 325
244 1423 409
244 1424 368
244 1425 317
244 1426 371
244 1427 346
244 1428 319
244 1429 301
244 1430 326
244 1431 362
244 1432 372
244 1433 291
244 1434 391
244 1435 371
244 1436 356
244 1465 387
244 1565 301
244 1576 388
244 2262 291
244 2263 384
246 396 317
247 1563 394
247 2320 411
247 2431 379
247 2598 430
248 2405 299
249 1563 348
249 2463 244
249 887 270
250 1807 418
250 2456 336
251 1090 385
251 1297 372
251 780 368
251 2327 363
252 1563 337
252 2349 334
253 370 309
254 304 337
255 1104 347
256 278 215
256 2320 296
257 1290 336
259 420 392
259 2239 409
259 896 314
259 887 290
260 2156 286
260 838 382
261 916 384
261 1563 395
261 2300 405
261 2356 392
261 2394 396
261 2598 431
262 619 335
263 2593 81
264 2408 330
264 751 352
264 762 287
264 1112 304
264 1236 292
264 1341 245
264 2000 320
264 2016 323
264 2089 289
264 2131 242
264 2165 261
264 2280 303
264 2340 228
264 2471 272
264 2520 295
265 1111 262
266 1709 151
267 2206 213
268 1937 269
268 751 306
268 1111 275
269 1740 340
270 271 240
270 272 232
270 273 274
271 2613 188
273 304 366
274 275 171
274 276 135
274 277 178
277 678 193
278 279 286
278 280 190
278 281 198
278 282 237
278 363 244
278 540 233
278 741 302
278 742 244
278 743 209
278 744 305
278 745 233
278 746 212
278 747 179
278 748 324
280 1700 231
281 2270 159
283 284 314
283 604 281
284 285 408
284 286 382
284 287 418
284 288 389
284 289 414
284 290 367
284 291 400
284 292 259
284 293 295
284 294 406
284 295 438
284 296 394
284 297 389
284 298 354
284 299 400
284 300 428
284 301 415
284 302 410
284 303 376
284 329 403
284 367 410
284 444 436
284 501 339
284 631 418
284 721 384
284 722 426
284 723 400
284 724 363
284 725 374
284 726 400
284 727 434
284 728 340
284 729 423
284 730 419
284 731 407
284 732 266
284 733 403
284 734 383
284 851 401
284 937 367
284 938 373
284 939 381
284 940 422
284 941 378
284 942 422
285 1510 364
286 1877 349
287 1667 381
287 2224 400
287 2306 360
288 619 366
289 2241 389
290 751 315
291 896 302
291 1290 328
293 683 168
294 304 393
295 1902 369
296 2144 305
296 2539 354
296 751 341
296 2584 240
297 619 366
297 2479 269
298 2077 312
298 751 302
299 1740 364
300 1807 433
301 1104 385
302 1164 306
303 398 365
304 305 325
304 306 306
304 307 396
304 308 361
304 309 343
304 310 271
304 311 374
304 346 353
304 350 395
304 477 382
304 509 332
304 588 290
304 717 362
304 742 340
304 755 358
304 946 378
304 1001 348
304 1056 377
304 1204 395
304 1240 398
304 1241 333
304 1242 396
304 1243 352
304 1358 399
304 1443 276
304 1518 235
304 1630 325
304 1773 384
304 1774 383
304 1775 240
304 1776 365
304 1777 420
304 1778 390
304 1779 356
304 1780 340
304 1781 368
304 1816 306
304 1817 251
304 1818 339
305 1081 290
307 2241 383
308 821 302
308 751 321
309 1090 330
309 2270 207
310 619 261
311 619 364
312 1388 58
313 398 385
313 2150 366
314 1351 382
315 2150 406
315 2496 392
316 2186 289
317 1936 303
318 1923 325
319 965 265
320 585 433
320 1541 409
320 1807 457
321 398 359
321 751 318
321 1649 334
322 1057 255
323 2369 367
324 2035 231
325 420 416
326 2095 343
327 2573 424
327 2577 374
328 1750 293
328 2509 329
329 398 392
329 887 280
329 619 380
329 2472 276
329 2630 312
330 1090 364
331 896 283
332 414 235
333 2509 290
333 1877 306
333 2339 231
334 414 227
334 2111 232
335 2458 387
336 1700 306
337 850 176
338 887 313
339 1667 237
340 870 323
340 2447 327
341 511 426
342 2035 348
343 2424 383
343 344 294
343 345 202
343 346 262
343 347 191
343 348 314
343 349 289
343 350 304
343 351 249
343 352 306
343 353 309
343 354 308
343 355 217
343 356 262
343 357 290
343 358 201
343 359 310
343 360 259
343 361 283
343 362 264
343 363 250
343 364 379
343 365 269
343 366 283
343 367 306
343 368 295
344 965 351
345 370 222
348 2424 415
349 2239 390
350 2069 376
351 2284 170
352 585 390
353 508 292
353 1730 375
353 2377 352
353 751 361
355 2360 207
356 396 335
357 420 374
357 508 273
359 2512 394
360 370 279
361 896 288
361 1488 322
362 1563 323
363 2394 310
365 780 330
366 2306 329
366 2616 312
367 896 311
368 984 366
369 1106 133
370 371 312
370 372 238
370 373 275
370 374 253
370 375 329
370 376 278
370 377 238
370 720 284
370 1267 294
370 1268 313
370 1269 180
370 1270 186
371 896 297
371 965 349
371 1470 369
371 1556 340
371 1164 292
371 2306 338
373 2193 300
374 1297 298
374 2506 224
374 2598 329
375 445 337
375 1510 370
376 2415 264
378 379 376
378 2186 320
379 380 380
379 381 358
379 382 388
379 383 377
379 384 338
379 385 359
379 386 384
379 387 370
379 388 402
379 389 304
379 390 386
379 391 384
379 392 341
379 393 372
379 394 394
379 395 334
379 396 428
379 397 340
381 2095 336
382 398 408
382 2512 399
382 2408 345
383 2431 349
383 2588 311
384 870 300
385 1057 322
385 2581 307
386 1859 376
387 1104 372
387 2546 263
387 2616 326
388 1143 378
389 2186 248
390 2306 359
392 2416 370
393 1035 382
393 1762 358
394 1090 399
395 1762 320
396 1297 420
396 1762 414
396 1915 436
396 2404 370
396 501 308
396 530 372
396 549 345
396 1305 357
396 1471 366
396 1693 322
396 1833 348
396 1885 383
396 1909 378
396 2489 314
396 2563 352
397 1164 266
398 399 358
398 400 417
398 401 411
398 402 378
398 403 357
398 404 357
398 405 335
398 406 346
398 407 371
398 408 294
398 409 353
398 410 339
398 411 409
398 412 387
398 413 333
398 414 397
398 415 347
398 416 312
398 417 419
398 418 362
398 501 327
398 564 383
398 565 415
398 582 364
398 610 411
398 613 238
398 627 261
398 628 348
398 629 354
398 630 265
398 631 406
398 632 372
398 633 377
398 634 373
398 635 346
398 636 372
398 637 364
398 638 370
398 660 274
398 664 365
398 665 375
398 666 393
398 667 410
398 668 328
398 669 316
398 670 366
398 671 359
398 672 356
398 673 388
398 674 437
398 675 337
398 676 332
398 677 345
398 705 361
398 735 424
398 736 405
398 737 373
398 783 341
398 979 403
398 983 423
398 1280 392
398 1324 409
398 1525 326
398 1526 367
398 1527 384
398 1528 414
399 751 317
400 1859 389
400 1923 373
401 2416 420
402 1915 366
403 751 316
404 838 364
404 414 286
405 2144 257
405 2339 237
406 751 305
406 1297 318
406 1740 322
406 2551 228
407 751 330
407 1649 347
407 2144 294
408 2626 66
409 1583 311
410 511 338
411 1556 364
412 896 299
412 619 375
412 2438 352
413 2487 197
414 547 284
414 668 257
414 743 237
414 830 237
414 858 287
414 901 267
414 1135 275
414 1176 284
414 1444 296
414 1813 272
414 2064 269
414 2065 301
414 2066 257
414 2067 203
414 2068 271
415 1164 254
416 2281 226
417 1541 388
418 2500 346
419 896 185
419 2136 87
419 619 261
420 421 407
420 422 360
420 423 397
420 424 308
420 425 361
420 426 332
420 427 433
420 428 376
420 429 411
420 430 356
420 431 398
420 432 351
420 433 396
420 434 385
420 435 380
420 436 392
420 437 331
420 438 341
420 439 375
420 440 370
420 441 379
420 442 333
420 443 385
420 444 415
421 1017 361
422 1786 325
423 1111 335
423 1470 390
423 2193 359
424 1593 289
425 1035 361
425 1871 334
426 1667 316
427 585 434
427 1807 459
428 1970 280
429 2573 420
431 1488 354
432 1845 283
433 998 358
433 2369 382
434 1855 321
436 2458 375
437 508 230
438 751 309
438 1667 325
439 2207 305
440 1762 346
440 2172 304
441 870 331
441 1877 366
441 2193 341
442 1164 249
442 2472 226
443 2077 363
444 534 396
444 916 380
444 1470 408
444 2207 345
445 446 331
445 447 346
445 448 299
445 449 287
445 450 367
445 451 280
445 452 296
445 453 300
445 454 300
445 455 252
445 456 310
445 457 288
445 458 329
445 459 249
445 460 361
445 461 241
445 462 334
445 463 283
445 464 291
447 511 409
448 2300 341
449 1090 338
450 1365 420
451 1877 323
452 1859 333
453 508 255
453 1877 343
454 1164 271
455 1164 224
456 2320 358
457 2182 358
458 838 401
459 1667 288
460 2405 395
462 870 342
463 821 288
463 1219 304
464 2551 238
465 1593 338
465 1696 325
466 1807 496
467 2546 130
468 1915 402
469 1104 394
469 1541 381
470 2526 379
471 1657 213
471 1807 337
472 1667 364
472 1750 314
472 1871 353
472 1730 362
472 1150 320
472 2095 348
472 2224 382
472 2259 315
472 2300 366
472 1143 346
472 2302 363
473 561 201
474 1510 373
475 2526 430
476 1807 379
477 709 335
478 2591 367
478 1104 387
479 838 394
480 896 232
480 1143 275
481 482 294
481 483 280
481 484 292
481 485 311
481 486 212
481 487 309
481 488 295
481 489 321
481 490 308
481 491 221
481 492 330
481 493 259
483 1563 321
483 1709 269
484 1104 348
485 984 363
486 2504 132
487 984 361
488 1750 294
488 1563 336
489 1762 362
489 1164 302
490 1111 310
491 1977 261
492 619 392
493 2536 248
494 495 327
494 496 326
494 497 318
494 498 327
494 499 349
494 500 341
494 607 335
494 639 324
494 640 306
494 641 323
494 642 364
494 643 259
494 644 373
494 645 354
494 646 334
494 647 339
494 648 320
494 649 287
494 650 278
494 651 342
494 652 329
495 751 315
496 751 314
496 1937 277
497 1831 292
497 2390 270
497 2614 309
498 1412 259
499 887 267
500 2597 272
502 503 286
502 504 251
502 505 209
502 506 226
502 507 233
503 988 347
504 829 225
504 1649 337
506 2415 250
507 751 303
508 509 224
508 510 286
510 2377 346
511 512 340
511 513 386
511 514 412
511 515 393
511 516 246
511 517 384
511 518 318
511 558 298
511 689 371
511 741 399
511 748 420
511 1003 371
511 1045 410
511 1124 350
511 1211 431
511 1253 379
511 1293 370
511 1332 360
511 1432 388
511 1508 376
511 1599 389
511 1618 368
511 1619 390
511 1620 364
511 1621 364
511 1622 438
511 1623 382
511 1624 345
511 1625 379
511 1626 410
511 1627 329
511 1628 419
511 1629 435
511 1630 325
511 1631 435
511 1632 387
512 1297 314
512 2551 223
513 838 394
514 2182 419
514 2438 378
515 1877 372
515 1057 338
516 1593 218
517 1563 352
518 2472 204
519 520 408
519 521 354
519 522 374
519 523 340
519 524 360
519 525 350
519 526 428
519 527 362
519 528 398
519 529 270
519 530 365
519 531 351
519 532 362
519 533 397
521 2400 273
522 1208 345
523 1790 293
526 1488 401
527 751 347
527 1516 258
528 2619 360
529 943 233
529 2104 207
530 1297 364
530 2077 360
530 2551 273
531 1709 292
532 2046 251
533 2182 429
534 2327 403
534 2556 234
534 535 371
534 536 331
534 537 367
534 538 289
534 539 359
534 540 303
534 541 336
534 542 362
534 543 337
534 544 324
534 545 299
534 546 384
534 547 326
534 548 333
534 549 336
534 550 308
534 551 310
534 552 351
534 553 368
534 554 315
535 1035 390
535 2519 366
536 683 244
536 1035 350
537 1807 412
537 619 384
537 2104 306
537 2241 381
537 1987 339
537 2630 316
538 2360 214
539 1510 356
540 780 300
540 1593 302
541 1297 337
542 1470 375
543 2186 290
544 1937 274
544 2104 263
544 2589 323
545 2224 321
548 1556 316
550 1297 309
551 916 294
552 2321 363
553 709 348
553 965 361
553 1970 291
553 2463 259
554 2222 242
555 556 66
555 557 146
557 2087 88
559 896 263
559 1928 254
559 1700 292
559 2497 276
559 2506 248
559 2615 257
560 2186 161
561 562 306
561 563 346
561 564 336
561 565 369
561 566 275
561 567 344
561 568 357
561 569 289
561 570 313
562 2476 230
562 887 241
563 1090 379
563 780 362
565 992 346
566 1593 293
567 1583 349
567 1709 306
567 1150 320
568 829 266
568 751 362
568 2408 340
568 2512 395
569 1762 303
570 998 313
571 1593 298
572 887 193
573 943 325
573 751 347
573 1164 295
573 1831 333
573 1987 332
573 2104 299
573 2144 310
573 2241 374
573 1111 316
573 2415 301
573 2480 244
573 2539 359
573 2556 183
573 2564 317
573 2613 242
574 2232 303
575 838 417
575 870 352
575 1649 385
575 1786 364
575 1111 338
575 2363 357
576 896 274
576 2193 315
577 1667 315
578 1169 394
580 2281 293
581 1730 242
581 1143 226
582 751 322
583 1960 169
583 751 249
584 604 285
585 586 407
585 587 388
586 984 394
587 861 328
589 2206 185
590 591 388
590 592 417
590 593 390
590 594 428
590 595 433
590 596 390
590 597 406
590 598 406
591 1634 319
591 1923 348
592 2035 392
593 2597 296
595 2239 446
596 2550 298
597 2416 420
598 2201 345
599 600 124
599 601 227
599 602 123
599 603 65
599 855 186
599 1656 159
599 1711 141
599 1798 109
599 1996 155
599 2026 150
599 2031 127
599 2032 190
599 2033 150
599 2034 99
600 2321 281
601 1510 369
602 1709 212
602 2373 187
603 2484 34
604 605 355
604 606 264
604 607 343
604 608 314
604 609 344
604 610 389
604 611 331
604 612 365
604 661 326
604 663 276
604 664 344
604 696 370
604 697 368
604 698 380
604 699 362
604 700 369
604 701 352
604 702 329
604 703 363
604 704 328
604 705 340
604 706 309
604 707 313
604 708 378
604 802 329
604 824 327
604 1277 328
604 1321 368
604 1322 314
604 1323 325
604 1324 388
605 751 335
606 2232 228
608 1111 263
609 1762 332
610 751 369
610 1762 377
610 2182 416
611 1649 327
611 2182 358
612 1987 330
612 2239 395
612 2591 349
614 2266 93
615 2490 352
616 1111 225
617 1649 378
617 2077 372
617 2587 394
618 2150 403
618 2320 405
618 1164 329
619 620 373
619 621 408
619 622 356
619 623 370
619 624 407
619 625 291
619 626 378
619 636 360
619 920 341
619 927 366
619 928 243
619 929 347
619 930 307
619 931 342
619 932 384
619 933 398
619 934 373
619 935 344
619 936 354
619 954 355
619 1138 390
619 1542 394
619 1548 382
619 1763 395
619 1839 386
619 1918 382
619 2055 313
619 2056 376
619 2057 296
619 2345 383
619 2372 356
619 2399 366
619 2507 341
619 2520 357
620 2321 369
621 2069 399
622 1017 312
623 2516 356
624 984 397
624 2239 427
625 1057 246
626 2500 373
627 2536 175
628 2077 317
628 2577 299
629 1583 312
629 1696 312
629 2136 169
630 2104 176
631 1762 373
632 2408 309
634 2327 337
635 1782 183
635 2118 185
635 2431 298
636 1740 347
637 751 322
637 1351 354
638 2604 308
639 751 312
639 780 321
640 1937 257
641 1111 281
641 751 311
642 751 352
642 1516 263
642 1807 409
643 2336 196
644 1470 387
646 2614 325
647 2276 333
648 751 307
648 1111 277
649 751 274
650 2144 229
651 2077 340
652 751 317
653 1057 278
654 1960 212
655 1104 431
656 1111 322
657 751 281
658 1111 332
658 1488 351
658 751 363
658 2207 324
659 1960 203
659 751 283
660 2524 116
661 751 306
661 1649 323
662 1649 454
663 1649 272
665 1297 347
665 751 334
665 2408 312
665 1987 319
666 751 351
666 1987 336
666 2214 321
666 2241 378
667 1987 354
667 2512 402
669 751 275
670 751 325
670 1649 341
672 2349 320
672 2408 293
673 1762 355
674 1164 344
674 751 396
674 1541 406
674 1649 413
674 1762 404
674 2182 443
674 2408 374
674 2512 429
674 2476 315
675 2408 274
676 1657 225
677 1649 320
678 679 183
678 680 160
678 681 155
678 682 127
679 2575 179
681 2266 135
682 2266 108
683 684 254
683 685 209
683 686 167
683 687 287
683 688 179
683 689 257
683 690 235
683 691 199
683 692 251
683 693 240
683 694 260
683 695 269
685 1006 266
686 2604 220
687 1219 359
687 1915 390
687 2500 386
687 2628 360
689 838 380
690 1915 338
691 2600 211
693 2526 358
694 2567 363
695 1459 340
696 1977 357
696 2526 393
696 2575 256
698 2003 331
700 773 342
700 1375 375
701 2539 345
701 2218 363
702 2536 265
703 887 273
704 1987 293
704 2408 286
704 2539 321
708 1915 387
708 751 358
708 1987 343
708 2539 371
709 710 362
709 711 379
709 712 354
709 713 317
709 714 371
709 715 290
709 716 351
709 717 315
709 718 229
709 719 332
709 720 309
709 721 325
710 2291 400
710 2436 362
711 1583 386
711 1104 409
712 2587 394
713 2424 374
714 2568 361
715 780 307
715 2136 152
716 887 287
718 2447 224
719 1634 306
720 870 299
724 2408 289
725 887 251
726 751 348
727 2291 413
728 751 287
729 1035 402
731 2521 366
732 887 143
733 2069 371
734 1164 278
735 751 383
735 1696 383
736 780 373
737 887 262
738 1716 68
739 1017 315
740 2087 26
741 1219 356
741 1357 383
741 838 408
741 1871 364
742 1219 298
742 2193 295
743 1006 249
744 1807 419
744 2239 411
745 2620 275
746 2543 181
747 2214 206
748 2369 400
748 2567 409
748 2634 383
749 2479 161
750 2447 351
751 1960 305
751 1987 370
751 2104 337
751 2327 390
751 752 310
751 753 319
751 754 304
751 755 318
751 756 358
751 757 304
751 758 298
751 759 344
751 760 290
751 761 338
751 762 320
751 763 316
751 764 301
751 765 339
751 766 303
751 767 332
751 768 298
751 769 285
751 770 267
751 771 331
751 772 292
751 785 240
751 799 302
751 800 324
751 801 261
751 807 283
751 808 298
751 809 303
751 813 317
751 814 293
751 815 284
751 822 292
751 827 356
751 832 278
751 833 341
751 834 260
751 835 268
751 884 285
751 938 321
751 941 326
751 959 349
751 979 362
751 1087 326
751 1112 337
751 1113 278
751 1121 272
751 1125 313
751 1127 281
751 1170 308
751 1230 322
751 1231 300
751 1232 287
751 1233 271
751 1234 302
751 1235 309
751 1236 325
751 1237 264
751 1238 284
751 1239 265
751 1247 331
751 1266 283
751 1271 305
751 1273 310
751 1274 331
751 1282 330
751 1287 252
751 1313 314
751 1324 368
751 1337 327
751 1338 260
751 1339 286
751 1340 296
751 1341 278
751 1342 338
751 1343 283
751 1363 384
751 1397 335
751 1398 305
751 1399 332
751 1400 319
751 1401 274
751 1402 332
751 1403 271
751 1404 198
751 1405 278
751 1406 258
751 1407 295
751 1408 275
751 1409 286
751 1410 299
751 1411 308
751 1412 329
751 1413 275
751 1414 287
751 1415 291
751 1526 326
751 1579 366
751 1606 325
751 1609 325
751 1610 294
751 1652 308
751 1662 284
751 1681 265
751 1805 419
751 1848 348
751 1963 308
751 1964 271
751 1967 303
751 1968 283
751 1969 306
751 1991 314
751 1994 292
751 1996 287
751 1997 337
751 1998 306
751 2000 352
751 2001 319
751 2002 292
751 2011 325
751 2012 310
751 2013 260
751 2014 308
751 2015 306
751 2016 356
751 2031 259
751 2054 326
751 2090 369
751 2091 321
751 2103 213
751 2105 353
751 2106 256
751 2107 294
751 2110 290
751 2128 278
751 2129 307
751 2155 299
751 2162 366
751 2163 317
751 2164 295
751 2165 294
751 2175 249
751 2176 315
751 2177 300
751 2234 290
751 2235 308
751 2236 310
751 2237 309
751 2275 276
751 2283 286
751 2329 337
751 2432 322
751 2470 316
751 2525 274
751 2542 308
751 2554 343
752 2380 304
754 2193 299
755 2514 199
756 1326 357
756 1987 343
757 1960 224
757 1987 289
757 2104 256
757 2408 282
758 2077 309
758 2548 176
759 2276 351
760 1831 276
761 1987 323
761 2539 351
763 1807 374
764 1987 286
765 1111 308
765 2424 388
765 2539 351
766 2077 313
767 2207 294
768 1831 284
769 1649 301
770 1412 211
771 2182 378
772 1111 262
772 1987 277
773 774 332
773 775 287
773 776 330
773 777 313
773 778 361
774 1855 307
775 2111 268
777 1667 334
778 2224 401
778 2567 396
779 780 348
779 1649 355
780 781 322
780 782 266
780 783 310
780 784 291
780 785 250
780 786 249
780 787 384
780 788 315
780 789 259
780 790 316
780 791 369
780 792 319
780 793 317
780 794 295
780 795 344
780 796 339
780 797 367
780 798 255
780 827 366
780 924 313
780 939 338
780 1048 399
780 1050 356
780 1062 334
780 1078 306
780 1121 282
780 1244 322
780 1245 271
780 1246 295
780 1247 341
780 1248 369
780 1249 313
780 1250 309
780 1251 351
780 1252 272
780 1253 349
780 1254 243
780 1255 402
780 1256 338
780 1257 331
780 1379 303
780 1569 339
780 1710 268
780 1793 303
780 2004 360
780 2057 277
780 2061 325
780 2101 310
780 2192 351
781 1657 246
781 2363 301
781 2415 267
781 2611 318
782 2281 211
782 2506 195
784 1740 297
784 2281 236
784 2611 286
787 1510 383
787 2069 395
788 2327 310
789 2349 254
790 2349 311
791 2150 381
793 1928 252
795 2077 344
796 2276 335
797 1459 354
797 2448 348
798 896 199
799 1111 271
799 1831 288
799 2104 254
803 2514 90
804 2404 225
805 1412 235
806 2514 156
807 1960 203
807 2339 227
810 2512 359
811 2136 185
811 1981 297
811 2548 207
812 2327 304
813 1111 287
814 1960 213
814 2253 123
814 2327 298
816 1738 42
817 2259 256
817 2539 302
818 2270 275
819 2270 144
820 2621 397
821 822 273
821 823 332
821 824 287
821 825 212
821 826 274
821 827 337
822 1111 262
823 2558 351
825 1510 240
826 1977 301
826 2136 149
826 2186 258
827 916 352
827 1057 340
827 2380 350
827 2232 339
828 829 196
828 2186 257
829 2182 336
829 830 171
829 831 117
829 832 182
829 833 245
829 834 164
829 835 172
829 836 157
829 837 179
830 1583 267
832 1516 189
833 887 271
833 2310 358
834 1111 230
836 1412 197
837 2336 224
838 839 402
838 840 410
838 841 279
838 842 299
838 843 344
838 844 298
838 845 389
838 846 405
838 847 376
838 848 424
838 849 399
838 979 410
838 1043 389
838 1049 405
838 1207 407
838 1229 357
838 1296 409
838 1391 403
838 1445 377
838 1446 387
838 1447 358
838 1508 385
838 1619 399
838 1642 389
838 1643 429
838 1644 404
838 1645 434
838 1646 406
838 1647 391
838 1648 359
838 1884 384
838 1974 422
838 2170 393
838 2228 404
838 2229 365
838 2230 433
838 2231 409
839 1563 361
839 2448 344
840 850 331
840 1057 346
840 1208 348
840 2533 337
842 1005 68
842 2339 194
843 2095 294
844 2416 300
845 1667 356
846 870 340
846 2608 373
847 896 281
847 2069 348
848 1563 383
848 1807 433
848 2516 391
849 1208 336
850 1634 322
850 1855 323
850 1150 325
850 2302 369
850 851 317
850 852 214
850 853 201
850 854 343
850 855 288
850 856 286
850 857 263
850 858 285
850 859 269
850 860 256
851 1923 345
851 2476 267
851 1104 371
852 896 198
853 2259 198
854 1977 381
854 2111 349
854 2567 402
855 1057 303
855 1563 326
855 2424 368
856 2539 330
857 1219 291
858 2448 307
859 1762 308
860 1871 291
860 2315 294
861 862 270
861 863 302
861 864 356
861 865 329
861 866 290
862 2241 324
865 2193 350
866 2144 280
866 2077 327
867 2593 156
868 2266 190
869 943 261
869 2104 235
869 2497 249
869 2580 260
870 871 362
870 872 291
870 873 290
870 874 225
870 875 273
870 876 300
870 877 297
870 878 301
870 879 357
870 880 214
870 881 261
870 882 356
871 887 308
871 1351 410
872 1730 321
873 2448 297
874 1740 258
875 1488 278
876 2396 320
878 1164 266
879 1365 402
880 2506 170
881 2284 147
882 1035 404
882 1357 397
882 1750 338
882 2239 422
883 1871 241
883 1150 207
884 2431 278
884 1696 285
885 2218 349
886 2207 212
887 888 200
887 889 224
887 890 228
887 891 207
887 892 139
887 893 213
887 894 199
887 895 264
887 950 240
887 976 251
887 978 267
887 979 292
887 980 210
887 981 203
887 982 256
887 983 312
887 1080 166
887 1197 299
887 1243 242
887 1417 286
887 1419 199
887 1477 261
887 1483 270
887 1559 284
887 1579 295
887 1590 263
887 1619 280
887 1712 259
887 1733 217
887 1846 211
887 1878 213
887 1895 292
887 2021 200
887 2084 170
887 2091 251
887 2122 274
887 2123 167
887 2124 134
887 2208 236
887 2290 263
887 2307 298
887 2376 181
887 2411 276
887 2454 266
887 2531 203
887 2602 128
888 2207 232
889 896 248
890 1700 281
891 2479 211
893 1164 232
894 943 248
895 1326 333
896 897 261
896 898 318
896 899 268
896 900 208
896 901 251
896 902 249
896 903 263
896 904 276
896 905 282
896 906 302
896 907 175
896 908 165
896 909 278
896 910 270
896 911 269
896 912 273
896 913 155
896 914 231
896 915 320
896 934 297
896 968 311
896 982 280
896 996 231
896 1033 290
896 1138 314
896 1190 230
896 1191 284
896 1192 253
896 1193 311
896 1194 176
896 1195 270
896 1196 215
896 1197 323
896 1198 218
896 1199 164
896 1200 239
896 1201 305
896 1202 205
896 1203 251
896 1204 310
896 1205 280
896 1206 287
896 1207 313
896 1217 258
896 1311 264
896 1352 318
896 1362 304
896 1393 266
896 1480 271
896 1529 247
896 1554 312
896 1564 236
896 1588 232
896 1607 292
896 1718 269
896 1763 319
896 1765 243
896 1804 226
896 2020 292
896 2094 241
896 2247 280
896 2248 280
896 2249 279
896 2250 219
896 2251 331
896 2252 192
896 2361 282
896 2368 238
897 1583 307
898 2438 370
898 2567 393
899 2186 279
900 1164 203
901 1740 314
901 1696 297
901 1164 245
902 1164 243
903 1326 308
903 1556 305
903 2093 160
904 2336 272
905 992 300
906 965 354
906 1556 344
906 2616 325
907 1057 206
908 1696 211
909 1556 320
909 2487 229
910 2581 285
911 1104 338
913 1583 201
914 1150 248
914 2259 244
915 1807 424
915 1871 371
915 2583 379
916 917 307
916 918 339
916 919 333
916 920 308
916 921 333
916 922 321
916 923 326
916 924 300
916 925 333
916 926 273
917 2320 334
918 1583 342
919 2232 320
920 1667 327
920 1762 319
921 1807 394
921 2104 289
921 2551 259
922 1459 321
923 2496 337
925 1563 344
926 965 282
926 2476 194
927 1150 308
927 2232 321
928 2539 227
929 1057 302
930 2182 325
931 1035 344
932 984 374
932 1541 364
932 2497 321
933 2589 380
934 1583 343
934 2627 308
935 1090 342
936 1563 333
936 2497 291
937 1297 328
940 2512 402
941 2576 335
942 998 363
942 1750 335
942 1987 354
943 944 326
943 945 226
943 946 317
943 947 295
943 948 244
943 949 304
943 950 289
943 951 316
943 952 303
943 953 312
943 954 305
943 955 302
943 956 286
943 957 351
943 958 249
943 959 327
943 960 298
943 961 302
943 962 307
943 963 301
943 964 263
944 2182 395
945 2104 199
946 1563 346
946 1667 354
946 2118 219
947 2327 321
948 1057 250
949 2582 313
951 2599 335
952 1634 292
953 984 352
955 2182 370
956 2062 235
957 965 378
958 1987 255
959 2077 359
959 2310 366
959 2551 272
959 2604 327
960 2331 362
961 1375 350
962 2062 256
963 2241 349
964 2172 250
965 966 377
965 967 372
965 968 363
965 969 370
965 970 377
965 971 339
965 972 372
965 973 373
965 974 344
965 975 303
965 976 327
965 977 369
966 2598 415
967 2320 391
969 992 336
970 1470 397
970 1488 359
971 1164 281
972 1488 354
973 2476 286
974 2207 300
975 1164 245
976 1057 306
977 2035 375
978 1510 347
979 1987 347
979 2564 332
980 2472 206
980 2476 198
980 2550 225
981 2259 240
982 1164 275
982 2627 291
983 2224 416
983 2536 338
983 2539 395
983 2564 352
983 2629 365
984 985 278
984 986 387
984 987 337
984 994 363
984 1207 378
984 1249 322
984 1300 292
984 1309 357
984 1325 311
984 1362 369
984 1372 391
984 1377 372
984 1448 321
984 1449 361
984 1450 378
984 1451 395
984 1452 370
984 1453 322
984 1454 358
984 1455 356
984 1456 336
984 1457 348
984 1458 380
984 1843 336
984 1844 330
984 1948 399
984 1949 302
984 1950 389
984 2167 372
984 2168 363
984 2169 369
984 2170 364
984 2171 387
985 1297 272
986 2239 418
986 2611 374
987 1730 332
987 2550 263
988 989 325
988 990 343
988 991 309
989 1667 349
990 2456 327
991 1831 304
992 993 328
992 994 316
992 995 347
992 996 249
992 997 290
993 1169 388
993 1150 327
993 1923 353
995 2172 341
996 1164 225
998 999 312
998 1000 333
998 1001 303
998 1002 335
998 1003 326
998 1004 368
999 1730 332
1000 1006 321
1002 2576 350
1003 2616 309
1004 2622 358
1006 1750 333
1006 1007 242
1006 1008 222
1006 1009 314
1006 1010 251
1006 1011 341
1006 1012 239
1006 1013 299
1006 1014 354
1006 1015 360
1006 1016 322
1006 1017 353
1006 1018 348
1006 1019 254
1006 1020 298
1006 1021 335
1006 1022 261
1006 1023 314
1006 1024 247
1006 1025 341
1006 1026 334
1006 1027 273
1006 1028 318
1006 1029 266
1006 1030 250
1006 1031 365
1006 1032 275
1006 1033 319
1006 1034 310
1007 2259 226
1008 2259 206
1009 1563 340
1010 2095 268
1011 1700 342
1012 1859 270
1013 2111 292
1014 1365 401
1016 1219 336
1016 1541 349
1016 1667 355
1016 1859 353
1016 1700 323
1017 1451 361
1017 1627 276
1017 1840 284
1018 1859 379
1018 2634 368
1019 2259 238
1020 1541 326
1021 1104 375
1021 1593 365
1021 1634 320
1021 1855 321
1021 1859 366
1021 1150 324
1021 2095 352
1021 2300 371
1021 1143 350
1021 2509 355
1021 2302 367
1022 1488 267
1023 1593 344
1023 1634 300
1024 1104 288
1025 2182 405
1025 2405 369
1026 1470 377
1027 1855 259
1027 1150 262
1028 1987 321
1029 1750 249
1030 1859 281
1031 1859 396
1031 2300 401
1031 2490 383
1031 2500 408
1031 2302 397
1032 1164 241
1033 1470 362
1033 2156 289
1034 1583 328
1035 1036 349
1035 1037 386
1035 1038 288
1035 1039 394
1035 1040 417
1035 1041 339
1035 1042 407
1035 1043 372
1035 1044 395
1035 1045 402
1035 1046 336
1035 1047 360
1035 1048 421
1035 1049 387
1035 1050 378
1035 1051 330
1035 1052 341
1035 1053 365
1035 1054 317
1035 1055 301
1035 1056 369
1036 1634 285
1037 1208 341
1037 2543 266
1037 2620 340
1038 2479 189
1039 1297 376
1041 1845 271
1042 1859 388
1042 2069 396
1044 1593 375
1044 2609 371
1045 1208 357
1045 2369 389
1046 1583 304
1047 1902 311
1048 1541 399
1048 1730 403
1048 1563 397
1048 1740 406
1048 2327 395
1048 2539 402
1048 2595 428
1051 2504 186
1051 2543 210
1054 1782 164
1055 1928 215
1056 1357 362
1056 2095 337
1056 2504 225
1057 1058 274
1057 1059 211
1057 1060 329
1057 1061 321
1057 1062 309
1057 1063 298
1057 1064 329
1057 1065 342
1057 1066 214
1057 1067 222
1057 1068 237
1057 1069 274
1057 1070 317
1057 1071 211
1057 1072 308
1057 1073 260
1057 1074 233
1057 1075 297
1057 1076 231
1057 1077 316
1057 1078 281
1057 1079 285
1057 1663 224
1057 1743 252
1057 1774 329
1057 1779 301
1057 2005 256
1057 2006 339
1057 2007 317
1057 2008 312
1058 2232 273
1059 1657 160
1060 2373 276
1060 2553 363
1061 2452 332
1062 1081 329
1063 2577 306
1064 1081 350
1065 2150 379
1066 1696 229
1067 1696 237
1068 2605 147
1070 1297 346
1070 1970 268
1071 1928 172
1072 1563 331
1072 1709 279
1074 1657 182
1075 1696 312
1075 1740 330
1075 2576 322
1076 1583 246
1077 1709 288
1077 2394 339
1077 2584 230
1078 1709 253
1078 2550 241
1079 2624 293
1080 2062 164
1081 1082 370
1081 1083 374
1081 1084 311
1081 1085 370
1081 1086 334
1081 1087 332
1081 1088 340
1081 1089 367
1082 1915 394
1083 2331 412
1084 2452 302
1085 1375 392
1086 2232 312
1087 2186 292
1087 2408 304
1088 2193 329
1089 2239 411
1090 1091 362
1090 1092 349
1090 1093 370
1090 1094 318
1090 1095 356
1090 1096 245
1091 1970 270
1092 2172 288
1092 2349 326
1093 2555 297
1094 1297 304
1095 2077 339
1095 2380 323
1096 2539 231
1097 1104 405
1097 1098 296
1097 1099 321
1097 1100 369
1097 1101 353
1097 1102 315
1097 1103 357
1097 1105 349
1098 1845 263
1099 2259 291
1100 2512 405
1100 2536 327
1101 2461 338
1103 1700 343
1104 1357 432
1104 1593 420
1104 2300 426
1104 1143 405
1104 2302 422
1104 1120 332
1104 1129 352
1104 1136 384
1104 1137 386
1104 1138 383
1104 1139 299
1104 1140 349
1104 1141 357
1104 1142 381
1104 1144 348
1104 1145 301
1104 1146 380
1104 1147 350
1104 1148 315
1104 1149 388
1104 1150 379
1104 1151 352
1104 1152 383
1104 1153 359
1104 1154 341
1104 1155 301
1104 1156 354
1104 1157 350
1104 1158 353
1104 1159 307
1104 1160 362
1104 1161 328
1104 1162 344
1104 1163 294
1104 1363 406
1104 1440 360
1104 1461 341
1104 1579 388
1104 1629 417
1104 1721 341
1104 1849 337
1104 1892 364
1104 1914 266
1104 2067 256
1104 2079 410
1104 2169 372
1104 2401 338
1104 2429 378
1104 2437 348
1105 1208 338
1106 1107 109
1106 1108 78
1106 1109 50
1106 1110 120
1107 1388 116
1109 2631 37
1110 2270 185
1111 1112 307
1111 1113 248
1111 1114 251
1111 1115 251
1111 1116 270
1111 1117 213
1111 1118 278
1111 1119 265
1111 1120 279
1111 1121 242
1111 1122 233
1111 1123 197
1111 1124 280
1111 1125 283
1111 1126 273
1111 1127 250
1111 1272 260
1111 1636 274
1111 1701 212
1111 1835 281
1111 1993 252
1111 2080 275
1111 2148 244
1111 2211 335
1111 2274 245
1111 2275 246
1111 2295 197
1111 2542 278
1111 2572 251
1112 1937 301
1112 1987 322
1112 1740 354
1112 2222 277
1112 2276 344
1114 2276 288
1114 2339 225
1115 1516 193
1115 2513 217
1116 1538 229
1116 2513 235
1117 2281 198
1119 1987 280
1121 2336 221
1121 1987 257
1122 2390 228
1123 1412 171
1125 1583 312
1126 2579 308
1128 2259 198
1129 1667 344
1129 1859 342
1129 2095 328
1129 1871 334
1129 2224 363
1130 1667 354
1130 2224 373
1132 1667 360
1132 2224 379
1132 2363 334
1132 2302 360
1133 2519 321
1133 2543 225
1133 2600 251
1134 2543 288
1134 2587 409
1135 1290 284
1135 1541 314
1135 1583 304
1136 1365 390
1136 2095 361
1137 1750 329
1137 2062 291
1137 2259 330
1138 2380 355
1140 2487 231
1140 1791 237
1143 1593 395
1143 1157 325
1143 1160 337
1143 1161 302
1143 1226 285
1143 1533 337
1143 1537 333
1143 1719 293
1143 1727 324
1143 1889 308
1143 2260 299
1143 2278 322
1143 2301 351
1143 2303 308
1143 2305 330
1143 2433 298
1144 1634 293
1144 2111 300
1145 1855 247
1146 2557 345
1147 2095 327
1147 2111 303
1148 2046 196
1149 1297 379
1149 1928 311
1149 2241 393
1149 2555 320
1150 1667 372
1150 1859 370
1150 2095 356
1150 1871 361
1150 2224 390
1150 1286 310
1150 1596 284
1150 1598 243
1150 1678 294
1150 1725 253
1150 1826 234
1150 1892 312
1150 1912 255
1150 1913 305
1150 1914 215
1151 1219 326
1153 1859 349
1153 2095 336
1153 1700 319
1154 1762 326
1155 2156 231
1156 1923 329
1157 1859 341
1157 2095 327
1158 1297 344
1159 1634 252
1160 1667 355
1160 1859 353
1160 2224 373
1160 2300 358
1161 1593 317
1162 1583 321
1163 2136 128
1163 2535 246
1164 1165 203
1164 1166 229
1164 1167 215
1164 1168 291
1164 1169 366
1164 1170 256
1164 1171 182
1164 1172 257
1164 1173 273
1164 1174 282
1164 1175 191
1164 1176 262
1164 1177 303
1164 1178 269
1164 1179 287
1164 1180 245
1164 1181 270
1164 1182 272
1164 1200 233
1164 1237 212
1164 1311 258
1164 1317 302
1164 1329 279
1164 1372 320
1164 1384 250
1164 1419 217
1164 1457 277
1164 1479 298
1164 1483 288
1164 1487 219
1164 1492 265
1164 1495 179
1164 1547 298
1164 1573 292
1164 1731 308
1164 1732 291
1164 1733 235
1164 1734 332
1164 1735 232
1164 1736 296
1164 1737 256
1164 1764 246
1164 1824 191
1164 1841 329
1164 1891 293
1164 1929 171
1164 1931 254
1164 1951 299
1164 1952 324
1164 1953 268
1164 1954 283
1164 2016 304
1164 2017 249
1164 2018 286
1164 2027 199
1164 2049 233
1164 2050 315
1164 2051 269
1164 2052 272
1164 2053 288
1164 2054 274
1164 2277 246
1164 2515 184
1165 2207 217
1166 1970 217
1167 1762 275
1168 1915 372
1169 1321 381
1169 1426 380
1169 1646 390
1169 1902 400
1169 1903 357
1169 1904 340
1169 1905 335
1169 1906 357
1169 1907 391
1169 1908 401
1169 1909 389
1171 1696 233
1172 1541 318
1173 2172 291
1174 1762 342
1175 2232 226
1176 1488 301
1176 2224 347
1176 2360 251
1177 2568 338
1178 1470 346
1179 1923 336
1179 1928 284
1180 1928 243
1181 1696 321
1182 2214 294
1183 1184 123
1183 1185 99
1183 1186 160
1183 1187 109
1183 1188 73
1183 1189 91
1184 2388 127
1185 2632 92
1186 2575 199
1188 2565 25
1189 2206 141
1190 2315 284
1191 1696 329
1192 1740 316
1192 2360 237
1193 1877 376
1193 2598 401
1194 1667 238
1195 1871 321
1195 2600 254
1196 2408 239
1198 2506 203
1199 2480 107
1200 2093 136
1201 1488 340
1201 1970 288
1201 2207 313
1201 2306 346
1202 1563 259
1203 1696 297
1204 1290 336
1204 1541 365
1204 1970 292
1204 2136 212
1204 2568 339
1205 1488 314
1205 2186 292
1205 2476 245
1207 2035 370
1208 1209 385
1208 1210 343
1208 1211 377
1208 1212 337
1208 1213 281
1208 1214 236
1208 1215 340
1208 1216 264
1208 1217 291
1208 1218 320
1209 2600 337
1210 1807 414
1212 2521 362
1214 2504 137
1215 1740 370
1215 1928 299
1215 2241 381
1216 1750 244
1217 1541 314
1218 2576 343
1219 1593 394
1219 1859 396
1219 2479 316
1219 1220 306
1219 1221 333
1219 1222 349
1219 1223 251
1219 1224 290
1219 1225 265
1219 1226 285
1219 1227 337
1219 1228 333
1219 1229 306
1220 1563 317
1221 2224 370
1223 1859 267
1224 1855 262
1225 2441 296
1226 1593 300
1227 2634 342
1228 1750 302
1228 1859 349
1228 2500 361
1230 2241 349
1231 1987 285
1232 1412 231
1233 1657 204
1233 2104 223
1233 2253 101
1234 1987 287
1236 2415 280
1237 1709 220
1237 2571 123
1237 2580 241
1238 1987 269
1239 1657 198
1240 2291 390
1241 1510 303
1242 2521 368
1243 1297 326
1243 1563 320
1243 2201 289
1244 2456 286
1245 1696 260
1246 1657 218
1247 2404 294
1247 1987 316
1248 2456 334
1250 2062 227
1251 1730 355
1251 2327 346
1252 2506 201
1254 2605 128
1255 2424 441
1256 1563 336
1258 1831 305
1259 1563 281
1260 2614 293
1261 2556 42
1262 2500 389
1263 2390 317
1264 1649 316
1265 2441 416
1265 1981 355
1265 2458 402
1266 1657 216
1267 2331 369
1268 1375 371
1268 1541 354
1268 1583 344
1268 1970 280
1268 2136 200
1268 2441 373
1268 2487 250
1269 2136 67
1270 2571 76
1271 1412 249
1272 2404 254
1273 1563 318
1273 1649 326
1273 1987 295
1273 2104 262
1273 2415 264
1275 1977 261
1276 1831 293
1278 2536 221
1279 1987 303
1279 2276 325
1281 1657 205
1283 1516 187
1283 1657 209
1284 2613 161
1285 1831 267
1286 1583 339
1286 2069 360
1286 2111 314
1286 2479 272
1288 2561 410
1289 1290 308
1289 2615 276
1290 1291 375
1290 1292 341
1290 1293 310
1290 1294 335
1290 1295 338
1290 1296 340
1291 2416 446
1292 1762 370
1292 1928 307
1292 2186 327
1293 2588 286
1294 1936 345
1294 2306 350
1294 2377 347
1294 2438 362
1295 1936 348
1297 1298 330
1297 1299 297
1297 1300 286
1297 1301 257
1297 1302 341
1297 1303 337
1297 1304 318
1297 1305 350
1297 1306 328
1297 1307 317
1297 1308 260
1297 1309 352
1297 1310 374
1297 1311 323
1297 1312 349
1297 1313 328
1297 1314 384
1297 1315 383
1297 1316 300
1297 1317 368
1297 1318 342
1297 1319 301
1297 1344 346
1297 1345 351
1297 1346 308
1297 1347 381
1297 1348 300
1297 1349 311
1297 1350 365
1298 2506 255
1299 1877 303
1299 2605 178
1301 2551 166
1302 1649 344
1302 2241 354
1303 1696 323
1303 2539 337
1304 2448 295
1306 2490 315
1307 1583 303
1307 1877 323
1308 2506 185
1309 2579 343
1310 1326 359
1310 1470 386
1310 2315 368
1310 2310 378
1310 2472 286
1311 1470 335
1311 2452 306
1311 2463 214
1312 1563 343
1313 1987 299
1313 1563 322
1314 2448 361
1314 1981 338
1314 2573 412
1315 1696 368
1315 2394 377
1315 2416 419
1316 2571 145
1316 2624 279
1318 2241 356
1319 2201 264
1320 2125 126
1322 1970 230
1322 2321 319
1324 1649 385
1324 1762 376
1324 2536 323
1326 2315 391
1326 1563 392
1326 1327 389
1326 1328 374
1326 1329 329
1326 1330 341
1326 1331 378
1326 1332 318
1326 1333 359
1326 1334 344
1326 1335 362
1326 1336 338
1328 2615 324
1330 1762 350
1330 1696 342
1331 2315 387
1333 1740 378
1333 1936 350
1334 2306 340
1334 2360 283
1334 2476 264
1335 2315 371
1336 2284 209
1337 1981 294
1337 1987 311
1338 2046 164
1339 1987 271
1340 1987 281
1341 1790 246
1341 1987 263
1341 1649 294
1342 2564 308
1343 2104 235
1344 2614 335
1344 2629 314
1345 1649 354
1345 2077 348
1346 2564 265
1347 1696 367
1347 2310 384
1347 2452 363
1347 2576 377
1348 1970 223
1349 2201 274
1350 1915 381
1350 2369 370
1351 1352 396
1351 1353 389
1351 1354 415
1351 1355 409
1352 1541 374
1353 1649 374
1354 2598 427
1355 1541 387
1356 1745 142
1356 2388 100
1357 1358 384
1357 1359 435
1357 1360 385
1357 1361 370
1357 1362 374
1357 1363 408
1359 1807 468
1360 1696 360
1361 2156 298
1363 1583 383
1363 1667 399
1363 2320 408
1364 2482 303
1365 1366 394
1365 1367 406
1365 1368 434
1365 1369 358
1365 1370 394
1365 1371 387
1365 1372 400
1365 1373 388
1365 1374 387
1367 1470 403
1369 1730 343
1370 1593 377
1370 1859 379
1370 2095 365
1371 2363 347
1372 2452 367
1373 2424 409
1375 1376 398
1375 1377 380
1375 1378 372
1375 1379 320
1375 1380 340
1375 1381 392
1375 1382 329
1375 1383 361
1375 1384 329
1375 1385 361
1375 1386 370
1375 1387 401
1376 1541 380
1378 1541 355
1378 1970 281
1379 1563 301
1380 1981 280
1381 2608 381
1382 2436 295
1383 1786 330
1386 2281 298
1387 1563 381
1387 1740 390
1387 2497 340
1387 2589 386
1388 1389 68
1390 2622 347
1392 1762 425
1394 2150 342
1395 1563 301
1396 1786 353
1397 2182 382
1398 2539 318
1399 1740 349
1400 2415 273
1400 1981 286
1401 2104 226
1401 1981 241
1402 1987 317
1403 2514 151
1403 1412 215
1404 2611 203
1405 1412 222
1405 2514 158
1406 2253 88
1406 1412 202
1407 1516 206
1407 1538 224
1407 1412 239
1408 1657 208
1409 1412 230
1410 2513 234
1411 2380 302
1412 1520 205
1412 1522 213
1412 1829 141
1412 1993 226
1412 2132 271
1412 2203 258
1412 2213 226
1412 2254 208
1412 2295 171
1412 2296 225
1412 2297 220
1412 2298 232
1413 1987 260
1414 1987 272
1415 1987 276
1416 2504 139
1418 1667 307
1418 2136 148
1420 2321 377
1421 2516 358
1423 2239 434
1424 2628 342
1425 2077 303
1425 2232 276
1427 1696 321
1428 2497 261
1429 2438 283
1430 2611 308
1431 1709 294
1431 2276 344
1431 2584 236
1434 1871 372
1434 2458 382
1435 2424 396
1436 2576 341
1437 2111 352
1437 2479 310
1438 2369 322
1439 1696 381
1441 1807 479
1442 1807 411
1442 2193 348
1442 2577 346
1446 2166 231
1446 2300 357
1446 2363 327
1448 1563 310
1449 1470 367
1450 1634 327
1450 2458 374
1452 2276 358
1453 2186 268
1454 2186 304
1455 2253 166
1457 1649 345
1458 2310 378
1459 1460 339
1459 1461 315
1459 1462 270
1459 1463 317
1459 1464 321
1459 1465 359
1459 1466 370
1459 1467 289
1459 1468 314
1460 2582 331
1462 2485 93
1463 2485 140
1464 2380 320
1466 2356 379
1467 1516 203
1468 2550 262
1469 2586 100
1470 1471 369
1470 1472 412
1470 1473 420
1470 1474 398
1470 1475 325
1470 1476 425
1470 1477 357
1470 1478 356
1470 1479 375
1470 1480 343
1470 1481 383
1470 1482 359
1470 1483 365
1470 1484 297
1470 1485 354
1470 1486 383
1470 1868 397
1470 2088 349
1470 2089 347
1470 2090 394
1470 2091 346
1470 2092 361
1471 2276 351
1472 2617 382
1474 2239 422
1475 2214 269
1477 1740 348
1478 1859 344
1478 2095 330
1479 1556 346
1479 1696 349
1479 2310 366
1479 2360 287
1479 2394 358
1479 2472 275
1479 2521 361
1481 2046 261
1481 2201 334
1481 2310 375
1482 2472 260
1484 1696 271
1484 2186 236
1485 2310 345
1485 2438 335
1486 1488 345
1487 1488 259
1487 2360 209
1488 1489 262
1488 1490 345
1488 1491 319
1488 1492 304
1488 1493 259
1488 1494 354
1488 1495 219
1488 1496 355
1488 1497 356
1488 1498 310
1488 1499 339
1490 2369 376
1491 2321 356
1492 2377 308
1493 2585 174
1494 1556 362
1494 1936 356
1494 2306 361
1496 2310 384
1496 2424 417
1496 2476 286
1497 1936 358
1498 2186 287
1498 2448 313
1499 1730 365
1500 2186 275
1501 1807 444
1501 2436 379
1502 2567 411
1503 2579 393
1504 2438 328
1505 2291 401
1506 2186 300
1507 1807 493
1508 2369 355
1509 1510 313
1510 1511 338
1510 1512 368
1510 1513 355
1510 1514 357
1510 1515 241
1511 2077 339
1512 2441 387
1514 2232 332
1516 1517 181
1516 1518 107
1516 1519 164
1516 1520 172
1516 1521 146
1516 1522 180
1516 1523 156
1516 1524 165
1517 1657 203
1518 1762 204
1519 1563 260
1524 2514 134
1525 2104 237
1527 2497 309
1527 2627 307
1528 2581 342
1530 1556 324
1531 1750 344
1532 2447 354
1533 2300 358
1533 2302 355
1534 1667 359
1534 1730 357
1535 1915 410
1536 2479 275
1536 2535 316
1536 2584 240
1536 2628 341
1537 1667 351
1537 2224 370
1537 2302 350
1538 1539 229
1538 1540 226
1539 2342 209
1540 1960 217
1541 1542 374
1541 1543 206
1541 1544 356
1541 1545 221
1541 1546 354
1541 1547 359
1541 1548 362
1541 1549 374
1541 1550 305
1541 1551 309
1541 1552 345
1541 1553 376
1541 1554 368
1541 1555 347
1542 2576 374
1543 1583 196
1544 1928 292
1544 2259 313
1545 1563 220
1546 1871 349
1546 2576 354
1547 2232 334
1548 2630 314
1549 2438 371
1550 1667 311
1551 1928 245
1552 2214 305
1552 2373 267
1552 2615 284
1553 2302 381
1554 2241 385
1554 2360 296
1554 2394 366
1555 1970 273
1555 2077 347
1555 2539 350
1556 1557 252
1556 1558 211
1556 1559 350
1556 1560 276
1556 1561 328
1556 1562 369
1557 2405 265
1558 2193 209
1559 2306 348
1559 2218 384
1560 1667 295
1561 2046 235
1562 1936 363
1562 2232 357
1563 1564 290
1563 1565 285
1563 1566 281
1563 1567 368
1563 1568 357
1563 1569 337
1563 1570 335
1563 1571 331
1563 1572 314
1563 1573 352
1563 1574 380
1563 1575 332
1563 1576 371
1563 1577 357
1563 1578 284
1563 1579 373
1563 1580 397
1563 1581 290
1563 1582 353
1563 1757 357
1563 1883 387
1563 1979 332
1563 2000 360
1563 2009 374
1563 2010 342
1563 2263 367
1563 2318 356
1563 2443 307
1563 2530 315
1563 2531 281
1563 2532 338
1566 1987 258
1567 1859 373
1568 2580 327
1570 2404 291
1571 1696 322
1572 2193 301
1572 2450 310
1573 2441 372
1574 1750 338
1574 2349 377
1574 2509 375
1574 2555 326
1574 2576 381
1574 2611 378
1574 2624 365
1575 2172 291
1575 2394 333
1576 1696 363
1576 2046 267
1576 2394 372
1576 2579 368
1577 2349 354
1577 2458 364
1577 2581 319
1577 2615 298
1578 2568 259
1579 1928 311
1579 2327 371
1580 2561 415
1582 2415 299
1583 1584 326
1583 1585 238
1583 1586 314
1583 1587 344
1583 1588 278
1583 1589 370
1583 1590 333
1583 1591 344
1583 1592 321
1584 2617 322
1586 1700 298
1589 2526 414
1590 1667 349
1590 1970 269
1590 2046 237
1590 2214 303
1591 2380 339
1591 2577 336
1592 2306 316
1593 1859 411
1593 1594 383
1593 1595 362
1593 1596 325
1593 1597 218
1593 1598 284
1593 1599 361
1593 1600 318
1593 1601 361
1593 1602 357
1593 1603 315
1593 1604 358
1593 1605 319
1594 2095 370
1594 1871 375
1594 2394 378
1594 2490 371
1595 1634 318
1595 2568 333
1596 1667 328
1596 2224 346
1597 1877 225
1599 1807 407
1599 2363 338
1600 2315 314
1604 2369 365
1604 2490 346
1605 2535 281
1606 1740 342
1607 2394 347
1608 1762 312
1609 1987 310
1611 1649 385
1611 1740 385
1612 2046 193
1613 2496 330
1614 1667 333
1614 2224 352
1615 2496 201
1616 2207 295
1617 2150 426
1618 1786 324
1619 1786 347
1620 1807 381
1621 1709 280
1622 2436 391
1623 1730 356
1624 2504 193
1625 2320 364
1628 2500 404
1628 2620 364
1629 1807 452
1629 2193 389
1629 2239 444
1629 2573 436
1631 2598 439
1632 1807 405
1633 1634 213
1633 2373 176
1634 1635 322
1634 1636 272
1634 1637 321
1634 1638 291
1634 1639 241
1634 1640 319
1634 1641 317
1635 2035 366
1636 1831 290
1636 2408 282
1636 1987 289
1637 1871 358
1638 2035 335
1639 1871 278
1640 2186 316
1641 1871 354
1641 2111 324
1642 1970 276
1643 2291 412
1645 1807 443
1645 2441 414
1647 2193 336
1648 2480 208
1649 1650 313
1649 1651 328
1649 1652 325
1649 1653 304
1649 1654 348
1649 1655 325
1649 1656 308
1649 1686 272
1649 1938 314
1649 1984 347
1649 1985 323
1649 1986 344
1649 2154 379
1649 2155 316
1651 2182 359
1652 2539 321
1653 2524 171
1654 2620 316
1655 2539 321
1656 1831 278
1657 1658 238
1657 1659 234
1657 1660 241
1657 1661 229
1657 1662 218
1657 1663 173
1657 1664 190
1657 1665 213
1657 1666 219
1657 1989 219
1658 2172 271
1658 2276 312
1660 2321 332
1661 1960 216
1661 1987 281
1661 2408 274
1663 2253 69
1664 1740 274
1665 2077 289
1666 1977 293
1667 2224 435
1667 2259 367
1667 1700 384
1667 1668 306
1667 1669 365
1667 1670 332
1667 1671 241
1667 1672 307
1667 1673 377
1667 1674 347
1667 1675 255
1667 1676 352
1667 1677 338
1667 1678 338
1667 1679 336
1667 1680 340
1667 1681 281
1667 1682 368
1667 1683 283
1667 1714 317
1667 1720 256
1667 2170 360
1668 1750 257
1669 2224 383
1669 2369 368
1670 2360 254
1673 1855 330
1673 1859 375
1673 2095 361
1673 2224 395
1673 2300 380
1673 2302 376
1674 1877 351
1675 1782 118
1675 2232 223
1676 2224 370
1677 1709 279
1677 2224 357
1678 2224 357
1679 1859 334
1679 1871 325
1680 1923 322
1680 2224 359
1682 2239 402
1683 2224 302
1684 2605 181
1685 2506 145
1687 1923 341
1688 1750 309
1688 2035 355
1689 2321 407
1690 2095 269
1691 1923 339
1692 2482 373
1694 2535 341
1694 2539 379
1694 2598 410
1695 1859 393
1696 1697 304
1696 1698 379
1696 1699 280
1696 1700 368
1696 1819 363
1696 1820 346
1696 1821 387
1696 1822 380
1696 1823 396
1696 1824 242
1696 1825 315
1696 1826 262
1696 1827 310
1696 1828 330
1696 1829 196
1696 1830 320
1696 1838 346
1696 1890 339
1696 1979 324
1696 2019 349
1696 2020 337
1696 2021 270
1696 2022 342
1696 2023 334
1696 2082 342
1696 2083 350
1696 2084 240
1696 2304 365
1696 2590 255
1697 2396 308
1698 2587 412
1699 2521 292
1700 1913 317
1700 2011 308
1700 2041 312
1700 2324 305
1700 2527 320
1700 2528 270
1700 2529 320
1701 2339 186
1702 2178 31
1703 2320 270
1704 1851 67
1705 2603 89
1706 2538 114
1707 2227 41
1708 2538 75
1709 1710 214
1709 1711 230
1709 1712 285
1709 1713 210
1709 1714 258
1709 1715 302
1711 2394 282
1711 2571 132
1713 2623 275
1715 2424 396
1716 1717 175
1717 2431 313
1718 2396 319
1719 1871 301
1719 2111 271
1721 1877 338
1722 2535 203
1723 2535 251
1724 2616 274
1725 2095 281
1726 1871 328
1726 2450 327
1727 2300 344
1727 2302 341
1728 2535 249
1729 2224 368
1730 1882 381
1730 1891 358
1730 1895 376
1730 1896 242
1731 2561 387
1732 1936 332
1732 2207 304
1734 2310 400
1735 1740 301
1736 2452 343
1737 2046 211
1737 2360 245
1738 1739 36
1740 1741 302
1740 1742 336
1740 1743 284
1740 1744 318
1740 1799 299
1740 1830 337
1740 1867 270
1740 2005 288
1740 2024 310
1740 2025 363
1740 2026 299
1740 2027 267
1740 2028 380
1740 2029 304
1740 2043 296
1740 2220 367
1740 2221 320
1740 2222 342
1740 2223 343
1741 2373 217
1742 2214 289
1744 2136 158
1745 1746 166
1745 1747 167
1745 1748 189
1745 1749 235
1746 1897 139
1747 2125 131
1748 1897 162
1750 1751 280
1750 1752 252
1750 1753 266
1750 1754 260
1750 1755 272
1750 1756 205
1750 1757 315
1750 1758 230
1750 1759 368
1750 1760 279
1750 1761 196
1751 1859 327
1752 2259 253
1752 2300 304
1753 2447 288
1755 2600 244
1757 2156 302
1757 2306 343
1757 2506 288
1758 2571 123
1760 2576 322
1761 1871 235
1762 1763 374
1762 1764 306
1762 1765 297
1762 1766 301
1762 1767 357
1762 1768 316
1762 1769 360
1762 1770 381
1762 1771 329
1762 1772 365
1763 2046 269
1763 2310 383
1766 2093 144
1767 2186 314
1768 2222 248
1769 2377 344
1770 2424 423
1771 2624 314
1772 2377 348
1773 2193 339
1775 2253 31
1776 2193 320
1777 2239 430
1778 2598 394
1781 1977 336
1782 2431 255
1782 1783 184
1782 1784 125
1782 1785 211
1783 2431 298
1784 2118 128
1785 2431 326
1786 1787 295
1786 1788 352
1786 1789 360
1787 1987 284
1787 2336 248
1788 2172 322
1788 2604 334
1789 1877 383
1790 1791 265
1790 1792 278
1790 1793 262
1790 1794 317
1790 1795 277
1790 1796 222
1790 1797 217
1790 1798 210
1790 1799 251
1792 2387 255
1793 2431 286
1794 2172 315
1794 2456 323
1794 2458 363
1794 2576 358
1794 2583 362
1795 2619 287
1796 2394 261
1796 2396 257
1797 2616 225
1800 1801 434
1800 1802 435
1800 1803 398
1801 1977 410
1802 2431 397
1803 1807 425
1806 2136 53
1807 2516 458
1807 1808 405
1807 1809 441
1807 1810 446
1807 1811 424
1807 1812 439
1807 1813 359
1807 1814 357
1807 1815 416
1807 1842 338
1807 1931 363
1807 1955 394
1807 1956 385
1807 1957 340
1807 1958 421
1807 1959 409
1807 2120 381
1807 2121 445
1808 2567 376
1809 2598 428
1810 2193 383
1810 2573 430
1811 2315 374
1811 2516 382
1812 2193 375
1814 2504 187
1815 1877 378
1816 2046 171
1818 2201 276
1819 2416 414
1819 2482 381
1820 2539 359
1821 2452 383
1822 1915 409
1823 2580 374
1824 2214 213
1825 2186 281
1827 2550 255
1828 2605 225
1830 2396 324
1831 1832 292
1831 1833 313
1831 1834 294
1831 1835 298
1831 1836 285
1833 2390 290
1834 2336 257
1834 2625 250
1835 1987 296
1836 2206 216
1837 2193 310
1841 1936 370
1841 2239 430
1841 2377 371
1841 2587 413
1842 2543 192
1843 2546 231
1845 2120 287
1845 2372 291
1845 2406 293
1845 2423 331
1845 2518 214
1847 2448 372
1847 2557 369
1847 1902 364
1848 2535 322
1848 2539 360
1850 2546 174
1851 1852 73
1851 1853 38
1854 2062 180
1855 1859 367
1855 1856 313
1855 1857 321
1855 1858 336
1856 2404 308
1857 2111 328
1858 2349 372
1859 1869 346
1859 1874 345
1859 1886 391
1859 1887 322
1859 1888 381
1859 1889 323
1859 1890 353
1859 1891 358
1859 1892 355
1859 1893 399
1860 2472 251
1860 2576 335
1861 2568 347
1862 2349 294
1863 2077 292
1864 2582 358
1864 2624 363
1865 2327 363
1865 2394 366
1866 2095 374
1869 2232 317
1869 2576 342
1870 2291 425
1870 2321 418
1870 2526 437
1871 1872 305
1871 1873 378
1871 1874 336
1871 1875 231
1871 1876 250
1871 1887 313
1871 1912 289
1871 2096 344
1871 2097 364
1871 2098 389
1871 2099 366
1871 2100 349
1871 2101 305
1871 2102 373
1872 2136 156
1873 2589 386
1875 2111 201
1876 2363 233
1877 1878 302
1877 1879 395
1877 1880 344
1877 1881 373
1877 1882 387
1877 1883 399
1877 1884 355
1877 1885 381
1877 2169 369
1877 2289 331
1879 2450 379
1880 2516 340
1881 2487 259
1886 2320 402
1888 2349 373
1891 2224 379
1891 2539 357
1892 2095 341
1893 2291 417
1893 2519 393
1893 2595 424
1894 2569 88
1895 2306 356
1895 2315 369
1895 2232 345
1896 2077 239
1897 1898 98
1897 1899 146
1897 1900 102
1897 1901 127
1899 2593 130
1901 2178 65
1902 2601 327
1903 2580 302
1904 1960 228
1904 2336 257
1905 1928 248
1906 1915 353
1907 2349 364
1908 2482 386
1910 2227 39
1911 2125 102
1911 2227 52
1911 2593 93
1914 2224 278
1915 1916 363
1915 1917 401
1915 1918 382
1915 1919 374
1915 1920 368
1915 1921 376
1915 1922 383
1916 2321 358
1917 2583 385
1919 2035 356
1920 2456 314
1921 2576 356
1922 2516 370
1923 1924 377
1923 1925 374
1923 1926 320
1924 2595 418
1925 2241 404
1926 2156 275
1927 1928 200
1927 2232 239
1928 1929 168
1928 1930 190
1928 1931 251
1928 1932 222
1928 1933 169
1928 1934 169
1928 1935 304
1931 2201 283
1931 2373 238
1931 2506 245
1931 2611 312
1932 2214 246
1935 2561 385
1937 1938 260
1937 1939 254
1937 1940 292
1937 1941 240
1937 1942 268
1937 1943 284
1937 1944 173
1937 1945 262
1937 1946 299
1939 2336 240
1940 2539 341
1940 2629 311
1941 1977 284
1943 1981 288
1944 2336 159
1946 2564 306
1947 1977 301
1948 2526 424
1949 2222 223
1950 2369 389
1950 2193 364
1951 2310 368
1952 2561 402
1952 2604 355
1953 2377 311
1954 2369 353
1955 2436 329
1956 2521 339
1957 2193 276
1957 2441 311
1957 2447 270
1958 2516 379
1959 2509 354
1960 1961 215
1960 1962 194
1960 1963 228
1960 1964 191
1960 1965 158
1960 1966 225
1960 1967 223
1960 1968 203
1960 1969 226
1961 1987 280
1962 2415 229
1963 1987 293
1966 1987 290
1967 1987 288
1969 1987 291
1970 1971 247
1970 1972 216
1970 1973 233
1970 1974 309
1970 1975 263
1970 1976 306
1971 2093 163
1971 2472 237
1971 2476 230
1972 2500 306
1973 2377 288
1974 2441 402
1974 2558 373
1975 2306 321
1976 2628 369
1977 1978 233
1977 1979 332
1977 1980 268
1977 1981 360
1977 1982 329
1977 1983 306
1977 2042 353
1977 2085 345
1977 2086 300
1978 2390 190
1979 2186 290
1979 2476 243
1980 2300 279
1980 2390 225
1981 2390 317
1981 2433 268
1982 2405 332
1983 1987 283
1984 2553 348
1986 2408 305
1986 2276 334
1987 1988 298
1987 1989 271
1987 1990 389
1987 1991 299
1987 1992 289
1987 1993 267
1987 1994 277
1987 1995 281
1987 1996 272
1987 1997 322
1987 1998 291
1987 1999 237
1987 2000 337
1987 2001 304
1987 2002 277
1987 2012 295
1987 2107 279
1987 2164 280
1987 2175 234
1987 2176 300
1987 2234 275
1987 2236 295
1987 2237 294
1987 2403 305
1987 2470 301
1987 2471 289
1987 2478 313
1988 2582 301
1990 2238 435
1991 2104 266
1992 2327 309
1995 2327 301
1997 2599 335
1997 2408 315
1999 2104 204
2000 2104 305
2000 2315 360
2001 2241 346
2003 2004 321
2004 2595 388
2006 2356 359
2006 2452 350
2007 2186 297
2007 2597 275
2008 2394 336
2009 2424 416
2010 2599 332
2014 2513 243
2015 2408 283
2016 2104 308
2016 2512 388
2017 2535 275
2018 2306 333
2019 2553 368
2020 2377 329
2020 2310 355
2020 2581 307
2022 2207 305
2022 2627 307
2023 2349 339
2023 2377 326
2023 2310 352
2023 2480 232
2024 2556 129
2024 2560 287
2025 2104 299
2025 2214 316
2025 2218 377
2027 2546 165
2028 2452 358
2029 2613 183
2030 2388 79
2032 2482 340
2034 2111 206
2035 2036 287
2035 2037 231
2035 2038 392
2035 2039 364
2035 2040 354
2035 2041 340
2035 2042 357
2035 2043 290
2039 2519 360
2040 2377 334
2041 2519 336
2042 2576 354
2043 2360 217
2043 2377 270
2044 2232 372
2045 2436 332
2046 2047 121
2046 2048 237
2047 2186 182
2048 2450 337
2049 2383 147
2050 2452 363
2051 2224 355
2051 2463 225
2052 2104 276
2052 2582 312
2053 2356 345
2054 2310 343
2055 2172 250
2056 2276 353
2058 2239 373
2059 2582 345
2060 2390 207
2062 2063 159
2062 2374 219
2062 2499 223
2064 2573 341
2065 2069 352
2066 2259 253
2068 2360 238
2069 2070 373
2069 2071 337
2069 2072 262
2069 2073 398
2069 2074 412
2069 2075 385
2069 2076 378
2070 2509 354
2071 2300 335
2073 2144 341
2073 2611 383
2073 2633 364
2075 2633 351
2076 2172 324
2077 2078 372
2077 2079 398
2077 2080 315
2077 2081 306
2077 2105 363
2077 2128 288
2077 2129 317
2077 2130 350
2077 2131 285
2077 2132 337
2077 2133 371
2077 2134 381
2077 2464 239
2077 2465 325
2078 2587 394
2079 2441 416
2079 2612 342
2082 2144 306
2082 2512 375
2083 2629 333
2085 2458 352
2086 2104 245
2089 2408 300
2089 2539 335
2090 2458 384
2091 2104 273
2092 2360 274
2093 2094 138
2094 2186 252
2096 2111 315
2097 2627 323
2098 2634 386
2099 2321 386
2100 2111 319
2101 2480 197
2102 2315 376
2102 2327 374
2102 2599 367
2103 2241 240
2104 2105 305
2104 2106 208
2104 2107 246
2104 2108 154
2104 2109 266
2104 2110 242
2105 2567 382
2108 2336 151
2109 2431 306
2111 2535 334
2111 2112 290
2111 2113 304
2111 2114 267
2111 2115 338
2111 2116 328
2111 2117 292
2112 2533 290
2113 2535 303
2114 2535 266
2116 2617 349
2117 2302 331
2118 2119 130
2121 2193 382
2121 2450 391
2122 2306 339
2123 2306 232
2125 2126 75
2125 2127 106
2126 2538 66
2127 2569 105
2130 2521 351
2132 2619 305
2133 2186 326
2133 2557 348
2134 2589 383
2135 2227 37
2136 2137 130
2136 2138 171
2136 2139 193
2136 2140 171
2136 2141 215
2136 2142 141
2138 2546 229
2139 2622 321
2140 2241 342
2140 2456 290
2140 2458 330
2140 2487 221
2142 2480 183
2142 2581 255
2143 2144 293
2143 2276 336
2144 2145 254
2144 2146 270
2144 2147 277
2144 2148 238
2145 2441 319
2146 2193 300
2146 2400 241
2147 2380 308
2149 2284 116
2149 2360 184
2150 2151 386
2150 2152 384
2150 2153 366
2151 2496 371
2152 2276 369
2153 2331 387
2153 2566 235
2154 2182 409
2155 2539 312
2156 2157 288
2156 2158 298
2156 2159 277
2156 2160 245
2158 2535 319
2159 2224 358
2159 2463 228
2160 2193 286
2161 2574 120
2162 2512 399
2163 2614 320
2164 2222 235
2164 2551 218
2165 2514 174
2167 2583 366
2168 2416 394
2171 2598 412
2172 2173 287
2172 2174 273
2173 2447 309
2174 2207 268
2177 2614 303
2178 2179 39
2178 2180 22
2178 2181 67
2179 2538 83
2180 2538 66
2181 2538 112
2182 2183 379
2182 2184 376
2183 2604 311
2184 2321 354
2185 2493 69
2186 2187 266
2186 2188 303
2186 2189 306
2186 2190 276
2186 2191 270
2186 2287 321
2186 2288 194
2186 2289 276
2186 2290 298
2187 2539 314
2188 2380 333
2189 2232 324
2189 2373 272
2189 2480 238
2189 2579 345
2190 2548 189
2191 2321 329
2192 2458 356
2193 2194 333
2193 2195 324
2193 2196 251
2193 2197 342
2193 2198 240
2193 2199 303
2193 2242 318
2193 2322 327
2193 2389 363
2194 2363 327
2195 2291 362
2196 2567 286
2197 2424 397
2198 2606 99
2199 2369 328
2200 2553 378
2201 2202 317
2201 2203 290
2201 2204 264
2201 2205 293
2202 2519 347
2204 2576 297
2205 2405 327
2207 2627 311
2207 2208 268
2207 2209 290
2209 2377 319
2210 2266 114
2212 2339 206
2214 2215 320
2214 2216 311
2214 2217 321
2214 2218 385
2215 2560 345
2216 2291 373
2217 2241 379
2217 2629 334
2218 2323 403
2218 2389 399
2218 2481 239
2218 2544 412
2218 2545 417
2219 2425 39
2220 2239 400
2221 2482 321
2222 2352 195
2222 2465 255
2222 2522 225
2222 2523 186
2223 2553 344
2224 2225 338
2224 2226 314
2226 2405 290
2228 2310 373
2229 2320 341
2229 2363 305
2229 2546 231
2230 2416 435
2231 2519 368
2232 2233 300
2232 2453 216
2232 2454 320
2232 2455 318
2233 2259 282
2235 2604 287
2239 2240 411
2240 2396 365
2241 2242 351
2241 2243 351
2241 2244 337
2242 2600 262
2243 2482 342
2244 2472 235
2245 2622 336
2246 2336 297
2247 2627 291
2248 2506 265
2248 2516 342
2249 2579 329
2250 2493 119
2250 2571 124
2251 2533 353
2251 2584 275
2252 2396 242
2253 2254 94
2253 2255 125
2253 2256 38
2253 2257 79
2255 2331 337
2256 2514 89
2257 2394 258
2258 2631 48
2259 2260 268
2259 2261 267
2260 2302 316
2261 2436 294
2262 2605 161
2263 2300 378
2263 2480 257
2264 2625 262
2265 2415 201
2266 2267 163
2266 2268 228
2266 2269 144
2268 2586 190
2270 2271 222
2270 2272 226
2270 2273 132
2271 2461 300
2272 2438 328
2274 2550 220
2276 2277 304
2276 2278 331
2276 2279 337
2276 2280 342
2276 2540 341
2276 2541 337
2276 2542 314
2279 2404 294
2279 2415 285
2280 2516 351
2281 2282 242
2281 2283 241
2282 2456 262
2282 2472 213
2282 2476 206
2284 2285 191
2284 2286 269
2285 2627 286
2286 2315 407
2287 2321 381
2287 2598 400
2288 2396 233
2291 2292 359
2291 2293 402
2291 2294 391
2292 2550 272
2293 2441 399
2293 2447 359
2294 2579 364
2296 2577 273
2297 2513 211
2298 2533 263
2299 2300 377
2299 2306 354
2300 2302 418
2300 2301 372
2300 2303 328
2300 2304 383
2300 2305 351
2301 2302 368
2302 2305 347
2304 2579 370
2305 2500 357
2306 2307 363
2306 2308 374
2306 2309 348
2308 2331 423
2308 2400 315
2309 2576 363
2310 2311 289
2310 2312 358
2310 2313 370
2310 2314 362
2310 2375 366
2310 2434 319
2310 2435 346
2311 2504 160
2312 2394 350
2313 2394 361
2314 2377 336
2315 2497 359
2315 2316 421
2315 2317 345
2315 2318 356
2315 2319 378
2316 2485 233
2319 2579 376
2321 2322 357
2321 2323 398
2321 2324 346
2321 2422 409
2321 2477 369
2321 2478 353
2325 2326 365
2327 2328 377
2327 2329 342
2327 2330 345
2328 2577 364
2328 2633 358
2329 2629 319
2330 2441 368
2331 2332 417
2331 2333 377
2331 2334 435
2331 2335 404
2333 2496 342
2334 2452 388
2335 2447 349
2336 2337 220
2336 2338 232
2336 2339 278
2336 2340 210
2336 2341 208
2337 2339 215
2338 2533 259
2339 2341 203
2339 2393 229
2339 2418 299
2343 2579 354
2344 2576 358
2346 2567 402
2347 2450 262
2348 2349 285
2349 2350 345
2349 2351 357
2349 2352 259
2349 2353 311
2349 2354 272
2350 2450 344
2351 2424 402
2352 2551 177
2353 2380 301
2353 2506 246
2354 2624 260
2355 2436 336
2356 2357 336
2356 2358 383
2356 2359 378
2357 2628 330
2359 2553 391
2360 2361 266
2360 2362 197
2362 2472 184
2362 2476 177
2363 2364 360
2363 2365 341
2363 2366 342
2363 2367 235
2363 2368 273
2364 2369 390
2365 2573 394
2366 2576 363
2367 2400 181
2369 2370 391
2369 2371 355
2369 2372 345
2370 2583 385
2371 2405 346
2372 2504 214
2372 2591 330
2373 2374 223
2377 2378 291
2378 2560 293
2379 2461 309
2380 2381 269
2380 2382 297
2381 2608 290
2384 2385 288
2384 2607 147
2385 2386 348
2386 2607 206
2390 2391 284
2390 2392 326
2390 2393 249
2391 2614 323
2392 2424 411
2394 2395 301
2395 2480 191
2396 2397 388
2396 2398 386
2396 2399 340
2397 2447 372
2397 2561 411
2397 2577 376
2398 2568 365
2400 2401 251
2400 2402 134
2400 2403 255
2403 2415 275
2405 2406 339
2405 2407 328
2407 2582 306
2408 2409 247
2408 2410 290
2409 2504 157
2410 2539 325
2411 2628 346
2412 2526 448
2413 2450 372
2414 2553 307
2416 2417 441
2416 2418 406
2416 2419 425
2416 2420 267
2416 2421 367
2416 2422 435
2416 2423 417
2417 2526 435
2419 2461 356
2421 2606 170
2425 2426 26
2427 2494 107
2428 2599 339
2430 2431 336
2430 2619 322
2431 2432 314
2434 2543 213
2435 2599 328
2436 2437 318
2438 2439 339
2438 2440 373
2439 2616 310
2440 2448 357
2442 2535 249
2444 2629 274
2445 2526 389
2446 2567 434
2448 2449 262
2449 2562 135
2450 2451 303
2451 2567 328
2453 2480 130
2455 2581 304
2456 2457 290
2457 2560 309
2458 2459 397
2458 2460 345
2459 2588 338
2460 2521 341
2461 2462 302
2463 2487 194
2464 2551 152
2466 2595 430
2467 2496 402
2468 2567 315
2469 2479 192
2469 2509 261
2471 2560 298
2472 2473 134
2472 2474 172
2472 2475 247
2472 2476 229
2473 2476 127
2474 2476 165
2475 2476 240
2475 2630 283
2476 2515 155
2477 2627 308
2482 2483 325
2483 2567 336
2486 2574 193
2487 2488 203
2487 2489 198
2488 2560 291
2490 2491 377
2490 2492 314
2491 2521 388
2492 2524 196
2494 2495 185
2495 2625 239
2497 2498 269
2497 2499 262
2498 2630 264
2500 2501 365
2500 2502 361
2501 2580 318
2503 2616 253
2504 2507 200
2504 2508 125
2505 2533 337
2505 2617 357
2508 2626 50
2509 2510 384
2509 2511 274
2510 2576 391
2511 2583 284
2516 2517 340
2518 2600 188
2523 2605 140
2524 2525 157
2529 2550 281
2529 2558 336
2532 2604 309
2533 2534 249
2534 2605 168
2536 2537 196
2537 2566 131
2539 2572 294
2540 2629 317
2541 2614 334
2544 2598 425
2545 2573 428
2545 2611 393
2546 2547 175
2547 2611 267
2548 2549 126
2551 2552 209
2552 2630 248
2553 2554 361
2559 2613 221
2563 2604 310
2569 2570 156
2570 2621 285
2577 2578 306
2578 2599 312
2591 2592 374
2592 2624 364
2594 2595 387
2594 2611 355
2595 2596 375
2596 2616 314
2600 2601 282
2602 2626 12
2609 2610 386
2610 2620 363
2618 2632 174
