new_label original_label
1 0
2 1
3 2
4 3
5 4
6 5
7 6
8 7
9 8
10 9
11 10
12 12
13 13
14 14
15 15
16 16
17 17
18 18
19 19
20 20
21 21
22 22
23 23
24 24
25 25
26 26
27 27
28 28
29 29
30 30
31 31
32 32
33 33
34 34
35 35
36 36
37 37
38 38
39 39
40 40
41 41
42 42
43 43
44 44
45 45
46 46
47 47
48 48
49 49
50 50
51 67
52 68
53 69
54 70
55 71
56 72
57 73
58 74
59 75
60 76
61 77
62 78
63 79
64 80
65 110
66 137
67 138
68 139
69 140
70 141
71 142
72 144
73 145
74 146
75 147
76 148
77 149
78 150
79 151
80 152
81 153
82 154
83 155
84 156
85 157
86 158
87 159
88 160
89 161
90 162
91 163
92 164
93 165
94 166
95 167
96 168
97 169
98 170
99 171
100 172
101 173
102 174
103 175
104 176
105 177
106 217
107 218
108 219
109 221
110 222
111 223
112 224
113 225
114 226
115 227
116 228
117 229
118 230
119 231
120 232
121 233
122 234
123 235
124 236
125 237
126 274
127 275
128 276
129 277
130 278
131 279
132 280
133 281
134 282
135 283
136 284
137 285
138 286
139 287
140 288
141 289
142 290
143 291
144 293
145 294
146 295
147 296
148 297
149 298
150 299
151 300
152 301
153 343
154 344
155 345
156 346
157 347
158 348
159 349
160 350
161 351
162 352
163 353
164 354
165 355
166 356
167 357
168 359
169 360
170 361
171 362
172 363
173 364
174 365
175 366
176 367
177 368
178 369
179 370
180 371
181 372
182 373
183 374
184 375
185 376
186 377
187 378
188 379
189 380
190 381
191 382
192 383
193 384
194 385
195 386
196 387
197 388
198 389
199 390
200 391
201 392
202 393
203 394
204 395
205 396
206 397
207 398
208 399
209 400
210 401
211 403
212 404
213 405
214 406
215 438
216 486
217 487
218 488
219 489
220 490
221 491
222 492
223 493
224 494
225 495
226 496
227 497
228 498
229 499
230 500
231 501
232 502
233 503
234 504
235 505
236 506
237 507
238 508
239 509
240 510
241 511
242 512
243 513
244 514
245 515
246 516
247 517
248 518
249 519
250 520
251 521
252 522
253 523
254 524
255 525
256 526
257 527
258 528
259 529
260 530
261 531
262 532
263 533
264 534
265 535
266 536
267 537
268 538
269 539
270 540
271 541
272 542
273 543
274 544
275 545
276 546
277 547
278 548
279 549
280 550
281 551
282 552
283 553
284 554
285 555
286 556
287 557
288 558
289 559
290 560
291 561
292 562
293 563
294 564
295 565
296 566
297 567
298 568
299 569
300 571
301 572
302 573
303 575
304 576
305 577
306 578
307 579
308 580
309 581
310 582
311 583
312 584
313 585
314 586
315 599
316 600
317 601
318 602
319 603
320 604
321 605
322 606
323 609
324 622
325 648
326 649
327 650
328 651
329 652
330 653
331 654
332 655
333 656
334 657
335 658
336 659
337 660
338 661
339 662
340 663
341 664
342 665
343 666
344 667
345 668
346 669
347 670
348 671
349 672
350 673
351 674
352 675
353 676
354 677
355 678
356 679
357 680
358 681
359 682
360 683
361 684
362 685
363 686
364 687
365 688
366 690
367 691
368 692
369 693
370 694
371 697
372 698
373 699
374 700
375 701
376 702
377 703
378 704
379 705
380 706
381 707
382 708
383 709
384 710
385 711
386 712
387 713
388 714
389 715
390 716
391 717
392 718
393 719
394 720
395 721
396 722
397 723
398 724
399 757
400 758
401 759
402 760
403 761
404 762
405 763
406 764
407 765
408 766
409 767
410 768
411 769
412 770
413 771
414 772
415 773
416 774
417 775
418 776
419 777
420 778
421 779
422 780
423 781
424 782
425 783
426 784
427 785
428 786
429 787
430 788
431 789
432 790
433 791
434 792
435 793
436 794
437 796
438 797
439 798
440 799
441 800
442 801
443 802
444 803
445 804
446 805
447 806
448 807
449 808
450 809
451 810
452 811
453 812
454 813
455 814
456 815
457 816
458 817
459 843
460 847
461 848
462 849
463 850
464 851
465 852
466 853
467 854
468 855
469 856
470 857
471 858
472 859
473 860
474 861
475 862
476 863
477 864
478 865
479 866
480 867
481 868
482 869
483 870
484 871
485 872
486 873
487 874
488 875
489 876
490 877
491 878
492 879
493 880
494 881
495 882
496 883
497 884
498 885
499 886
500 887
501 888
502 889
503 890
504 891
505 892
506 893
507 894
508 895
509 896
510 897
511 898
512 899
513 900
514 901
515 902
516 903
517 904
518 905
519 906
520 907
521 908
522 909
523 910
524 911
525 912
526 913
527 914
528 915
529 916
530 917
531 918
532 919
533 920
534 921
535 922
536 924
537 926
538 927
539 928
540 929
541 930
542 931
543 932
544 933
545 934
546 943
547 944
548 945
549 946
550 947
551 949
552 950
553 951
554 952
555 953
556 954
557 955
558 957
559 958
560 959
561 960
562 961
563 962
564 963
565 964
566 965
567 967
568 968
569 969
570 970
571 971
572 972
573 973
574 974
575 975
576 976
577 977
578 978
579 979
580 980
581 981
582 982
583 983
584 984
585 1005
586 1006
587 1007
588 1008
589 1009
590 1010
591 1011
592 1012
593 1014
594 1015
595 1016
596 1017
597 1018
598 1019
599 1020
600 1021
601 1022
602 1023
603 1024
604 1025
605 1048
606 1049
607 1050
608 1051
609 1052
610 1053
611 1054
612 1055
613 1056
614 1057
615 1058
616 1059
617 1060
618 1061
619 1062
620 1063
621 1064
622 1065
623 1066
624 1067
625 1068
626 1069
627 1095
628 1096
629 1097
630 1098
631 1099
632 1100
633 1101
634 1102
635 1103
636 1104
637 1105
638 1106
639 1107
640 1108
641 1146
642 1147
643 1148
644 1149
645 1150
646 1151
647 1152
648 1153
649 1154
650 1155
651 1156
652 1157
653 1158
654 1159
655 1160
656 1161
657 1162
658 1163
659 1164
660 1165
661 1166
662 1167
663 1168
664 1169
665 1170
666 1171
667 1172
668 1173
669 1174
670 1175
671 1176
672 1177
673 1178
674 1192
675 1193
676 1194
677 1195
678 1196
679 1197
680 1198
681 1199
682 1200
683 1201
684 1209
685 1210
686 1211
687 1212
688 1213
689 1214
690 1215
691 1216
692 1217
693 1218
694 1219
695 1220
696 1221
697 1222
698 1223
699 1224
700 1225
701 1226
702 1227
703 1228
704 1229
705 1230
706 1231
707 1232
708 1233
709 1234
710 1235
711 1236
712 1237
713 1238
714 1239
715 1240
716 1241
717 1242
718 1244
719 1245
720 1247
721 1248
722 1250
723 1251
724 1252
725 1253
726 1254
727 1255
728 1256
729 1257
730 1258
731 1259
732 1261
733 1262
734 1263
735 1264
736 1265
737 1272
738 1273
739 1274
740 1275
741 1276
742 1277
743 1278
744 1279
745 1291
746 1292
747 1293
748 1294
749 1295
750 1296
751 1297
752 1298
753 1299
754 1300
755 1301
756 1302
757 1303
758 1304
759 1305
760 1306
761 1307
762 1308
763 1309
764 1310
765 1311
766 1312
767 1313
768 1314
769 1315
770 1316
771 1317
772 1327
773 1357
774 1358
775 1360
776 1361
777 1362
778 1363
779 1364
780 1365
781 1366
782 1367
783 1368
784 1369
785 1370
786 1371
787 1372
788 1373
789 1374
790 1375
791 1376
792 1377
793 1378
794 1379
795 1380
796 1381
797 1382
798 1383
799 1384
800 1385
801 1386
802 1387
803 1388
804 1389
805 1390
806 1391
807 1392
808 1393
809 1394
810 1395
811 1396
812 1397
813 1400
814 1401
815 1402
816 1404
817 1405
818 1406
819 1407
820 1408
821 1409
822 1410
823 1411
824 1412
825 1413
826 1414
827 1415
828 1416
829 1417
830 1418
831 1419
832 1440
833 1441
834 1442
835 1443
836 1444
837 1445
838 1446
839 1447
840 1448
841 1449
842 1450
843 1451
844 1452
845 1453
846 1454
847 1455
848 1456
849 1457
850 1459
851 1460
852 1461
853 1462
854 1463
855 1464
856 1472
857 1473
858 1474
859 1475
860 1476
861 1477
862 1478
863 1479
864 1480
865 1481
866 1482
867 1484
868 1485
869 1486
870 1487
871 1488
872 1489
873 1490
874 1491
875 1492
876 1493
877 1494
878 1495
879 1497
880 1498
881 1499
882 1500
883 1501
884 1502
885 1503
886 1504
887 1505
888 1506
889 1507
890 1508
891 1509
892 1510
893 1511
894 1512
895 1513
896 1514
897 1516
898 1517
899 1518
900 1519
901 1520
902 1521
903 1522
904 1523
905 1524
906 1525
907 1526
908 1527
909 1528
910 1529
911 1530
912 1531
913 1532
914 1533
915 1534
916 1535
917 1536
918 1537
919 1538
920 1539
921 1540
922 1541
923 1542
924 1543
925 1544
926 1545
927 1546
928 1547
929 1548
930 1549
931 1550
932 1551
933 1552
934 1553
935 1554
936 1555
937 1556
938 1557
939 1559
940 1560
941 1572
942 1574
943 1576
944 1584
945 1585
946 1589
947 1590
948 1591
949 1592
950 1593
951 1594
952 1595
953 1596
954 1597
955 1599
956 1600
957 1601
958 1602
959 1603
960 1604
961 1605
962 1606
963 1607
964 1608
965 1609
966 1610
967 1611
968 1612
969 1613
970 1614
971 1615
972 1616
973 1617
974 1618
975 1619
976 1620
977 1621
978 1622
979 1623
980 1624
981 1625
982 1626
983 1627
984 1628
985 1629
986 1630
987 1631
988 1632
989 1633
990 1634
991 1635
992 1636
993 1637
994 1638
995 1639
996 1640
997 1641
998 1642
999 1643
1000 1644
1001 1645
1002 1646
1003 1647
1004 1648
1005 1649
1006 1650
1007 1651
1008 1653
1009 1654
1010 1655
1011 1656
1012 1657
1013 1658
1014 1659
1015 1660
1016 1661
1017 1662
1018 1663
1019 1664
1020 1665
1021 1666
1022 1667
1023 1668
1024 1669
1025 1670
1026 1671
1027 1672
1028 1673
1029 1674
1030 1675
1031 1676
1032 1677
1033 1678
1034 1683
1035 1684
1036 1685
1037 1686
1038 1687
1039 1733
1040 1734
1041 1735
1042 1736
1043 1737
1044 1738
1045 1739
1046 1740
1047 1741
1048 1742
1049 1743
1050 1744
1051 1745
1052 1746
1053 1747
1054 1748
1055 1749
1056 1750
1057 1751
1058 1752
1059 1753
1060 1754
1061 1755
1062 1756
1063 1757
1064 1758
1065 1759
1066 1779
1067 1780
1068 1781
1069 1782
1070 1783
1071 1797
1072 1798
1073 1799
1074 1800
1075 1801
1076 1802
1077 1803
1078 1804
1079 1805
1080 1806
1081 1807
1082 1808
1083 1809
1084 1810
1085 1811
1086 1812
1087 1813
1088 1814
1089 1815
1090 1816
1091 1817
1092 1818
1093 1819
1094 1820
1095 1821
1096 1822
1097 1823
1098 1824
1099 1826
1100 1827
1101 1828
1102 1829
1103 1830
1104 1831
1105 1832
1106 1833
1107 1834
1108 1835
1109 1836
1110 1837
1111 1838
1112 1839
1113 1840
1114 1841
1115 1842
1116 1843
1117 1844
1118 1845
1119 1846
1120 1847
1121 1848
1122 1849
1123 1850
1124 1851
1125 1852
1126 1853
1127 1854
1128 1855
1129 1856
1130 1857
1131 1858
1132 1859
1133 1860
1134 1861
1135 1875
1136 1876
1137 1877
1138 1878
1139 1879
1140 1880
1141 1881
1142 1882
1143 1883
1144 1884
1145 1885
1146 1886
1147 1887
1148 1888
1149 1889
1150 1890
1151 1891
1152 1892
1153 1893
1154 1895
1155 1896
1156 1897
1157 1898
1158 1899
1159 1900
1160 1901
1161 1902
1162 1903
1163 1904
1164 1906
1165 1907
1166 1908
1167 1909
1168 1910
1169 1930
1170 1935
1171 1942
1172 1943
1173 1944
1174 1945
1175 1946
1176 1947
1177 1948
1178 1949
1179 1950
1180 1951
1181 1952
1182 1953
1183 1954
1184 1955
1185 1956
1186 1957
1187 1958
1188 1959
1189 1960
1190 1961
1191 1962
1192 1963
1193 1964
1194 1966
1195 1967
1196 1969
1197 1970
1198 1972
1199 1973
1200 1974
1201 1975
1202 1976
1203 1977
1204 1978
1205 1979
1206 1980
1207 1982
1208 1983
1209 1984
1210 1985
1211 1998
1212 1999
1213 2000
1214 2001
1215 2002
1216 2003
1217 2004
1218 2005
1219 2034
1220 2035
1221 2037
1222 2038
1223 2039
1224 2040
1225 2041
1226 2042
1227 2043
1228 2044
1229 2045
1230 2047
1231 2048
1232 2049
1233 2050
1234 2052
1235 2053
1236 2054
1237 2055
1238 2056
1239 2058
1240 2059
1241 2060
1242 2061
1243 2062
1244 2063
1245 2064
1246 2065
1247 2066
1248 2067
1249 2068
1250 2073
1251 2091
1252 2092
1253 2111
1254 2163
1255 2164
1256 2165
1257 2166
1258 2167
1259 2168
1260 2169
1261 2170
1262 2171
1263 2173
1264 2174
1265 2175
1266 2176
1267 2177
1268 2178
1269 2180
1270 2181
1271 2182
1272 2183
1273 2184
1274 2185
1275 2186
1276 2187
1277 2188
1278 2189
1279 2190
1280 2191
1281 2192
1282 2193
1283 2194
1284 2195
1285 2197
1286 2198
1287 2199
1288 2200
1289 2201
1290 2202
1291 2203
1292 2204
1293 2205
1294 2206
1295 2207
1296 2208
1297 2209
1298 2210
1299 2211
1300 2212
1301 2213
1302 2214
1303 2215
1304 2216
1305 2217
1306 2218
1307 2219
1308 2220
1309 2221
1310 2222
1311 2223
1312 2224
1313 2225
1314 2227
1315 2228
1316 2229
1317 2230
1318 2244
1319 2245
1320 2246
1321 2247
1322 2248
1323 2249
1324 2250
1325 2251
1326 2253
1327 2254
1328 2255
1329 2256
1330 2257
1331 2258
1332 2259
1333 2261
1334 2262
1335 2263
1336 2264
1337 2265
1338 2266
1339 2268
1340 2269
1341 2270
1342 2271
1343 2272
1344 2273
1345 2274
1346 2276
1347 2277
1348 2278
1349 2288
1350 2289
1351 2290
1352 2291
1353 2292
1354 2293
1355 2294
1356 2295
1357 2296
1358 2297
1359 2298
1360 2299
1361 2300
1362 2301
1363 2302
1364 2303
1365 2304
1366 2305
1367 2306
1368 2307
1369 2308
1370 2309
1371 2310
1372 2311
1373 2312
1374 2313
1375 2314
1376 2315
1377 2316
1378 2317
1379 2318
1380 2319
1381 2320
1382 2321
1383 2322
1384 2323
1385 2324
1386 2325
1387 2326
1388 2327
1389 2328
1390 2329
1391 2330
1392 2331
1393 2332
1394 2333
1395 2334
1396 2335
1397 2336
1398 2337
1399 2338
1400 2339
1401 2340
1402 2341
1403 2342
1404 2343
1405 2344
1406 2345
1407 2346
1408 2347
1409 2348
1410 2349
1411 2350
1412 2351
1413 2352
1414 2353
1415 2354
1416 2355
1417 2356
1418 2389
1419 2390
1420 2391
1421 2392
1422 2393
1423 2394
1424 2395
1425 2396
1426 2397
1427 2414
1428 2456
1429 2457
1430 2458
1431 2459
1432 2460
1433 2461
1434 2462
1435 2463
1436 2464
1437 2465
1438 2466
1439 2468
1440 2469
1441 2470
1442 2471
1443 2472
1444 2473
1445 2482
1446 2483
1447 2484
1448 2485
1449 2486
1450 2487
1451 2488
1452 2489
1453 2490
1454 2491
1455 2492
1456 2493
1457 2494
1458 2495
1459 2496
1460 2497
1461 2498
1462 2499
1463 2500
1464 2501
1465 2502
1466 2503
1467 2504
1468 2505
1469 2506
1470 2507
1471 2508
1472 2509
1473 2510
1474 2511
1475 2512
1476 2513
1477 2514
1478 2515
1479 2517
1480 2518
1481 2519
1482 2520
1483 2521
1484 2522
1485 2523
1486 2524
1487 2525
1488 2526
1489 2527
1490 2528
1491 2529
1492 2530
1493 2532
1494 2533
1495 2534
1496 2535
1497 2536
1498 2537
1499 2544
1500 2545
1501 2546
1502 2547
1503 2548
1504 2549
1505 2557
1506 2558
1507 2559
1508 2560
1509 2561
1510 2562
1511 2563
1512 2564
1513 2565
1514 2566
1515 2567
1516 2568
1517 2569
1518 2570
1519 2571
1520 2572
1521 2573
1522 2574
1523 2575
1524 2576
1525 2577
1526 2579
1527 2580
1528 2581
1529 2582
1530 2583
1531 2584
1532 2585
1533 2586
1534 2587
1535 2588
1536 2618
1537 2619
1538 2620
1539 2621
1540 2622
1541 2623
1542 2624
1543 2625
1544 2626
1545 2627
1546 2628
1547 2629
1548 2630
1549 2631
1550 2632
1551 2633
1552 2634
1553 2635
1554 2636
1555 2637
1556 2638
1557 2639
1558 2640
1559 2641
1560 2642
1561 2643
1562 2644
1563 2645
1564 2646
1565 2647
1566 2648
1567 2649
1568 2650
1569 2651
1570 2652
1571 2698
1572 2699
1573 2700
1574 2701
1575 2702
1576 2704
1577 2705
1578 2706
1579 2707
1580 2708
1581 2709
1582 2710
1583 2711
1584 2713
1585 2714
1586 2715
1587 2716
1588 2717
1589 2718
1590 2719
1591 2720
1592 2721
1593 2722
1594 2723
1595 2724
1596 2725
1597 2726
1598 2727
1599 2728
1600 2729
1601 2740
1602 2741
1603 2742
1604 2743
1605 2744
1606 2745
1607 2746
1608 2747
1609 2765
1610 2766
1611 2771
1612 2772
1613 2849
1614 2850
1615 2851
1616 2852
1617 2853
1618 2854
1619 2855
1620 2856
1621 2857
1622 2858
1623 2859
1624 2860
1625 2861
1626 2862
1627 2863
1628 2864
1629 2865
1630 2866
1631 2867
1632 2868
1633 2869
1634 2870
1635 2871
1636 2872
1637 2873
1638 2874
1639 2875
1640 2876
1641 2877
1642 2878
1643 2879
1644 2880
1645 2881
1646 2882
1647 2883
1648 2884
1649 2885
1650 2886
1651 2887
1652 2888
1653 2889
1654 2890
1655 2891
1656 2892
1657 2897
1658 2898
1659 2899
1660 2900
1661 2904
1662 2905
1663 2906
1664 2907
1665 2908
1666 2909
1667 2910
1668 2911
1669 2912
1670 2913
1671 2914
1672 2915
1673 2916
1674 2917
1675 2918
1676 2919
1677 2920
1678 2921
1679 2922
1680 2923
1681 2924
1682 2925
1683 2926
1684 2927
1685 2928
1686 2929
1687 2948
1688 2949
1689 2950
1690 2951
1691 2952
1692 2953
1693 2954
1694 2955
1695 2956
1696 2957
1697 2958
1698 2995
1699 2996
1700 2997
1701 2998
1702 2999
1703 3000
1704 3001
1705 3002
1706 3003
1707 3004
1708 3005
1709 3007
1710 3045
1711 3046
1712 3047
1713 3048
1714 3049
1715 3050
1716 3051
1717 3052
1718 3053
1719 3054
1720 3055
1721 3096
1722 3097
1723 3098
1724 3099
1725 3100
1726 3101
1727 3103
1728 3104
1729 3105
1730 3106
1731 3107
1732 3108
1733 3113
1734 3114
1735 3115
1736 3116
1737 3117
1738 3118
1739 3119
1740 3120
1741 3121
1742 3122
1743 3124
1744 3151
1745 3152
1746 3153
1747 3154
1748 3155
1749 3156
1750 3157
1751 3158
1752 3159
1753 3160
1754 3161
1755 3162
1756 3163
1757 3165
1758 3166
1759 3167
1760 3168
1761 3169
1762 3170
1763 3171
1764 3172
1765 3173
1766 3174
1767 3175
1768 3176
1769 3177
1770 3178
1771 3179
1772 3180
1773 3181
1774 3182
1775 3183
1776 3184
1777 3185
1778 3187
1779 3188
1780 3189
1781 3190
1782 3191
1783 3192
1784 3193
1785 3194
1786 3195
1787 3196
1788 3197
1789 3198
1790 3199
1791 3200
1792 3201
1793 3202
1794 3203
1795 3204
1796 3205
1797 3206
1798 3207
1799 3208
1800 3209
1801 3210
1802 3211
1803 3212
1804 3213
1805 3214
1806 3215
1807 3216
1808 3217
1809 3218
1810 3224
1811 3225
1812 3226
1813 3227
1814 3228
1815 3229
1816 3230
1817 3231
1818 3232
1819 3233
1820 3234
1821 3235
1822 3236
1823 3237
1824 3238
1825 3239
1826 3240
1827 3241
1828 3242
1829 3243
1830 3244
1831 3245
1832 3246
1833 3247
1834 3248
1835 3249
1836 3250
1837 3251
1838 3252
1839 3253
1840 3254
1841 3255
1842 3256
1843 3257
1844 3258
1845 3259
1846 3260
1847 3261
1848 3262
1849 3263
1850 3264
1851 3265
1852 3266
1853 3267
1854 3268
1855 3269
1856 3270
1857 3271
1858 3272
1859 3273
1860 3274
1861 3275
1862 3276
1863 3277
1864 3278
1865 3279
1866 3280
1867 3281
1868 3282
1869 3283
1870 3284
1871 3285
1872 3286
1873 3287
1874 3288
1875 3289
1876 3290
1877 3292
1878 3293
1879 3294
1880 3295
1881 3296
1882 3298
1883 3299
1884 3300
1885 3301
1886 3320
1887 3321
1888 3322
1889 3323
1890 3324
1891 3325
1892 3326
1893 3327
1894 3328
1895 3329
1896 3330
1897 3331
1898 3332
1899 3333
1900 3334
1901 3335
1902 3336
1903 3337
1904 3338
1905 3339
1906 3340
1907 3342
1908 3343
1909 3344
1910 3345
1911 3346
1912 3347
1913 3348
1914 3349
1915 3350
1916 3351
1917 3352
1918 3353
1919 3354
1920 3355
1921 3356
1922 3357
1923 3358
1924 3359
1925 3360
1926 3361
1927 3362
1928 3376
1929 3377
1930 3378
1931 3379
1932 3380
1933 3381
1934 3382
1935 3383
1936 3384
1937 3386
1938 3387
1939 3389
1940 3390
1941 3391
1942 3392
1943 3393
1944 3394
1945 3395
1946 3396
1947 3397
1948 3398
1949 3406
1950 3407
1951 3408
1952 3409
1953 3410
1954 3411
1955 3412
1956 3413
1957 3414
1958 3415
1959 3416
1960 3417
1961 3418
1962 3471
1963 3472
1964 3473
1965 3474
1966 3475
1967 3476
1968 3488
1969 3489
1970 3490
1971 3491
1972 3492
1973 3493
1974 3494
1975 3495
1976 3496
1977 3497
1978 3498
1979 3499
1980 3500
1981 3501
1982 3502
1983 3503
1984 3504
1985 3505
1986 3506
1987 3508
1988 3509
1989 3510
1990 3511
1991 3512
1992 3513
1993 3514
1994 3515
1995 3516
1996 3517
1997 3518
1998 3519
1999 3520
2000 3521
2001 3532
2002 3534
2003 3535
2004 3536
2005 3537
2006 3538
2007 3539
2008 3540
2009 3541
2010 3542
2011 3543
2012 3544
2013 3546
2014 3578
2015 3579
2016 3580
2017 3581
2018 3582
2019 3584
2020 3585
2021 3586
2022 3587
2023 3588
2024 3605
2025 3606
2026 3607
2027 3608
2028 3609
2029 3610
2030 3611
2031 3612
2032 3613
2033 3614
2034 3615
2035 3616
2036 3617
2037 3618
2038 3619
2039 3620
2040 3621
2041 3622
2042 3623
2043 3624
2044 3625
2045 3639
2046 3640
2047 3641
2048 3642
2049 3643
2050 3644
2051 3645
2052 3655
2053 3656
2054 3657
2055 3658
2056 3659
2057 3660
2058 3661
2059 3662
2060 3663
2061 3664
2062 3665
2063 3666
2064 3667
2065 3668
2066 3669
2067 3670
2068 3671
2069 3672
2070 3674
2071 3675
2072 3676
2073 3677
2074 3678
2075 3679
2076 3680
2077 3699
2078 3700
2079 3701
2080 3702
2081 3703
2082 3704
2083 3705
2084 3706
2085 3707
2086 3708
2087 3709
2088 3710
2089 3711
2090 3712
2091 3720
2092 3721
2093 3722
2094 3723
2095 3724
2096 3725
2097 3726
2098 3727
2099 3748
2100 3749
2101 3750
2102 3751
2103 3752
2104 3753
2105 3754
2106 3765
2107 3766
2108 3767
2109 3768
2110 3769
2111 3770
2112 3771
2113 3772
2114 3773
2115 3774
2116 3775
2117 3777
2118 3778
2119 3779
2120 3780
2121 3781
2122 3782
2123 3783
2124 3797
2125 3798
2126 3799
2127 3800
2128 3801
2129 3802
2130 3803
2131 3809
2132 3810
2133 3811
2134 3812
2135 3813
2136 3814
2137 3815
2138 3816
2139 3817
2140 3818
2141 3819
2142 3820
2143 3821
2144 3822
2145 3830
2146 3831
2147 3832
2148 3833
2149 3834
2150 3835
2151 3836
2152 3837
2153 3838
2154 3839
2155 3840
2156 3841
2157 3842
2158 3843
2159 3844
2160 3845
2161 3846
2162 3847
2163 3848
2164 3849
2165 3865
2166 3866
2167 3867
2168 3868
2169 3905
2170 3906
2171 3907
2172 3908
2173 3909
2174 3910
2175 3911
2176 3947
2177 3948
2178 3949
2179 3950
2180 3952
2181 3953
2182 3957
2183 3958
2184 3962
2185 3964
2186 3965
2187 3966
2188 3967
2189 3968
2190 3969
2191 3970
2192 3971
2193 3972
2194 3973
2195 3974
2196 3975
2197 3983
2198 3984
2199 3985
2200 3986
2201 3987
2202 3988
2203 3990
2204 3992
2205 3993
2206 3994
2207 3995
2208 3996
2209 3997
2210 3998
2211 3999
2212 4000
2213 4001
2214 4002
2215 4003
2216 4005
2217 4006
2218 4007
2219 4008
2220 4009
2221 4010
2222 4011
2223 4012
2224 4013
2225 4014
2226 4015
2227 4016
2228 4029
2229 4030
2230 4031
2231 4032
2232 4033
2233 4034
2234 4035
2235 4036
2236 4037
2237 4038
2238 4039
2239 4040
2240 4041
2241 4042
2242 4043
2243 4044
2244 4045
2245 4046
2246 4047
2247 4048
2248 4049
2249 4050
2250 4051
2251 4052
2252 4053
2253 4054
2254 4055
2255 4056
2256 4057
2257 4058
2258 4059
2259 4060
2260 4061
2261 4062
2262 4063
2263 4064
2264 4065
2265 4066
2266 4067
2267 4068
2268 4069
2269 4070
2270 4071
2271 4072
2272 4073
2273 4081
2274 4082
2275 4083
2276 4084
2277 4085
2278 4086
2279 4087
2280 4088
2281 4089
2282 4090
2283 4091
2284 4092
2285 4093
2286 4094
2287 4095
2288 4096
2289 4097
2290 4098
2291 4099
2292 4100
2293 4101
2294 4102
2295 4103
2296 4104
2297 4105
2298 4106
2299 4107
2300 4108
2301 4109
2302 4110
2303 4111
2304 4112
2305 4113
2306 4114
2307 4115
2308 4116
2309 4117
2310 4118
2311 4120
2312 4127
2313 4128
2314 4129
2315 4130
2316 4131
2317 4132
2318 4133
2319 4134
2320 4135
2321 4136
2322 4137
2323 4138
2324 4139
2325 4140
2326 4141
2327 4142
2328 4143
2329 4144
2330 4145
2331 4147
2332 4148
2333 4149
2334 4150
2335 4151
2336 4152
2337 4153
2338 4154
2339 4155
2340 4156
2341 4157
2342 4158
2343 4159
2344 4160
2345 4161
2346 4162
2347 4163
2348 4193
2349 4194
2350 4195
2351 4196
2352 4197
2353 4198
2354 4199
2355 4200
2356 4210
2357 4211
2358 4212
2359 4213
2360 4214
2361 4215
2362 4216
2363 4225
2364 4226
2365 4227
2366 4228
2367 4229
2368 4230
2369 4231
2370 4232
2371 4233
2372 4234
2373 4235
2374 4236
2375 4237
2376 4238
2377 4239
2378 4240
2379 4241
2380 4242
2381 4257
2382 4258
2383 4259
2384 4260
2385 4261
2386 4262
2387 4263
2388 4264
2389 4265
2390 4266
2391 4267
2392 4268
2393 4272
2394 4273
2395 4274
2396 4275
2397 4276
2398 4277
2399 4278
2400 4279
2401 4280
2402 4281
2403 4282
2404 4283
2405 4284
2406 4285
2407 4286
2408 4287
2409 4288
2410 4289
2411 4290
2412 4291
2413 4292
2414 4293
2415 4294
2416 4295
2417 4296
2418 4297
2419 4298
2420 4299
2421 4300
2422 4301
2423 4302
2424 4303
2425 4304
2426 4305
2427 4306
2428 4307
2429 4308
2430 4309
2431 4310
2432 4311
2433 4312
2434 4313
2435 4314
2436 4315
2437 4316
2438 4317
2439 4318
2440 4319
2441 4320
2442 4321
2443 4322
2444 4323
2445 4324
2446 4325
2447 4326
2448 4327
2449 4328
2450 4329
2451 4330
2452 4331
2453 4332
2454 4333
2455 4334
2456 4335
2457 4336
2458 4337
2459 4338
2460 4339
2461 4340
2462 4341
2463 4342
2464 4343
2465 4344
2466 4345
2467 4346
2468 4347
2469 4348
2470 4349
2471 4350
2472 4351
2473 4352
2474 4353
2475 4354
2476 4355
2477 4356
2478 4357
2479 4367
2480 4368
2481 4369
2482 4370
2483 4371
2484 4372
2485 4373
2486 4405
2487 4406
2488 4408
2489 4409
2490 4410
2491 4411
2492 4412
2493 4413
2494 4414
2495 4415
2496 4416
2497 4417
2498 4419
2499 4428
2500 4430
2501 4431
2502 4432
2503 4449
2504 4450
2505 4451
2506 4452
2507 4453
2508 4454
2509 4455
2510 4456
2511 4457
2512 4473
2513 4474
2514 4475
2515 4476
2516 4477
2517 4478
2518 4479
2519 4480
2520 4481
2521 4482
2522 4483
2523 4484
2524 4485
2525 4495
2526 4496
2527 4498
2528 4499
2529 4500
2530 4501
2531 4506
2532 4507
2533 4509
2534 4511
2535 4513
2536 4522
2537 4525
2538 4526
2539 4527
2540 4528
2541 4529
2542 4530
2543 4531
2544 4532
2545 4572
2546 4573
2547 4574
2548 4576
2549 4577
2550 4614
2551 4615
2552 4616
2553 4617
2554 4618
2555 4619
2556 4637
2557 4638
2558 4639
2559 4640
2560 4641
2561 4642
2562 4643
2563 4646
2564 4647
2565 4648
2566 4649
2567 4650
2568 4651
2569 4652
2570 4653
2571 4654
2572 4655
2573 4656
2574 4657
2575 4658
2576 4659
2577 4660
2578 4661
2579 4662
2580 4663
2581 4664
2582 4665
2583 4666
2584 4667
2585 4668
2586 4669
2587 4670
2588 4671
2589 4673
2590 4674
2591 4675
2592 4676
2593 4677
2594 4680
2595 4685
2596 4686
2597 4687
2598 4688
2599 4689
2600 4690
2601 4693
2602 4694
2603 4696
2604 4697
2605 4698
2606 4699
2607 4700
2608 4701
2609 4702
2610 4712
2611 4713
2612 4714
2613 4715
2614 4716
2615 4717
2616 4718
2617 4719
2618 4720
2619 4721
2620 4722
2621 4728
2622 4729
2623 4730
2624 4731
2625 4732
2626 4733
2627 4734
2628 4735
2629 4736
2630 4737
2631 4738
2632 4739
2633 4740
2634 4741
2635 4742
2636 4743
2637 4744
2638 4751
2639 4752
2640 4753
2641 4754
2642 4755
2643 4756
2644 4757
2645 4758
2646 4759
2647 4760
2648 4761
2649 4762
2650 4763
2651 4764
2652 4765
2653 4767
2654 4768
2655 4769
2656 4770
2657 4771
2658 4773
2659 4774
2660 4775
2661 4776
2662 4777
2663 4778
2664 4782
2665 4784
2666 4786
2667 4798
2668 4799
2669 4800
2670 4801
2671 4802
2672 4803
2673 4804
2674 4805
2675 4806
2676 4807
2677 4808
2678 4809
2679 4810
2680 4827
2681 4828
2682 4829
2683 4830
2684 4851
2685 4852
2686 4853
2687 4854
2688 4855
2689 4856
2690 4857
2691 4858
2692 4859
2693 4860
2694 4867
2695 4868
2696 4869
2697 4870
2698 4871
2699 4872
2700 4873
2701 4874
2702 4875
2703 4876
2704 4877
2705 4878
2706 4879
2707 4880
2708 4881
2709 4882
2710 4883
2711 4884
2712 4885
2713 4886
2714 4887
2715 4888
2716 4889
2717 4890
2718 4891
2719 4892
2720 4893
2721 4894
2722 4896
2723 4898
2724 4904
2725 4905
2726 4908
2727 4910
2728 4911
2729 4912
2730 4913
2731 4914
2732 4915
2733 4916
2734 4925
2735 4926
2736 4927
2737 4928
2738 4929
2739 4930
2740 4932
2741 4933
2742 4934
2743 4935
2744 4936
2745 4937
2746 4939
2747 4940
2748 4948
2749 4949
2750 4950
2751 4951
2752 4952
2753 4953
2754 4954
2755 4955
2756 4956
2757 4957
2758 4958
2759 4959
2760 4960
2761 4961
2762 4962
2763 4963
2764 4964
2765 4965
2766 4966
2767 4967
2768 4968
2769 4969
2770 4970
2771 4971
2772 4972
2773 4973
2774 4974
2775 4975
2776 4976
2777 4977
2778 4978
2779 4986
2780 4987
2781 4988
2782 4989
2783 4990
2784 4991
2785 4992
2786 4993
2787 4994
2788 4995
2789 4996
2790 4997
2791 4998
2792 4999
2793 5000
2794 5001
2795 5002
2796 5003
2797 5004
2798 5005
2799 5006
2800 5007
2801 5008
2802 5009
2803 5010
2804 5011
2805 5012
2806 5013
2807 5014
2808 5018
2809 5019
2810 5022
2811 5023
2812 5024
2813 5025
2814 5026
2815 5027
2816 5029
2817 5030
2818 5031
2819 5032
2820 5033
2821 5034
2822 5035
2823 5036
2824 5037
2825 5038
2826 5039
2827 5040
2828 5041
2829 5042
2830 5043
2831 5044
2832 5045
2833 5046
2834 5047
2835 5049
2836 5053
2837 5054
2838 5057
2839 5058
2840 5059
2841 5060
2842 5063
2843 5064
2844 5065
2845 5073
2846 5074
2847 5075
2848 5076
2849 5077
2850 5079
2851 5080
2852 5083
2853 5084
2854 5085
2855 5086
2856 5087
2857 5088
2858 5089
2859 5090
2860 5091
2861 5099
2862 5100
2863 5101
2864 5102
2865 5103
2866 5104
2867 5105
2868 5112
2869 5113
2870 5114
2871 5115
2872 5116
2873 5117
2874 5118
2875 5119
2876 5120
2877 5121
2878 5122
2879 5123
2880 5124
2881 5125
2882 5126
2883 5127
2884 5128
2885 5129
2886 5130
2887 5131
2888 5132
2889 5133
2890 5134
2891 5136
2892 5138
2893 5150
2894 5151
2895 5152
2896 5153
2897 5154
2898 5155
2899 5156
2900 5157
2901 5158
2902 5159
2903 5160
2904 5161
2905 5163
2906 5164
2907 5165
2908 5166
2909 5167
2910 5168
2911 5169
2912 5170
2913 5172
2914 5173
2915 5174
2916 5175
2917 5181
2918 5182
2919 5183
2920 5184
2921 5185
2922 5186
2923 5187
2924 5189
2925 5190
2926 5191
2927 5192
2928 5193
2929 5194
2930 5195
2931 5196
2932 5197
2933 5198
2934 5199
2935 5208
2936 5209
2937 5210
2938 5211
2939 5212
2940 5213
2941 5214
2942 5215
2943 5216
2944 5217
2945 5218
2946 5219
2947 5220
2948 5221
2949 5227
2950 5229
2951 5231
2952 5232
2953 5233
2954 5234
2955 5235
2956 5236
2957 5237
2958 5238
2959 5242
2960 5243
2961 5244
2962 5245
2963 5246
2964 5248
2965 5249
2966 5250
2967 5251
2968 5252
2969 5253
2970 5254
2971 5255
2972 5256
2973 5263
2974 5264
2975 5265
2976 5266
2977 5267
2978 5268
2979 5270
2980 5271
2981 5272
2982 5273
2983 5274
2984 5275
2985 5276
2986 5284
2987 5285
2988 5286
2989 5287
2990 5288
2991 5289
2992 5290
2993 5298
2994 5299
2995 5300
2996 5301
2997 5302
2998 5303
2999 5307
3000 5309
3001 5313
3002 5314
3003 5315
3004 5316
3005 5317
3006 5318
3007 5319
3008 5320
3009 5321
3010 5322
3011 5323
3012 5324
3013 5325
3014 5326
3015 5327
3016 5328
3017 5329
3018 5330
3019 5331
3020 5332
3021 5334
3022 5339
3023 5341
3024 5342
3025 5343
3026 5344
3027 5345
3028 5346
3029 5347
3030 5348
3031 5349
3032 5354
3033 5355
3034 5356
3035 5357
3036 5358
3037 5359
3038 5360
3039 5371
3040 5372
3041 5373
3042 5374
3043 5375
3044 5376
3045 5377
3046 5382
3047 5383
3048 5391
3049 5392
3050 5393
3051 5394
3052 5395
3053 5396
3054 5397
3055 5406
3056 5407
3057 5408
3058 5409
3059 5410
3060 5411
3061 5412
3062 5413
3063 5414
3064 5415
3065 5416
3066 5420
3067 5423
3068 5424
3069 5425
3070 5427
3071 5429
3072 5430
3073 5431
3074 5432
3075 5433
3076 5434
3077 5435
3078 5436
3079 5437
3080 5444
3081 5448
3082 5449
3083 5451
3084 5452
3085 5454
3086 5456
3087 5460
3088 5464
3089 5465
3090 5466
3091 5467
3092 5478
3093 5486
3094 5487
3095 5488
3096 5489
3097 5490
3098 5491
3099 5492
3100 5493
3101 5494
3102 5495
3103 5496
3104 5497
3105 5498
3106 5499
3107 5500
3108 5511
3109 5512
3110 5513
3111 5514
3112 5515
3113 5516
3114 5517
3115 5535
3116 5536
3117 5537
3118 5538
3119 5539
3120 5540
3121 5541
3122 5542
3123 5543
3124 5544
3125 5545
3126 5546
3127 5547
3128 5548
3129 5549
3130 5561
3131 5562
3132 5563
3133 5564
3134 5565
3135 5566
3136 5567
3137 5568
3138 5569
3139 5570
3140 5571
3141 5572
3142 5573
3143 5574
3144 5575
3145 5576
3146 5577
3147 5578
3148 5579
3149 5580
3150 5581
3151 5582
3152 5583
3153 5584
3154 5585
3155 5588
3156 5589
3157 5590
3158 5591
3159 5592
3160 5597
3161 5598
3162 5599
3163 5617
3164 5618
3165 5619
3166 5620
3167 5621
3168 5622
3169 5623
3170 5624
3171 5625
3172 5626
3173 5627
3174 5628
3175 5629
3176 5630
3177 5631
3178 5632
3179 5633
3180 5634
3181 5635
3182 5636
3183 5637
3184 5638
3185 5639
3186 5640
3187 5641
3188 5642
3189 5643
3190 5644
3191 5645
3192 5646
3193 5647
3194 5648
3195 5649
3196 5650
3197 5660
3198 5661
3199 5662
3200 5664
3201 5665
3202 5666
3203 5668
3204 5669
3205 5670
3206 5671
3207 5672
3208 5673
3209 5674
3210 5675
3211 5676
3212 5677
3213 5679
3214 5680
3215 5681
3216 5682
3217 5683
3218 5688
3219 5689
3220 5690
3221 5691
3222 5692
3223 5702
3224 5703
3225 5704
3226 5705
3227 5706
3228 5707
3229 5708
3230 5709
3231 5710
3232 5715
3233 5716
3234 5717
3235 5718
3236 5719
3237 5720
3238 5721
3239 5722
3240 5723
3241 5724
3242 5725
3243 5726
3244 5727
3245 5728
3246 5729
3247 5730
3248 5731
3249 5732
3250 5733
3251 5734
3252 5735
3253 5736
3254 5737
3255 5738
3256 5739
3257 5740
3258 5744
3259 5746
3260 5747
3261 5748
3262 5749
3263 5750
3264 5751
3265 5752
3266 5753
3267 5754
3268 5755
3269 5762
3270 5763
3271 5768
3272 5769
3273 5770
3274 5771
3275 5772
3276 5773
3277 5774
3278 5775
3279 5776
3280 5777
3281 5778
3282 5779
3283 5780
3284 5781
3285 5782
3286 5783
3287 5784
3288 5785
3289 5786
3290 5787
3291 5788
3292 5789
3293 5790
3294 5791
3295 5792
3296 5793
3297 5794
3298 5795
3299 5796
3300 5797
3301 5800
3302 5801
3303 5802
3304 5803
3305 5804
3306 5805
3307 5806
3308 5807
3309 5808
3310 5809
3311 5810
3312 5811
3313 5812
3314 5813
3315 5815
3316 5816
3317 5817
3318 5818
3319 5819
3320 5820
3321 5821
3322 5822
3323 5823
3324 5828
3325 5829
3326 5830
3327 5832
3328 5833
3329 5834
3330 5835
3331 5836
3332 5837
3333 5838
3334 5839
3335 5840
3336 5841
3337 5842
3338 5843
3339 5844
3340 5847
3341 5848
3342 5849
3343 5850
3344 5855
3345 5856
3346 5857
3347 5858
3348 5859
3349 5860
3350 5861
3351 5873
3352 5874
3353 5875
3354 5876
3355 5877
3356 5878
3357 5879
3358 5880
3359 5881
3360 5882
3361 5883
3362 5884
3363 5885
3364 5890
3365 5891
3366 5892
3367 5893
3368 5894
3369 5895
3370 5896
3371 5897
3372 5898
3373 5899
3374 5900
3375 5901
3376 5903
3377 5904
3378 5913
3379 5917
3380 5918
3381 5919
3382 5920
3383 5921
3384 5925
3385 5926
3386 5927
3387 5928
3388 5929
3389 5930
3390 5931
3391 5932
3392 5933
3393 5934
3394 5935
3395 5936
3396 5937
3397 5938
3398 5939
3399 5940
3400 5941
3401 5942
3402 5943
3403 5944
3404 5945
3405 5946
3406 5950
3407 5951
3408 5952
3409 5953
3410 5954
3411 5955
3412 5956
3413 5957
3414 5961
3415 5962
3416 5965
3417 5966
3418 5970
3419 5971
3420 5972
3421 5973
3422 5975
3423 5976
3424 5977
3425 5978
3426 5979
3427 5980
3428 5981
3429 5982
3430 5983
3431 5984
3432 5985
3433 5986
3434 5987
3435 5988
3436 5989
3437 5990
3438 5997
3439 5998
3440 5999
3441 6000
3442 6001
3443 6002
3444 6003
3445 6004
3446 6005
3447 6006
3448 6007
3449 6013
3450 6014
3451 6015
3452 6016
3453 6017
3454 6022
3455 6031
3456 6034
3457 6035
3458 6040
3459 6041
3460 6042
3461 6043
3462 6046
3463 6047
3464 6048
3465 6049
3466 6050
3467 6051
3468 6052
3469 6053
3470 6054
3471 6055
3472 6056
3473 6059
3474 6065
3475 6066
3476 6070
3477 6071
3478 6072
3479 6073
3480 6074
3481 6075
3482 6076
3483 6078
3484 6081
3485 6083
3486 6085
3487 6087
3488 6092
3489 6093
3490 6094
3491 6095
3492 6096
3493 6097
3494 6098
3495 6099
3496 6100
3497 6101
3498 6102
3499 6103
3500 6107
3501 6108
3502 6109
3503 6110
3504 6111
3505 6112
3506 6113
3507 6116
3508 6117
3509 6118
3510 6119
3511 6120
3512 6121
3513 6122
3514 6123
3515 6124
3516 6125
3517 6126
3518 6127
3519 6128
3520 6129
3521 6130
3522 6131
3523 6132
3524 6133
3525 6134
3526 6143
3527 6144
3528 6145
3529 6146
3530 6153
3531 6155
3532 6156
3533 6157
3534 6160
3535 6161
3536 6165
3537 6166
3538 6167
3539 6171
3540 6172
3541 6173
3542 6174
3543 6175
3544 6176
3545 6177
3546 6178
3547 6180
3548 6181
3549 6182
3550 6183
3551 6185
3552 6186
3553 6187
3554 6188
3555 6189
3556 6190
3557 6194
3558 6195
3559 6196
3560 6197
3561 6198
3562 6199
3563 6200
3564 6201
3565 6202
3566 6203
3567 6204
3568 6205
3569 6206
3570 6207
3571 6208
3572 6209
3573 6212
3574 6213
3575 6214
3576 6215
3577 6216
3578 6217
3579 6218
3580 6219
3581 6220
3582 6221
3583 6222
3584 6223
3585 6224
3586 6225
3587 6226
3588 6229
3589 6230
3590 6231
3591 6232
3592 6233
3593 6234
3594 6235
3595 6236
3596 6237
3597 6238
3598 6239
3599 6240
3600 6241
3601 6242
3602 6243
3603 6244
3604 6245
3605 6246
3606 6247
3607 6250
3608 6251
3609 6252
3610 6253
3611 6254
3612 6257
3613 6259
3614 6260
3615 6261
3616 6262
3617 6266
3618 6270
3619 6274
3620 6275
3621 6276
3622 6277
3623 6278
3624 6279
3625 6280
3626 6286
3627 6287
3628 6288
3629 6289
3630 6290
3631 6291
3632 6293
3633 6294
3634 6298
3635 6299
3636 6305
3637 6306
3638 6307
3639 6313
3640 6314
3641 6315
3642 6316
3643 6319
3644 6320
3645 6321
3646 6322
3647 6323
3648 6324
3649 6325
3650 6326
3651 6327
3652 6328
3653 6329
3654 6331
3655 6332
3656 6333
3657 6335
3658 6336
3659 6337
3660 6338
3661 6339
3662 6340
3663 6341
3664 6342
3665 6343
3666 6344
3667 6345
3668 6346
3669 6348
3670 6349
3671 6350
3672 6351
3673 6352
3674 6353
3675 6357
3676 6358
3677 6360
3678 6361
3679 6362
3680 6364
3681 6365
3682 6367
3683 6369
3684 6370
3685 6371
3686 6373
3687 6374
3688 6378
3689 6379
3690 6381
3691 6386
3692 6387
3693 6388
3694 6391
3695 6393
3696 6394
3697 6395
3698 6396
3699 6397
3700 6398
3701 6399
3702 6401
3703 6402
3704 6403
3705 6404
3706 6405
3707 6407
3708 6408
3709 6409
3710 6410
3711 6412
3712 6413
3713 6416
3714 6417
3715 6418
3716 6419
3717 6421
3718 6422
3719 6423
3720 6425
3721 6427
3722 6428
3723 6430
3724 6431
3725 6434
3726 6435
3727 6438
3728 6440
3729 6442
3730 6444
3731 6445
3732 6450
3733 6454
3734 6455
3735 6456
3736 6458
3737 6459
3738 6460
3739 6461
3740 6462
3741 6463
3742 6465
3743 6466
3744 6470
3745 6471
3746 6473
3747 6475
3748 6476
3749 6477
3750 6479
3751 6481
3752 6482
3753 6483
3754 6484
3755 6486
3756 6487
3757 6489
3758 6490
3759 6491
3760 6492
3761 6493
3762 6494
3763 6496
3764 6499
3765 6500
3766 6502
3767 6505
3768 6506
3769 6508
3770 6509
3771 6510
3772 6511
3773 6514
3774 6515
3775 6516
3776 6518
3777 6519
3778 6520
3779 6521
3780 6522
3781 6523
3782 6525
3783 6526
3784 6528
3785 6529
3786 6530
3787 6533
3788 6539
3789 6542
3790 6543
3791 6544
3792 6545
3793 6546
3794 6548
3795 6549
3796 6550
3797 6551
3798 6552
3799 6553
3800 6554
3801 6556
3802 6558
3803 6560
3804 6561
3805 6563
3806 6565
