2634 5291
1 2
1 3
1 4
1 5
1 6
1 7
1 8
1 9
1 10
1 11
1 12
1 13
1 14
1 15
1 16
2 1667
3 138
4 984
5 174
5 561
6 1709
7 2526
8 284
11 398
11 965
11 604
11 1488
11 1977
11 751
11 2306
11 1987
12 1563
13 1057
13 1563
14 751
14 2579
15 2232
16 1807
17 18
17 138
18 19
18 20
18 21
18 22
18 23
18 24
18 25
18 26
18 39
18 57
18 58
18 59
18 60
18 61
18 62
18 63
18 90
18 93
18 94
18 96
18 112
18 113
18 114
18 115
18 116
18 117
18 118
18 119
18 120
18 121
18 122
18 123
18 124
18 125
18 126
18 127
18 128
18 129
18 130
18 131
18 132
18 133
18 134
18 135
18 136
18 137
18 156
18 157
18 158
18 159
18 160
18 161
18 162
18 163
18 164
18 165
18 166
18 167
18 168
18 169
18 170
18 171
18 172
18 173
19 2321
20 1208
20 2077
21 1035
21 1583
21 2583
22 2320
23 304
23 1696
25 2373
27 28
27 29
27 30
27 31
27 32
27 33
27 34
27 35
27 36
27 37
27 38
27 39
27 40
27 41
27 42
27 473
27 546
27 571
27 572
27 573
27 574
27 575
27 576
27 577
27 578
27 579
27 580
28 773
29 1730
29 780
29 244
29 2310
30 73
31 1219
32 965
33 88
34 88
34 1164
34 887
36 1807
37 73
38 1730
39 988
40 678
41 2509
42 43
42 751
43 44
43 45
43 46
43 47
43 48
43 49
43 50
43 51
43 52
43 53
43 54
43 55
43 56
43 297
43 309
43 465
43 795
43 1118
43 1247
43 1266
43 1606
43 1607
43 1608
43 1609
43 1610
44 2104
45 2519
46 218
47 1855
48 1297
48 838
48 2436
49 398
49 1111
50 1143
51 2583
52 619
53 2144
53 751
53 1987
54 1104
55 1960
56 984
57 2363
58 2591
59 1006
59 1634
59 1807
59 1871
59 2516
60 1057
61 244
63 227
64 65
64 66
64 67
64 68
64 69
64 70
64 71
65 2336
66 1219
67 534
68 773
69 1111
69 1057
70 1831
70 2614
71 1017
72 1290
73 74
73 75
73 76
73 77
73 78
73 79
73 80
73 81
75 887
76 174
77 270
77 1667
78 1667
79 511
80 838
81 1750
82 83
82 1164
83 84
83 85
83 86
83 87
84 511
84 585
85 887
86 227
87 1290
88 89
88 90
88 91
88 92
88 93
88 94
88 95
88 96
88 97
88 98
88 99
88 100
88 101
88 102
88 103
88 104
88 105
88 106
88 107
88 108
88 109
88 110
88 111
89 414
90 1667
92 2533
93 218
93 343
93 398
93 494
93 751
94 838
94 896
95 244
95 1164
95 2214
97 534
98 585
99 343
99 829
99 2291
100 2438
101 1057
102 1164
102 2207
103 896
104 838
105 227
105 508
105 1541
106 284
107 1164
108 396
109 2480
110 1164
111 1762
112 1169
112 2526
113 2479
114 1700
115 398
115 481
115 284
115 751
115 2539
116 398
117 420
117 2380
118 2232
118 2310
118 2476
118 1696
119 174
119 445
120 398
120 1871
121 1164
121 751
121 2214
121 1981
122 1035
122 2111
122 2535
123 2506
125 1488
126 2077
127 1657
127 619
127 1977
128 2463
129 2377
130 244
131 420
132 398
133 304
134 1470
134 1488
134 1164
135 2609
136 709
136 896
136 1164
138 139
138 140
138 141
138 142
138 143
138 144
138 145
139 965
139 2573
140 1297
140 751
140 2156
140 2373
141 2394
141 2424
142 2405
143 420
144 1035
145 988
145 2553
146 147
146 148
146 149
146 150
146 151
146 152
146 153
146 154
146 155
148 1709
148 1782
149 1649
150 2232
151 965
152 2619
154 414
155 2436
156 2232
157 278
157 2436
158 174
159 218
160 2535
161 984
162 1081
163 1762
163 619
164 2207
164 2568
165 1090
167 1915
168 174
169 2300
169 2396
170 780
171 2579
172 984
173 508
173 1563
173 2193
174 175
174 176
174 177
174 178
174 179
174 180
174 181
174 182
174 183
174 184
174 185
175 2624
176 2193
177 2186
177 2377
178 187
178 896
179 284
180 511
181 1035
181 1634
182 870
182 1877
182 2156
182 2567
183 343
183 414
183 1104
183 2561
184 420
184 896
184 1290
184 2193
185 511
186 187
186 780
187 188
187 189
187 190
187 191
187 192
187 193
187 194
187 195
187 196
187 197
187 198
187 199
187 200
187 201
187 202
187 203
187 204
187 205
187 206
187 207
187 208
187 209
187 210
187 211
187 212
187 213
188 1297
189 2093
189 2360
190 1583
190 2207
191 965
191 604
191 1831
191 1928
191 1649
191 2512
192 420
192 1357
192 2321
192 2405
192 2482
192 2560
193 445
193 534
193 870
193 780
193 2576
194 585
195 896
196 511
197 244
197 1563
198 1090
198 1563
198 1057
199 343
199 1057
200 2104
201 1782
201 2310
202 1097
203 998
204 244
205 2373
206 838
207 2608
208 1097
209 751
210 534
210 1290
211 709
211 780
211 1563
212 561
213 284
214 215
214 216
215 2125
217 218
217 2276
218 219
218 220
218 221
218 222
218 223
218 224
218 225
218 226
218 251
218 537
218 786
218 792
218 1048
218 1069
218 1659
218 1763
218 1992
218 2522
218 2559
219 751
219 1375
219 1150
219 2331
221 751
222 984
222 2232
222 2193
222 1143
223 2628
224 1981
225 284
226 2077
227 228
227 229
227 230
227 231
227 232
227 233
227 234
227 235
227 236
227 237
227 238
227 239
227 240
227 241
227 242
227 243
228 1750
229 1700
230 1169
231 1006
231 2224
232 2377
233 1090
233 2576
234 561
235 2077
236 1097
236 887
237 2321
238 1470
239 604
239 751
239 1649
241 2224
242 2300
243 2579
244 245
244 246
244 247
244 248
244 249
244 250
244 251
244 252
244 253
244 254
244 255
244 256
244 257
244 258
244 259
244 260
244 261
244 262
244 301
244 391
244 687
244 781
244 794
244 845
244 850
244 912
244 1060
244 1071
244 1073
244 1131
244 1206
244 1213
244 1222
244 1323
244 1373
244 1416
244 1417
244 1418
244 1419
244 1420
244 1421
244 1422
244 1423
244 1424
244 1425
244 1426
244 1427
244 1428
244 1429
244 1430
244 1431
244 1432
244 1433
244 1434
244 1435
244 1436
244 1465
244 1565
244 1576
244 2262
244 2263
246 396
247 1563
247 2320
247 2431
247 2598
248 2405
249 1563
249 2463
249 887
250 1807
250 2456
251 1090
251 1297
251 780
251 2327
252 1563
252 2349
253 370
254 304
255 1104
256 278
256 2320
257 1290
259 420
259 2239
259 896
259 887
260 2156
260 838
261 916
261 1563
261 2300
261 2356
261 2394
261 2598
262 619
263 2593
264 2408
264 751
264 762
264 1112
264 1236
264 1341
264 2000
264 2016
264 2089
264 2131
264 2165
264 2280
264 2340
264 2471
264 2520
265 1111
266 1709
267 2206
268 1937
268 751
268 1111
269 1740
270 271
270 272
270 273
271 2613
273 304
274 275
274 276
274 277
277 678
278 279
278 280
278 281
278 282
278 363
278 540
278 741
278 742
278 743
278 744
278 745
278 746
278 747
278 748
280 1700
281 2270
283 284
283 604
284 285
284 286
284 287
284 288
284 289
284 290
284 291
284 292
284 293
284 294
284 295
284 296
284 297
284 298
284 299
284 300
284 301
284 302
284 303
284 329
284 367
284 444
284 501
284 631
284 721
284 722
284 723
284 724
284 725
284 726
284 727
284 728
284 729
284 730
284 731
284 732
284 733
284 734
284 851
284 937
284 938
284 939
284 940
284 941
284 942
285 1510
286 1877
287 1667
287 2224
287 2306
288 619
289 2241
290 751
291 896
291 1290
293 683
294 304
295 1902
296 2144
296 2539
296 751
296 2584
297 619
297 2479
298 2077
298 751
299 1740
300 1807
301 1104
302 1164
303 398
304 305
304 306
304 307
304 308
304 309
304 310
304 311
304 346
304 350
304 477
304 509
304 588
304 717
304 742
304 755
304 946
304 1001
304 1056
304 1204
304 1240
304 1241
304 1242
304 1243
304 1358
304 1443
304 1518
304 1630
304 1773
304 1774
304 1775
304 1776
304 1777
304 1778
304 1779
304 1780
304 1781
304 1816
304 1817
304 1818
305 1081
307 2241
308 821
308 751
309 1090
309 2270
310 619
311 619
312 1388
313 398
313 2150
314 1351
315 2150
315 2496
316 2186
317 1936
318 1923
319 965
320 585
320 1541
320 1807
321 398
321 751
321 1649
322 1057
323 2369
324 2035
325 420
326 2095
327 2573
327 2577
328 1750
328 2509
329 398
329 887
329 619
329 2472
329 2630
330 1090
331 896
332 414
333 2509
333 1877
333 2339
334 414
334 2111
335 2458
336 1700
337 850
338 887
339 1667
340 870
340 2447
341 511
342 2035
343 2424
343 344
343 345
343 346
343 347
343 348
343 349
343 350
343 351
343 352
343 353
343 354
343 355
343 356
343 357
343 358
343 359
343 360
343 361
343 362
343 363
343 364
343 365
343 366
343 367
343 368
344 965
345 370
348 2424
349 2239
350 2069
351 2284
352 585
353 508
353 1730
353 2377
353 751
355 2360
356 396
357 420
357 508
359 2512
360 370
361 896
361 1488
362 1563
363 2394
365 780
366 2306
366 2616
367 896
368 984
369 1106
370 371
370 372
370 373
370 374
370 375
370 376
370 377
370 720
370 1267
370 1268
370 1269
370 1270
371 896
371 965
371 1470
371 1556
371 1164
371 2306
373 2193
374 1297
374 2506
374 2598
375 445
375 1510
376 2415
378 379
378 2186
379 380
379 381
379 382
379 383
379 384
379 385
379 386
379 387
379 388
379 389
379 390
379 391
379 392
379 393
379 394
379 395
379 396
379 397
381 2095
382 398
382 2512
382 2408
383 2431
383 2588
384 870
385 1057
385 2581
386 1859
387 1104
387 2546
387 2616
388 1143
389 2186
390 2306
392 2416
393 1035
393 1762
394 1090
395 1762
396 1297
396 1762
396 1915
396 2404
396 501
396 530
396 549
396 1305
396 1471
396 1693
396 1833
396 1885
396 1909
396 2489
396 2563
397 1164
398 399
398 400
398 401
398 402
398 403
398 404
398 405
398 406
398 407
398 408
398 409
398 410
398 411
398 412
398 413
398 414
398 415
398 416
398 417
398 418
398 501
398 564
398 565
398 582
398 610
398 613
398 627
398 628
398 629
398 630
398 631
398 632
398 633
398 634
398 635
398 636
398 637
398 638
398 660
398 664
398 665
398 666
398 667
398 668
398 669
398 670
398 671
398 672
398 673
398 674
398 675
398 676
398 677
398 705
398 735
398 736
398 737
398 783
398 979
398 983
398 1280
398 1324
398 1525
398 1526
398 1527
398 1528
399 751
400 1859
400 1923
401 2416
402 1915
403 751
404 838
404 414
405 2144
405 2339
406 751
406 1297
406 1740
406 2551
407 751
407 1649
407 2144
408 2626
409 1583
410 511
411 1556
412 896
412 619
412 2438
413 2487
414 547
414 668
414 743
414 830
414 858
414 901
414 1135
414 1176
414 1444
414 1813
414 2064
414 2065
414 2066
414 2067
414 2068
415 1164
416 2281
417 1541
418 2500
419 896
419 2136
419 619
420 421
420 422
420 423
420 424
420 425
420 426
420 427
420 428
420 429
420 430
420 431
420 432
420 433
420 434
420 435
420 436
420 437
420 438
420 439
420 440
420 441
420 442
420 443
420 444
421 1017
422 1786
423 1111
423 1470
423 2193
424 1593
425 1035
425 1871
426 1667
427 585
427 1807
428 1970
429 2573
431 1488
432 1845
433 998
433 2369
434 1855
436 2458
437 508
438 751
438 1667
439 2207
440 1762
440 2172
441 870
441 1877
441 2193
442 1164
442 2472
443 2077
444 534
444 916
444 1470
444 2207
445 446
445 447
445 448
445 449
445 450
445 451
445 452
445 453
445 454
445 455
445 456
445 457
445 458
445 459
445 460
445 461
445 462
445 463
445 464
447 511
448 2300
449 1090
450 1365
451 1877
452 1859
453 508
453 1877
454 1164
455 1164
456 2320
457 2182
458 838
459 1667
460 2405
462 870
463 821
463 1219
464 2551
465 1593
465 1696
466 1807
467 2546
468 1915
469 1104
469 1541
470 2526
471 1657
471 1807
472 1667
472 1750
472 1871
472 1730
472 1150
472 2095
472 2224
472 2259
472 2300
472 1143
472 2302
473 561
474 1510
475 2526
476 1807
477 709
478 2591
478 1104
479 838
480 896
480 1143
481 482
481 483
481 484
481 485
481 486
481 487
481 488
481 489
481 490
481 491
481 492
481 493
483 1563
483 1709
484 1104
485 984
486 2504
487 984
488 1750
488 1563
489 1762
489 1164
490 1111
491 1977
492 619
493 2536
494 495
494 496
494 497
494 498
494 499
494 500
494 607
494 639
494 640
494 641
494 642
494 643
494 644
494 645
494 646
494 647
494 648
494 649
494 650
494 651
494 652
495 751
496 751
496 1937
497 1831
497 2390
497 2614
498 1412
499 887
500 2597
502 503
502 504
502 505
502 506
502 507
503 988
504 829
504 1649
506 2415
507 751
508 509
508 510
510 2377
511 512
511 513
511 514
511 515
511 516
511 517
511 518
511 558
511 689
511 741
511 748
511 1003
511 1045
511 1124
511 1211
511 1253
511 1293
511 1332
511 1432
511 1508
511 1599
511 1618
511 1619
511 1620
511 1621
511 1622
511 1623
511 1624
511 1625
511 1626
511 1627
511 1628
511 1629
511 1630
511 1631
511 1632
512 1297
512 2551
513 838
514 2182
514 2438
515 1877
515 1057
516 1593
517 1563
518 2472
519 520
519 521
519 522
519 523
519 524
519 525
519 526
519 527
519 528
519 529
519 530
519 531
519 532
519 533
521 2400
522 1208
523 1790
526 1488
527 751
527 1516
528 2619
529 943
529 2104
530 1297
530 2077
530 2551
531 1709
532 2046
533 2182
534 2327
534 2556
534 535
534 536
534 537
534 538
534 539
534 540
534 541
534 542
534 543
534 544
534 545
534 546
534 547
534 548
534 549
534 550
534 551
534 552
534 553
534 554
535 1035
535 2519
536 683
536 1035
537 1807
537 619
537 2104
537 2241
537 1987
537 2630
538 2360
539 1510
540 780
540 1593
541 1297
542 1470
543 2186
544 1937
544 2104
544 2589
545 2224
548 1556
550 1297
551 916
552 2321
553 709
553 965
553 1970
553 2463
554 2222
555 556
555 557
557 2087
559 896
559 1928
559 1700
559 2497
559 2506
559 2615
560 2186
561 562
561 563
561 564
561 565
561 566
561 567
561 568
561 569
561 570
562 2476
562 887
563 1090
563 780
565 992
566 1593
567 1583
567 1709
567 1150
568 829
568 751
568 2408
568 2512
569 1762
570 998
571 1593
572 887
573 943
573 751
573 1164
573 1831
573 1987
573 2104
573 2144
573 2241
573 1111
573 2415
573 2480
573 2539
573 2556
573 2564
573 2613
574 2232
575 838
575 870
575 1649
575 1786
575 1111
575 2363
576 896
576 2193
577 1667
578 1169
580 2281
581 1730
581 1143
582 751
583 1960
583 751
584 604
585 586
585 587
586 984
587 861
589 2206
590 591
590 592
590 593
590 594
590 595
590 596
590 597
590 598
591 1634
591 1923
592 2035
593 2597
595 2239
596 2550
597 2416
598 2201
599 600
599 601
599 602
599 603
599 855
599 1656
599 1711
599 1798
599 1996
599 2026
599 2031
599 2032
599 2033
599 2034
600 2321
601 1510
602 1709
602 2373
603 2484
604 605
604 606
604 607
604 608
604 609
604 610
604 611
604 612
604 661
604 663
604 664
604 696
604 697
604 698
604 699
604 700
604 701
604 702
604 703
604 704
604 705
604 706
604 707
604 708
604 802
604 824
604 1277
604 1321
604 1322
604 1323
604 1324
605 751
606 2232
608 1111
609 1762
610 751
610 1762
610 2182
611 1649
611 2182
612 1987
612 2239
612 2591
614 2266
615 2490
616 1111
617 1649
617 2077
617 2587
618 2150
618 2320
618 1164
619 620
619 621
619 622
619 623
619 624
619 625
619 626
619 636
619 920
619 927
619 928
619 929
619 930
619 931
619 932
619 933
619 934
619 935
619 936
619 954
619 1138
619 1542
619 1548
619 1763
619 1839
619 1918
619 2055
619 2056
619 2057
619 2345
619 2372
619 2399
619 2507
619 2520
620 2321
621 2069
622 1017
623 2516
624 984
624 2239
625 1057
626 2500
627 2536
628 2077
628 2577
629 1583
629 1696
629 2136
630 2104
631 1762
632 2408
634 2327
635 1782
635 2118
635 2431
636 1740
637 751
637 1351
638 2604
639 751
639 780
640 1937
641 1111
641 751
642 751
642 1516
642 1807
643 2336
644 1470
646 2614
647 2276
648 751
648 1111
649 751
650 2144
651 2077
652 751
653 1057
654 1960
655 1104
656 1111
657 751
658 1111
658 1488
658 751
658 2207
659 1960
659 751
660 2524
661 751
661 1649
662 1649
663 1649
665 1297
665 751
665 2408
665 1987
666 751
666 1987
666 2214
666 2241
667 1987
667 2512
669 751
670 751
670 1649
672 2349
672 2408
673 1762
674 1164
674 751
674 1541
674 1649
674 1762
674 2182
674 2408
674 2512
674 2476
675 2408
676 1657
677 1649
678 679
678 680
678 681
678 682
679 2575
681 2266
682 2266
683 684
683 685
683 686
683 687
683 688
683 689
683 690
683 691
683 692
683 693
683 694
683 695
685 1006
686 2604
687 1219
687 1915
687 2500
687 2628
689 838
690 1915
691 2600
693 2526
694 2567
695 1459
696 1977
696 2526
696 2575
698 2003
700 773
700 1375
701 2539
701 2218
702 2536
703 887
704 1987
704 2408
704 2539
708 1915
708 751
708 1987
708 2539
709 710
709 711
709 712
709 713
709 714
709 715
709 716
709 717
709 718
709 719
709 720
709 721
710 2291
710 2436
711 1583
711 1104
712 2587
713 2424
714 2568
715 780
715 2136
716 887
718 2447
719 1634
720 870
724 2408
725 887
726 751
727 2291
728 751
729 1035
731 2521
732 887
733 2069
734 1164
735 751
735 1696
736 780
737 887
738 1716
739 1017
740 2087
741 1219
741 1357
741 838
741 1871
742 1219
742 2193
743 1006
744 1807
744 2239
745 2620
746 2543
747 2214
748 2369
748 2567
748 2634
749 2479
750 2447
751 1960
751 1987
751 2104
751 2327
751 752
751 753
751 754
751 755
751 756
751 757
751 758
751 759
751 760
751 761
751 762
751 763
751 764
751 765
751 766
751 767
751 768
751 769
751 770
751 771
751 772
751 785
751 799
751 800
751 801
751 807
751 808
751 809
751 813
751 814
751 815
751 822
751 827
751 832
751 833
751 834
751 835
751 884
751 938
751 941
751 959
751 979
751 1087
751 1112
751 1113
751 1121
751 1125
751 1127
751 1170
751 1230
751 1231
751 1232
751 1233
751 1234
751 1235
751 1236
751 1237
751 1238
751 1239
751 1247
751 1266
751 1271
751 1273
751 1274
751 1282
751 1287
751 1313
751 1324
751 1337
751 1338
751 1339
751 1340
751 1341
751 1342
751 1343
751 1363
751 1397
751 1398
751 1399
751 1400
751 1401
751 1402
751 1403
751 1404
751 1405
751 1406
751 1407
751 1408
751 1409
751 1410
751 1411
751 1412
751 1413
751 1414
751 1415
751 1526
751 1579
751 1606
751 1609
751 1610
751 1652
751 1662
751 1681
751 1805
751 1848
751 1963
751 1964
751 1967
751 1968
751 1969
751 1991
751 1994
751 1996
751 1997
751 1998
751 2000
751 2001
751 2002
751 2011
751 2012
751 2013
751 2014
751 2015
751 2016
751 2031
751 2054
751 2090
751 2091
751 2103
751 2105
751 2106
751 2107
751 2110
751 2128
751 2129
751 2155
751 2162
751 2163
751 2164
751 2165
751 2175
751 2176
751 2177
751 2234
751 2235
751 2236
751 2237
751 2275
751 2283
751 2329
751 2432
751 2470
751 2525
751 2542
751 2554
752 2380
754 2193
755 2514
756 1326
756 1987
757 1960
757 1987
757 2104
757 2408
758 2077
758 2548
759 2276
760 1831
761 1987
761 2539
763 1807
764 1987
765 1111
765 2424
765 2539
766 2077
767 2207
768 1831
769 1649
770 1412
771 2182
772 1111
772 1987
773 774
773 775
773 776
773 777
773 778
774 1855
775 2111
777 1667
778 2224
778 2567
779 780
779 1649
780 781
780 782
780 783
780 784
780 785
780 786
780 787
780 788
780 789
780 790
780 791
780 792
780 793
780 794
780 795
780 796
780 797
780 798
780 827
780 924
780 939
780 1048
780 1050
780 1062
780 1078
780 1121
780 1244
780 1245
780 1246
780 1247
780 1248
780 1249
780 1250
780 1251
780 1252
780 1253
780 1254
780 1255
780 1256
780 1257
780 1379
780 1569
780 1710
780 1793
780 2004
780 2057
780 2061
780 2101
780 2192
781 1657
781 2363
781 2415
781 2611
782 2281
782 2506
784 1740
784 2281
784 2611
787 1510
787 2069
788 2327
789 2349
790 2349
791 2150
793 1928
795 2077
796 2276
797 1459
797 2448
798 896
799 1111
799 1831
799 2104
803 2514
804 2404
805 1412
806 2514
807 1960
807 2339
810 2512
811 2136
811 1981
811 2548
812 2327
813 1111
814 1960
814 2253
814 2327
816 1738
817 2259
817 2539
818 2270
819 2270
820 2621
821 822
821 823
821 824
821 825
821 826
821 827
822 1111
823 2558
825 1510
826 1977
826 2136
826 2186
827 916
827 1057
827 2380
827 2232
828 829
828 2186
829 2182
829 830
829 831
829 832
829 833
829 834
829 835
829 836
829 837
830 1583
832 1516
833 887
833 2310
834 1111
836 1412
837 2336
838 839
838 840
838 841
838 842
838 843
838 844
838 845
838 846
838 847
838 848
838 849
838 979
838 1043
838 1049
838 1207
838 1229
838 1296
838 1391
838 1445
838 1446
838 1447
838 1508
838 1619
838 1642
838 1643
838 1644
838 1645
838 1646
838 1647
838 1648
838 1884
838 1974
838 2170
838 2228
838 2229
838 2230
838 2231
839 1563
839 2448
840 850
840 1057
840 1208
840 2533
842 1005
842 2339
843 2095
844 2416
845 1667
846 870
846 2608
847 896
847 2069
848 1563
848 1807
848 2516
849 1208
850 1634
850 1855
850 1150
850 2302
850 851
850 852
850 853
850 854
850 855
850 856
850 857
850 858
850 859
850 860
851 1923
851 2476
851 1104
852 896
853 2259
854 1977
854 2111
854 2567
855 1057
855 1563
855 2424
856 2539
857 1219
858 2448
859 1762
860 1871
860 2315
861 862
861 863
861 864
861 865
861 866
862 2241
865 2193
866 2144
866 2077
867 2593
868 2266
869 943
869 2104
869 2497
869 2580
870 871
870 872
870 873
870 874
870 875
870 876
870 877
870 878
870 879
870 880
870 881
870 882
871 887
871 1351
872 1730
873 2448
874 1740
875 1488
876 2396
878 1164
879 1365
880 2506
881 2284
882 1035
882 1357
882 1750
882 2239
883 1871
883 1150
884 2431
884 1696
885 2218
886 2207
887 888
887 889
887 890
887 891
887 892
887 893
887 894
887 895
887 950
887 976
887 978
887 979
887 980
887 981
887 982
887 983
887 1080
887 1197
887 1243
887 1417
887 1419
887 1477
887 1483
887 1559
887 1579
887 1590
887 1619
887 1712
887 1733
887 1846
887 1878
887 1895
887 2021
887 2084
887 2091
887 2122
887 2123
887 2124
887 2208
887 2290
887 2307
887 2376
887 2411
887 2454
887 2531
887 2602
888 2207
889 896
890 1700
891 2479
893 1164
894 943
895 1326
896 897
896 898
896 899
896 900
896 901
896 902
896 903
896 904
896 905
896 906
896 907
896 908
896 909
896 910
896 911
896 912
896 913
896 914
896 915
896 934
896 968
896 982
896 996
896 1033
896 1138
896 1190
896 1191
896 1192
896 1193
896 1194
896 1195
896 1196
896 1197
896 1198
896 1199
896 1200
896 1201
896 1202
896 1203
896 1204
896 1205
896 1206
896 1207
896 1217
896 1311
896 1352
896 1362
896 1393
896 1480
896 1529
896 1554
896 1564
896 1588
896 1607
896 1718
896 1763
896 1765
896 1804
896 2020
896 2094
896 2247
896 2248
896 2249
896 2250
896 2251
896 2252
896 2361
896 2368
897 1583
898 2438
898 2567
899 2186
900 1164
901 1740
901 1696
901 1164
902 1164
903 1326
903 1556
903 2093
904 2336
905 992
906 965
906 1556
906 2616
907 1057
908 1696
909 1556
909 2487
910 2581
911 1104
913 1583
914 1150
914 2259
915 1807
915 1871
915 2583
916 917
916 918
916 919
916 920
916 921
916 922
916 923
916 924
916 925
916 926
917 2320
918 1583
919 2232
920 1667
920 1762
921 1807
921 2104
921 2551
922 1459
923 2496
925 1563
926 965
926 2476
927 1150
927 2232
928 2539
929 1057
930 2182
931 1035
932 984
932 1541
932 2497
933 2589
934 1583
934 2627
935 1090
936 1563
936 2497
937 1297
940 2512
941 2576
942 998
942 1750
942 1987
943 944
943 945
943 946
943 947
943 948
943 949
943 950
943 951
943 952
943 953
943 954
943 955
943 956
943 957
943 958
943 959
943 960
943 961
943 962
943 963
943 964
944 2182
945 2104
946 1563
946 1667
946 2118
947 2327
948 1057
949 2582
951 2599
952 1634
953 984
955 2182
956 2062
957 965
958 1987
959 2077
959 2310
959 2551
959 2604
960 2331
961 1375
962 2062
963 2241
964 2172
965 966
965 967
965 968
965 969
965 970
965 971
965 972
965 973
965 974
965 975
965 976
965 977
966 2598
967 2320
969 992
970 1470
970 1488
971 1164
972 1488
973 2476
974 2207
975 1164
976 1057
977 2035
978 1510
979 1987
979 2564
980 2472
980 2476
980 2550
981 2259
982 1164
982 2627
983 2224
983 2536
983 2539
983 2564
983 2629
984 985
984 986
984 987
984 994
984 1207
984 1249
984 1300
984 1309
984 1325
984 1362
984 1372
984 1377
984 1448
984 1449
984 1450
984 1451
984 1452
984 1453
984 1454
984 1455
984 1456
984 1457
984 1458
984 1843
984 1844
984 1948
984 1949
984 1950
984 2167
984 2168
984 2169
984 2170
984 2171
985 1297
986 2239
986 2611
987 1730
987 2550
988 989
988 990
988 991
989 1667
990 2456
991 1831
992 993
992 994
992 995
992 996
992 997
993 1169
993 1150
993 1923
995 2172
996 1164
998 999
998 1000
998 1001
998 1002
998 1003
998 1004
999 1730
1000 1006
1002 2576
1003 2616
1004 2622
1006 1750
1006 1007
1006 1008
1006 1009
1006 1010
1006 1011
1006 1012
1006 1013
1006 1014
1006 1015
1006 1016
1006 1017
1006 1018
1006 1019
1006 1020
1006 1021
1006 1022
1006 1023
1006 1024
1006 1025
1006 1026
1006 1027
1006 1028
1006 1029
1006 1030
1006 1031
1006 1032
1006 1033
1006 1034
1007 2259
1008 2259
1009 1563
1010 2095
1011 1700
1012 1859
1013 2111
1014 1365
1016 1219
1016 1541
1016 1667
1016 1859
1016 1700
1017 1451
1017 1627
1017 1840
1018 1859
1018 2634
1019 2259
1020 1541
1021 1104
1021 1593
1021 1634
1021 1855
1021 1859
1021 1150
1021 2095
1021 2300
1021 1143
1021 2509
1021 2302
1022 1488
1023 1593
1023 1634
1024 1104
1025 2182
1025 2405
1026 1470
1027 1855
1027 1150
1028 1987
1029 1750
1030 1859
1031 1859
1031 2300
1031 2490
1031 2500
1031 2302
1032 1164
1033 1470
1033 2156
1034 1583
1035 1036
1035 1037
1035 1038
1035 1039
1035 1040
1035 1041
1035 1042
1035 1043
1035 1044
1035 1045
1035 1046
1035 1047
1035 1048
1035 1049
1035 1050
1035 1051
1035 1052
1035 1053
1035 1054
1035 1055
1035 1056
1036 1634
1037 1208
1037 2543
1037 2620
1038 2479
1039 1297
1041 1845
1042 1859
1042 2069
1044 1593
1044 2609
1045 1208
1045 2369
1046 1583
1047 1902
1048 1541
1048 1730
1048 1563
1048 1740
1048 2327
1048 2539
1048 2595
1051 2504
1051 2543
1054 1782
1055 1928
1056 1357
1056 2095
1056 2504
1057 1058
1057 1059
1057 1060
1057 1061
1057 1062
1057 1063
1057 1064
1057 1065
1057 1066
1057 1067
1057 1068
1057 1069
1057 1070
1057 1071
1057 1072
1057 1073
1057 1074
1057 1075
1057 1076
1057 1077
1057 1078
1057 1079
1057 1663
1057 1743
1057 1774
1057 1779
1057 2005
1057 2006
1057 2007
1057 2008
1058 2232
1059 1657
1060 2373
1060 2553
1061 2452
1062 1081
1063 2577
1064 1081
1065 2150
1066 1696
1067 1696
1068 2605
1070 1297
1070 1970
1071 1928
1072 1563
1072 1709
1074 1657
1075 1696
1075 1740
1075 2576
1076 1583
1077 1709
1077 2394
1077 2584
1078 1709
1078 2550
1079 2624
1080 2062
1081 1082
1081 1083
1081 1084
1081 1085
1081 1086
1081 1087
1081 1088
1081 1089
1082 1915
1083 2331
1084 2452
1085 1375
1086 2232
1087 2186
1087 2408
1088 2193
1089 2239
1090 1091
1090 1092
1090 1093
1090 1094
1090 1095
1090 1096
1091 1970
1092 2172
1092 2349
1093 2555
1094 1297
1095 2077
1095 2380
1096 2539
1097 1104
1097 1098
1097 1099
1097 1100
1097 1101
1097 1102
1097 1103
1097 1105
1098 1845
1099 2259
1100 2512
1100 2536
1101 2461
1103 1700
1104 1357
1104 1593
1104 2300
1104 1143
1104 2302
1104 1120
1104 1129
1104 1136
1104 1137
1104 1138
1104 1139
1104 1140
1104 1141
1104 1142
1104 1144
1104 1145
1104 1146
1104 1147
1104 1148
1104 1149
1104 1150
1104 1151
1104 1152
1104 1153
1104 1154
1104 1155
1104 1156
1104 1157
1104 1158
1104 1159
1104 1160
1104 1161
1104 1162
1104 1163
1104 1363
1104 1440
1104 1461
1104 1579
1104 1629
1104 1721
1104 1849
1104 1892
1104 1914
1104 2067
1104 2079
1104 2169
1104 2401
1104 2429
1104 2437
1105 1208
1106 1107
1106 1108
1106 1109
1106 1110
1107 1388
1109 2631
1110 2270
1111 1112
1111 1113
1111 1114
1111 1115
1111 1116
1111 1117
1111 1118
1111 1119
1111 1120
1111 1121
1111 1122
1111 1123
1111 1124
1111 1125
1111 1126
1111 1127
1111 1272
1111 1636
1111 1701
1111 1835
1111 1993
1111 2080
1111 2148
1111 2211
1111 2274
1111 2275
1111 2295
1111 2542
1111 2572
1112 1937
1112 1987
1112 1740
1112 2222
1112 2276
1114 2276
1114 2339
1115 1516
1115 2513
1116 1538
1116 2513
1117 2281
1119 1987
1121 2336
1121 1987
1122 2390
1123 1412
1125 1583
1126 2579
1128 2259
1129 1667
1129 1859
1129 2095
1129 1871
1129 2224
1130 1667
1130 2224
1132 1667
1132 2224
1132 2363
1132 2302
1133 2519
1133 2543
1133 2600
1134 2543
1134 2587
1135 1290
1135 1541
1135 1583
1136 1365
1136 2095
1137 1750
1137 2062
1137 2259
1138 2380
1140 2487
1140 1791
1143 1593
1143 1157
1143 1160
1143 1161
1143 1226
1143 1533
1143 1537
1143 1719
1143 1727
1143 1889
1143 2260
1143 2278
1143 2301
1143 2303
1143 2305
1143 2433
1144 1634
1144 2111
1145 1855
1146 2557
1147 2095
1147 2111
1148 2046
1149 1297
1149 1928
1149 2241
1149 2555
1150 1667
1150 1859
1150 2095
1150 1871
1150 2224
1150 1286
1150 1596
1150 1598
1150 1678
1150 1725
1150 1826
1150 1892
1150 1912
1150 1913
1150 1914
1151 1219
1153 1859
1153 2095
1153 1700
1154 1762
1155 2156
1156 1923
1157 1859
1157 2095
1158 1297
1159 1634
1160 1667
1160 1859
1160 2224
1160 2300
1161 1593
1162 1583
1163 2136
1163 2535
1164 1165
1164 1166
1164 1167
1164 1168
1164 1169
1164 1170
1164 1171
1164 1172
1164 1173
1164 1174
1164 1175
1164 1176
1164 1177
1164 1178
1164 1179
1164 1180
1164 1181
1164 1182
1164 1200
1164 1237
1164 1311
1164 1317
1164 1329
1164 1372
1164 1384
1164 1419
1164 1457
1164 1479
1164 1483
1164 1487
1164 1492
1164 1495
1164 1547
1164 1573
1164 1731
1164 1732
1164 1733
1164 1734
1164 1735
1164 1736
1164 1737
1164 1764
1164 1824
1164 1841
1164 1891
1164 1929
1164 1931
1164 1951
1164 1952
1164 1953
1164 1954
1164 2016
1164 2017
1164 2018
1164 2027
1164 2049
1164 2050
1164 2051
1164 2052
1164 2053
1164 2054
1164 2277
1164 2515
1165 2207
1166 1970
1167 1762
1168 1915
1169 1321
1169 1426
1169 1646
1169 1902
1169 1903
1169 1904
1169 1905
1169 1906
1169 1907
1169 1908
1169 1909
1171 1696
1172 1541
1173 2172
1174 1762
1175 2232
1176 1488
1176 2224
1176 2360
1177 2568
1178 1470
1179 1923
1179 1928
1180 1928
1181 1696
1182 2214
1183 1184
1183 1185
1183 1186
1183 1187
1183 1188
1183 1189
1184 2388
1185 2632
1186 2575
1188 2565
1189 2206
1190 2315
1191 1696
1192 1740
1192 2360
1193 1877
1193 2598
1194 1667
1195 1871
1195 2600
1196 2408
1198 2506
1199 2480
1200 2093
1201 1488
1201 1970
1201 2207
1201 2306
1202 1563
1203 1696
1204 1290
1204 1541
1204 1970
1204 2136
1204 2568
1205 1488
1205 2186
1205 2476
1207 2035
1208 1209
1208 1210
1208 1211
1208 1212
1208 1213
1208 1214
1208 1215
1208 1216
1208 1217
1208 1218
1209 2600
1210 1807
1212 2521
1214 2504
1215 1740
1215 1928
1215 2241
1216 1750
1217 1541
1218 2576
1219 1593
1219 1859
1219 2479
1219 1220
1219 1221
1219 1222
1219 1223
1219 1224
1219 1225
1219 1226
1219 1227
1219 1228
1219 1229
1220 1563
1221 2224
1223 1859
1224 1855
1225 2441
1226 1593
1227 2634
1228 1750
1228 1859
1228 2500
1230 2241
1231 1987
1232 1412
1233 1657
1233 2104
1233 2253
1234 1987
1236 2415
1237 1709
1237 2571
1237 2580
1238 1987
1239 1657
1240 2291
1241 1510
1242 2521
1243 1297
1243 1563
1243 2201
1244 2456
1245 1696
1246 1657
1247 2404
1247 1987
1248 2456
1250 2062
1251 1730
1251 2327
1252 2506
1254 2605
1255 2424
1256 1563
1258 1831
1259 1563
1260 2614
1261 2556
1262 2500
1263 2390
1264 1649
1265 2441
1265 1981
1265 2458
1266 1657
1267 2331
1268 1375
1268 1541
1268 1583
1268 1970
1268 2136
1268 2441
1268 2487
1269 2136
1270 2571
1271 1412
1272 2404
1273 1563
1273 1649
1273 1987
1273 2104
1273 2415
1275 1977
1276 1831
1278 2536
1279 1987
1279 2276
1281 1657
1283 1516
1283 1657
1284 2613
1285 1831
1286 1583
1286 2069
1286 2111
1286 2479
1288 2561
1289 1290
1289 2615
1290 1291
1290 1292
1290 1293
1290 1294
1290 1295
1290 1296
1291 2416
1292 1762
1292 1928
1292 2186
1293 2588
1294 1936
1294 2306
1294 2377
1294 2438
1295 1936
1297 1298
1297 1299
1297 1300
1297 1301
1297 1302
1297 1303
1297 1304
1297 1305
1297 1306
1297 1307
1297 1308
1297 1309
1297 1310
1297 1311
1297 1312
1297 1313
1297 1314
1297 1315
1297 1316
1297 1317
1297 1318
1297 1319
1297 1344
1297 1345
1297 1346
1297 1347
1297 1348
1297 1349
1297 1350
1298 2506
1299 1877
1299 2605
1301 2551
1302 1649
1302 2241
1303 1696
1303 2539
1304 2448
1306 2490
1307 1583
1307 1877
1308 2506
1309 2579
1310 1326
1310 1470
1310 2315
1310 2310
1310 2472
1311 1470
1311 2452
1311 2463
1312 1563
1313 1987
1313 1563
1314 2448
1314 1981
1314 2573
1315 1696
1315 2394
1315 2416
1316 2571
1316 2624
1318 2241
1319 2201
1320 2125
1322 1970
1322 2321
1324 1649
1324 1762
1324 2536
1326 2315
1326 1563
1326 1327
1326 1328
1326 1329
1326 1330
1326 1331
1326 1332
1326 1333
1326 1334
1326 1335
1326 1336
1328 2615
1330 1762
1330 1696
1331 2315
1333 1740
1333 1936
1334 2306
1334 2360
1334 2476
1335 2315
1336 2284
1337 1981
1337 1987
1338 2046
1339 1987
1340 1987
1341 1790
1341 1987
1341 1649
1342 2564
1343 2104
1344 2614
1344 2629
1345 1649
1345 2077
1346 2564
1347 1696
1347 2310
1347 2452
1347 2576
1348 1970
1349 2201
1350 1915
1350 2369
1351 1352
1351 1353
1351 1354
1351 1355
1352 1541
1353 1649
1354 2598
1355 1541
1356 1745
1356 2388
1357 1358
1357 1359
1357 1360
1357 1361
1357 1362
1357 1363
1359 1807
1360 1696
1361 2156
1363 1583
1363 1667
1363 2320
1364 2482
1365 1366
1365 1367
1365 1368
1365 1369
1365 1370
1365 1371
1365 1372
1365 1373
1365 1374
1367 1470
1369 1730
1370 1593
1370 1859
1370 2095
1371 2363
1372 2452
1373 2424
1375 1376
1375 1377
1375 1378
1375 1379
1375 1380
1375 1381
1375 1382
1375 1383
1375 1384
1375 1385
1375 1386
1375 1387
1376 1541
1378 1541
1378 1970
1379 1563
1380 1981
1381 2608
1382 2436
1383 1786
1386 2281
1387 1563
1387 1740
1387 2497
1387 2589
1388 1389
1390 2622
1392 1762
1394 2150
1395 1563
1396 1786
1397 2182
1398 2539
1399 1740
1400 2415
1400 1981
1401 2104
1401 1981
1402 1987
1403 2514
1403 1412
1404 2611
1405 1412
1405 2514
1406 2253
1406 1412
1407 1516
1407 1538
1407 1412
1408 1657
1409 1412
1410 2513
1411 2380
1412 1520
1412 1522
1412 1829
1412 1993
1412 2132
1412 2203
1412 2213
1412 2254
1412 2295
1412 2296
1412 2297
1412 2298
1413 1987
1414 1987
1415 1987
1416 2504
1418 1667
1418 2136
1420 2321
1421 2516
1423 2239
1424 2628
1425 2077
1425 2232
1427 1696
1428 2497
1429 2438
1430 2611
1431 1709
1431 2276
1431 2584
1434 1871
1434 2458
1435 2424
1436 2576
1437 2111
1437 2479
1438 2369
1439 1696
1441 1807
1442 1807
1442 2193
1442 2577
1446 2166
1446 2300
1446 2363
1448 1563
1449 1470
1450 1634
1450 2458
1452 2276
1453 2186
1454 2186
1455 2253
1457 1649
1458 2310
1459 1460
1459 1461
1459 1462
1459 1463
1459 1464
1459 1465
1459 1466
1459 1467
1459 1468
1460 2582
1462 2485
1463 2485
1464 2380
1466 2356
1467 1516
1468 2550
1469 2586
1470 1471
1470 1472
1470 1473
1470 1474
1470 1475
1470 1476
1470 1477
1470 1478
1470 1479
1470 1480
1470 1481
1470 1482
1470 1483
1470 1484
1470 1485
1470 1486
1470 1868
1470 2088
1470 2089
1470 2090
1470 2091
1470 2092
1471 2276
1472 2617
1474 2239
1475 2214
1477 1740
1478 1859
1478 2095
1479 1556
1479 1696
1479 2310
1479 2360
1479 2394
1479 2472
1479 2521
1481 2046
1481 2201
1481 2310
1482 2472
1484 1696
1484 2186
1485 2310
1485 2438
1486 1488
1487 1488
1487 2360
1488 1489
1488 1490
1488 1491
1488 1492
1488 1493
1488 1494
1488 1495
1488 1496
1488 1497
1488 1498
1488 1499
1490 2369
1491 2321
1492 2377
1493 2585
1494 1556
1494 1936
1494 2306
1496 2310
1496 2424
1496 2476
1497 1936
1498 2186
1498 2448
1499 1730
1500 2186
1501 1807
1501 2436
1502 2567
1503 2579
1504 2438
1505 2291
1506 2186
1507 1807
1508 2369
1509 1510
1510 1511
1510 1512
1510 1513
1510 1514
1510 1515
1511 2077
1512 2441
1514 2232
1516 1517
1516 1518
1516 1519
1516 1520
1516 1521
1516 1522
1516 1523
1516 1524
1517 1657
1518 1762
1519 1563
1524 2514
1525 2104
1527 2497
1527 2627
1528 2581
1530 1556
1531 1750
1532 2447
1533 2300
1533 2302
1534 1667
1534 1730
1535 1915
1536 2479
1536 2535
1536 2584
1536 2628
1537 1667
1537 2224
1537 2302
1538 1539
1538 1540
1539 2342
1540 1960
1541 1542
1541 1543
1541 1544
1541 1545
1541 1546
1541 1547
1541 1548
1541 1549
1541 1550
1541 1551
1541 1552
1541 1553
1541 1554
1541 1555
1542 2576
1543 1583
1544 1928
1544 2259
1545 1563
1546 1871
1546 2576
1547 2232
1548 2630
1549 2438
1550 1667
1551 1928
1552 2214
1552 2373
1552 2615
1553 2302
1554 2241
1554 2360
1554 2394
1555 1970
1555 2077
1555 2539
1556 1557
1556 1558
1556 1559
1556 1560
1556 1561
1556 1562
1557 2405
1558 2193
1559 2306
1559 2218
1560 1667
1561 2046
1562 1936
1562 2232
1563 1564
1563 1565
1563 1566
1563 1567
1563 1568
1563 1569
1563 1570
1563 1571
1563 1572
1563 1573
1563 1574
1563 1575
1563 1576
1563 1577
1563 1578
1563 1579
1563 1580
1563 1581
1563 1582
1563 1757
1563 1883
1563 1979
1563 2000
1563 2009
1563 2010
1563 2263
1563 2318
1563 2443
1563 2530
1563 2531
1563 2532
1566 1987
1567 1859
1568 2580
1570 2404
1571 1696
1572 2193
1572 2450
1573 2441
1574 1750
1574 2349
1574 2509
1574 2555
1574 2576
1574 2611
1574 2624
1575 2172
1575 2394
1576 1696
1576 2046
1576 2394
1576 2579
1577 2349
1577 2458
1577 2581
1577 2615
1578 2568
1579 1928
1579 2327
1580 2561
1582 2415
1583 1584
1583 1585
1583 1586
1583 1587
1583 1588
1583 1589
1583 1590
1583 1591
1583 1592
1584 2617
1586 1700
1589 2526
1590 1667
1590 1970
1590 2046
1590 2214
1591 2380
1591 2577
1592 2306
1593 1859
1593 1594
1593 1595
1593 1596
1593 1597
1593 1598
1593 1599
1593 1600
1593 1601
1593 1602
1593 1603
1593 1604
1593 1605
1594 2095
1594 1871
1594 2394
1594 2490
1595 1634
1595 2568
1596 1667
1596 2224
1597 1877
1599 1807
1599 2363
1600 2315
1604 2369
1604 2490
1605 2535
1606 1740
1607 2394
1608 1762
1609 1987
1611 1649
1611 1740
1612 2046
1613 2496
1614 1667
1614 2224
1615 2496
1616 2207
1617 2150
1618 1786
1619 1786
1620 1807
1621 1709
1622 2436
1623 1730
1624 2504
1625 2320
1628 2500
1628 2620
1629 1807
1629 2193
1629 2239
1629 2573
1631 2598
1632 1807
1633 1634
1633 2373
1634 1635
1634 1636
1634 1637
1634 1638
1634 1639
1634 1640
1634 1641
1635 2035
1636 1831
1636 2408
1636 1987
1637 1871
1638 2035
1639 1871
1640 2186
1641 1871
1641 2111
1642 1970
1643 2291
1645 1807
1645 2441
1647 2193
1648 2480
1649 1650
1649 1651
1649 1652
1649 1653
1649 1654
1649 1655
1649 1656
1649 1686
1649 1938
1649 1984
1649 1985
1649 1986
1649 2154
1649 2155
1651 2182
1652 2539
1653 2524
1654 2620
1655 2539
1656 1831
1657 1658
1657 1659
1657 1660
1657 1661
1657 1662
1657 1663
1657 1664
1657 1665
1657 1666
1657 1989
1658 2172
1658 2276
1660 2321
1661 1960
1661 1987
1661 2408
1663 2253
1664 1740
1665 2077
1666 1977
1667 2224
1667 2259
1667 1700
1667 1668
1667 1669
1667 1670
1667 1671
1667 1672
1667 1673
1667 1674
1667 1675
1667 1676
1667 1677
1667 1678
1667 1679
1667 1680
1667 1681
1667 1682
1667 1683
1667 1714
1667 1720
1667 2170
1668 1750
1669 2224
1669 2369
1670 2360
1673 1855
1673 1859
1673 2095
1673 2224
1673 2300
1673 2302
1674 1877
1675 1782
1675 2232
1676 2224
1677 1709
1677 2224
1678 2224
1679 1859
1679 1871
1680 1923
1680 2224
1682 2239
1683 2224
1684 2605
1685 2506
1687 1923
1688 1750
1688 2035
1689 2321
1690 2095
1691 1923
1692 2482
1694 2535
1694 2539
1694 2598
1695 1859
1696 1697
1696 1698
1696 1699
1696 1700
1696 1819
1696 1820
1696 1821
1696 1822
1696 1823
1696 1824
1696 1825
1696 1826
1696 1827
1696 1828
1696 1829
1696 1830
1696 1838
1696 1890
1696 1979
1696 2019
1696 2020
1696 2021
1696 2022
1696 2023
1696 2082
1696 2083
1696 2084
1696 2304
1696 2590
1697 2396
1698 2587
1699 2521
1700 1913
1700 2011
1700 2041
1700 2324
1700 2527
1700 2528
1700 2529
1701 2339
1702 2178
1703 2320
1704 1851
1705 2603
1706 2538
1707 2227
1708 2538
1709 1710
1709 1711
1709 1712
1709 1713
1709 1714
1709 1715
1711 2394
1711 2571
1713 2623
1715 2424
1716 1717
1717 2431
1718 2396
1719 1871
1719 2111
1721 1877
1722 2535
1723 2535
1724 2616
1725 2095
1726 1871
1726 2450
1727 2300
1727 2302
1728 2535
1729 2224
1730 1882
1730 1891
1730 1895
1730 1896
1731 2561
1732 1936
1732 2207
1734 2310
1735 1740
1736 2452
1737 2046
1737 2360
1738 1739
1740 1741
1740 1742
1740 1743
1740 1744
1740 1799
1740 1830
1740 1867
1740 2005
1740 2024
1740 2025
1740 2026
1740 2027
1740 2028
1740 2029
1740 2043
1740 2220
1740 2221
1740 2222
1740 2223
1741 2373
1742 2214
1744 2136
1745 1746
1745 1747
1745 1748
1745 1749
1746 1897
1747 2125
1748 1897
1750 1751
1750 1752
1750 1753
1750 1754
1750 1755
1750 1756
1750 1757
1750 1758
1750 1759
1750 1760
1750 1761
1751 1859
1752 2259
1752 2300
1753 2447
1755 2600
1757 2156
1757 2306
1757 2506
1758 2571
1760 2576
1761 1871
1762 1763
1762 1764
1762 1765
1762 1766
1762 1767
1762 1768
1762 1769
1762 1770
1762 1771
1762 1772
1763 2046
1763 2310
1766 2093
1767 2186
1768 2222
1769 2377
1770 2424
1771 2624
1772 2377
1773 2193
1775 2253
1776 2193
1777 2239
1778 2598
1781 1977
1782 2431
1782 1783
1782 1784
1782 1785
1783 2431
1784 2118
1785 2431
1786 1787
1786 1788
1786 1789
1787 1987
1787 2336
1788 2172
1788 2604
1789 1877
1790 1791
1790 1792
1790 1793
1790 1794
1790 1795
1790 1796
1790 1797
1790 1798
1790 1799
1792 2387
1793 2431
1794 2172
1794 2456
1794 2458
1794 2576
1794 2583
1795 2619
1796 2394
1796 2396
1797 2616
1800 1801
1800 1802
1800 1803
1801 1977
1802 2431
1803 1807
1806 2136
1807 2516
1807 1808
1807 1809
1807 1810
1807 1811
1807 1812
1807 1813
1807 1814
1807 1815
1807 1842
1807 1931
1807 1955
1807 1956
1807 1957
1807 1958
1807 1959
1807 2120
1807 2121
1808 2567
1809 2598
1810 2193
1810 2573
1811 2315
1811 2516
1812 2193
1814 2504
1815 1877
1816 2046
1818 2201
1819 2416
1819 2482
1820 2539
1821 2452
1822 1915
1823 2580
1824 2214
1825 2186
1827 2550
1828 2605
1830 2396
1831 1832
1831 1833
1831 1834
1831 1835
1831 1836
1833 2390
1834 2336
1834 2625
1835 1987
1836 2206
1837 2193
1841 1936
1841 2239
1841 2377
1841 2587
1842 2543
1843 2546
1845 2120
1845 2372
1845 2406
1845 2423
1845 2518
1847 2448
1847 2557
1847 1902
1848 2535
1848 2539
1850 2546
1851 1852
1851 1853
1854 2062
1855 1859
1855 1856
1855 1857
1855 1858
1856 2404
1857 2111
1858 2349
1859 1869
1859 1874
1859 1886
1859 1887
1859 1888
1859 1889
1859 1890
1859 1891
1859 1892
1859 1893
1860 2472
1860 2576
1861 2568
1862 2349
1863 2077
1864 2582
1864 2624
1865 2327
1865 2394
1866 2095
1869 2232
1869 2576
1870 2291
1870 2321
1870 2526
1871 1872
1871 1873
1871 1874
1871 1875
1871 1876
1871 1887
1871 1912
1871 2096
1871 2097
1871 2098
1871 2099
1871 2100
1871 2101
1871 2102
1872 2136
1873 2589
1875 2111
1876 2363
1877 1878
1877 1879
1877 1880
1877 1881
1877 1882
1877 1883
1877 1884
1877 1885
1877 2169
1877 2289
1879 2450
1880 2516
1881 2487
1886 2320
1888 2349
1891 2224
1891 2539
1892 2095
1893 2291
1893 2519
1893 2595
1894 2569
1895 2306
1895 2315
1895 2232
1896 2077
1897 1898
1897 1899
1897 1900
1897 1901
1899 2593
1901 2178
1902 2601
1903 2580
1904 1960
1904 2336
1905 1928
1906 1915
1907 2349
1908 2482
1910 2227
1911 2125
1911 2227
1911 2593
1914 2224
1915 1916
1915 1917
1915 1918
1915 1919
1915 1920
1915 1921
1915 1922
1916 2321
1917 2583
1919 2035
1920 2456
1921 2576
1922 2516
1923 1924
1923 1925
1923 1926
1924 2595
1925 2241
1926 2156
1927 1928
1927 2232
1928 1929
1928 1930
1928 1931
1928 1932
1928 1933
1928 1934
1928 1935
1931 2201
1931 2373
1931 2506
1931 2611
1932 2214
1935 2561
1937 1938
1937 1939
1937 1940
1937 1941
1937 1942
1937 1943
1937 1944
1937 1945
1937 1946
1939 2336
1940 2539
1940 2629
1941 1977
1943 1981
1944 2336
1946 2564
1947 1977
1948 2526
1949 2222
1950 2369
1950 2193
1951 2310
1952 2561
1952 2604
1953 2377
1954 2369
1955 2436
1956 2521
1957 2193
1957 2441
1957 2447
1958 2516
1959 2509
1960 1961
1960 1962
1960 1963
1960 1964
1960 1965
1960 1966
1960 1967
1960 1968
1960 1969
1961 1987
1962 2415
1963 1987
1966 1987
1967 1987
1969 1987
1970 1971
1970 1972
1970 1973
1970 1974
1970 1975
1970 1976
1971 2093
1971 2472
1971 2476
1972 2500
1973 2377
1974 2441
1974 2558
1975 2306
1976 2628
1977 1978
1977 1979
1977 1980
1977 1981
1977 1982
1977 1983
1977 2042
1977 2085
1977 2086
1978 2390
1979 2186
1979 2476
1980 2300
1980 2390
1981 2390
1981 2433
1982 2405
1983 1987
1984 2553
1986 2408
1986 2276
1987 1988
1987 1989
1987 1990
1987 1991
1987 1992
1987 1993
1987 1994
1987 1995
1987 1996
1987 1997
1987 1998
1987 1999
1987 2000
1987 2001
1987 2002
1987 2012
1987 2107
1987 2164
1987 2175
1987 2176
1987 2234
1987 2236
1987 2237
1987 2403
1987 2470
1987 2471
1987 2478
1988 2582
1990 2238
1991 2104
1992 2327
1995 2327
1997 2599
1997 2408
1999 2104
2000 2104
2000 2315
2001 2241
2003 2004
2004 2595
2006 2356
2006 2452
2007 2186
2007 2597
2008 2394
2009 2424
2010 2599
2014 2513
2015 2408
2016 2104
2016 2512
2017 2535
2018 2306
2019 2553
2020 2377
2020 2310
2020 2581
2022 2207
2022 2627
2023 2349
2023 2377
2023 2310
2023 2480
2024 2556
2024 2560
2025 2104
2025 2214
2025 2218
2027 2546
2028 2452
2029 2613
2030 2388
2032 2482
2034 2111
2035 2036
2035 2037
2035 2038
2035 2039
2035 2040
2035 2041
2035 2042
2035 2043
2039 2519
2040 2377
2041 2519
2042 2576
2043 2360
2043 2377
2044 2232
2045 2436
2046 2047
2046 2048
2047 2186
2048 2450
2049 2383
2050 2452
2051 2224
2051 2463
2052 2104
2052 2582
2053 2356
2054 2310
2055 2172
2056 2276
2058 2239
2059 2582
2060 2390
2062 2063
2062 2374
2062 2499
2064 2573
2065 2069
2066 2259
2068 2360
2069 2070
2069 2071
2069 2072
2069 2073
2069 2074
2069 2075
2069 2076
2070 2509
2071 2300
2073 2144
2073 2611
2073 2633
2075 2633
2076 2172
2077 2078
2077 2079
2077 2080
2077 2081
2077 2105
2077 2128
2077 2129
2077 2130
2077 2131
2077 2132
2077 2133
2077 2134
2077 2464
2077 2465
2078 2587
2079 2441
2079 2612
2082 2144
2082 2512
2083 2629
2085 2458
2086 2104
2089 2408
2089 2539
2090 2458
2091 2104
2092 2360
2093 2094
2094 2186
2096 2111
2097 2627
2098 2634
2099 2321
2100 2111
2101 2480
2102 2315
2102 2327
2102 2599
2103 2241
2104 2105
2104 2106
2104 2107
2104 2108
2104 2109
2104 2110
2105 2567
2108 2336
2109 2431
2111 2535
2111 2112
2111 2113
2111 2114
2111 2115
2111 2116
2111 2117
2112 2533
2113 2535
2114 2535
2116 2617
2117 2302
2118 2119
2121 2193
2121 2450
2122 2306
2123 2306
2125 2126
2125 2127
2126 2538
2127 2569
2130 2521
2132 2619
2133 2186
2133 2557
2134 2589
2135 2227
2136 2137
2136 2138
2136 2139
2136 2140
2136 2141
2136 2142
2138 2546
2139 2622
2140 2241
2140 2456
2140 2458
2140 2487
2142 2480
2142 2581
2143 2144
2143 2276
2144 2145
2144 2146
2144 2147
2144 2148
2145 2441
2146 2193
2146 2400
2147 2380
2149 2284
2149 2360
2150 2151
2150 2152
2150 2153
2151 2496
2152 2276
2153 2331
2153 2566
2154 2182
2155 2539
2156 2157
2156 2158
2156 2159
2156 2160
2158 2535
2159 2224
2159 2463
2160 2193
2161 2574
2162 2512
2163 2614
2164 2222
2164 2551
2165 2514
2167 2583
2168 2416
2171 2598
2172 2173
2172 2174
2173 2447
2174 2207
2177 2614
2178 2179
2178 2180
2178 2181
2179 2538
2180 2538
2181 2538
2182 2183
2182 2184
2183 2604
2184 2321
2185 2493
2186 2187
2186 2188
2186 2189
2186 2190
2186 2191
2186 2287
2186 2288
2186 2289
2186 2290
2187 2539
2188 2380
2189 2232
2189 2373
2189 2480
2189 2579
2190 2548
2191 2321
2192 2458
2193 2194
2193 2195
2193 2196
2193 2197
2193 2198
2193 2199
2193 2242
2193 2322
2193 2389
2194 2363
2195 2291
2196 2567
2197 2424
2198 2606
2199 2369
2200 2553
2201 2202
2201 2203
2201 2204
2201 2205
2202 2519
2204 2576
2205 2405
2207 2627
2207 2208
2207 2209
2209 2377
2210 2266
2212 2339
2214 2215
2214 2216
2214 2217
2214 2218
2215 2560
2216 2291
2217 2241
2217 2629
2218 2323
2218 2389
2218 2481
2218 2544
2218 2545
2219 2425
2220 2239
2221 2482
2222 2352
2222 2465
2222 2522
2222 2523
2223 2553
2224 2225
2224 2226
2226 2405
2228 2310
2229 2320
2229 2363
2229 2546
2230 2416
2231 2519
2232 2233
2232 2453
2232 2454
2232 2455
2233 2259
2235 2604
2239 2240
2240 2396
2241 2242
2241 2243
2241 2244
2242 2600
2243 2482
2244 2472
2245 2622
2246 2336
2247 2627
2248 2506
2248 2516
2249 2579
2250 2493
2250 2571
2251 2533
2251 2584
2252 2396
2253 2254
2253 2255
2253 2256
2253 2257
2255 2331
2256 2514
2257 2394
2258 2631
2259 2260
2259 2261
2260 2302
2261 2436
2262 2605
2263 2300
2263 2480
2264 2625
2265 2415
2266 2267
2266 2268
2266 2269
2268 2586
2270 2271
2270 2272
2270 2273
2271 2461
2272 2438
2274 2550
2276 2277
2276 2278
2276 2279
2276 2280
2276 2540
2276 2541
2276 2542
2279 2404
2279 2415
2280 2516
2281 2282
2281 2283
2282 2456
2282 2472
2282 2476
2284 2285
2284 2286
2285 2627
2286 2315
2287 2321
2287 2598
2288 2396
2291 2292
2291 2293
2291 2294
2292 2550
2293 2441
2293 2447
2294 2579
2296 2577
2297 2513
2298 2533
2299 2300
2299 2306
2300 2302
2300 2301
2300 2303
2300 2304
2300 2305
2301 2302
2302 2305
2304 2579
2305 2500
2306 2307
2306 2308
2306 2309
2308 2331
2308 2400
2309 2576
2310 2311
2310 2312
2310 2313
2310 2314
2310 2375
2310 2434
2310 2435
2311 2504
2312 2394
2313 2394
2314 2377
2315 2497
2315 2316
2315 2317
2315 2318
2315 2319
2316 2485
2319 2579
2321 2322
2321 2323
2321 2324
2321 2422
2321 2477
2321 2478
2325 2326
2327 2328
2327 2329
2327 2330
2328 2577
2328 2633
2329 2629
2330 2441
2331 2332
2331 2333
2331 2334
2331 2335
2333 2496
2334 2452
2335 2447
2336 2337
2336 2338
2336 2339
2336 2340
2336 2341
2337 2339
2338 2533
2339 2341
2339 2393
2339 2418
2343 2579
2344 2576
2346 2567
2347 2450
2348 2349
2349 2350
2349 2351
2349 2352
2349 2353
2349 2354
2350 2450
2351 2424
2352 2551
2353 2380
2353 2506
2354 2624
2355 2436
2356 2357
2356 2358
2356 2359
2357 2628
2359 2553
2360 2361
2360 2362
2362 2472
2362 2476
2363 2364
2363 2365
2363 2366
2363 2367
2363 2368
2364 2369
2365 2573
2366 2576
2367 2400
2369 2370
2369 2371
2369 2372
2370 2583
2371 2405
2372 2504
2372 2591
2373 2374
2377 2378
2378 2560
2379 2461
2380 2381
2380 2382
2381 2608
2384 2385
2384 2607
2385 2386
2386 2607
2390 2391
2390 2392
2390 2393
2391 2614
2392 2424
2394 2395
2395 2480
2396 2397
2396 2398
2396 2399
2397 2447
2397 2561
2397 2577
2398 2568
2400 2401
2400 2402
2400 2403
2403 2415
2405 2406
2405 2407
2407 2582
2408 2409
2408 2410
2409 2504
2410 2539
2411 2628
2412 2526
2413 2450
2414 2553
2416 2417
2416 2418
2416 2419
2416 2420
2416 2421
2416 2422
2416 2423
2417 2526
2419 2461
2421 2606
2425 2426
2427 2494
2428 2599
2430 2431
2430 2619
2431 2432
2434 2543
2435 2599
2436 2437
2438 2439
2438 2440
2439 2616
2440 2448
2442 2535
2444 2629
2445 2526
2446 2567
2448 2449
2449 2562
2450 2451
2451 2567
2453 2480
2455 2581
2456 2457
2457 2560
2458 2459
2458 2460
2459 2588
2460 2521
2461 2462
2463 2487
2464 2551
2466 2595
2467 2496
2468 2567
2469 2479
2469 2509
2471 2560
2472 2473
2472 2474
2472 2475
2472 2476
2473 2476
2474 2476
2475 2476
2475 2630
2476 2515
2477 2627
2482 2483
2483 2567
2486 2574
2487 2488
2487 2489
2488 2560
2490 2491
2490 2492
2491 2521
2492 2524
2494 2495
2495 2625
2497 2498
2497 2499
2498 2630
2500 2501
2500 2502
2501 2580
2503 2616
2504 2507
2504 2508
2505 2533
2505 2617
2508 2626
2509 2510
2509 2511
2510 2576
2511 2583
2516 2517
2518 2600
2523 2605
2524 2525
2529 2550
2529 2558
2532 2604
2533 2534
2534 2605
2536 2537
2537 2566
2539 2572
2540 2629
2541 2614
2544 2598
2545 2573
2545 2611
2546 2547
2547 2611
2548 2549
2551 2552
2552 2630
2553 2554
2559 2613
2563 2604
2569 2570
2570 2621
2577 2578
2578 2599
2591 2592
2592 2624
2594 2595
2594 2611
2595 2596
2596 2616
2600 2601
2602 2626
2609 2610
2610 2620
2618 2632
