3806 8458
1 2
1 3
1 4
1 5
1 6
1 7
1 8
1 9
1 10
1 11
1 12
1 13
1 27
1 28
1 29
1 30
1 31
1 32
1 33
1 34
1 35
1 36
1 37
1 38
1 44
1 66
1 67
1 68
1 69
1 70
1 71
1 72
1 73
1 74
1 75
1 76
1 77
1 78
1 79
1 80
1 114
1 115
1 116
1 117
1 118
1 119
1 120
1 121
1 122
1 123
1 124
1 125
2 39
4 1332
5 189
6 315
8 17
8 153
8 1929
8 1428
9 1526
10 567
10 1007
10 2656
10 2802
11 2639
12 3024
13 3564
14 15
14 16
16 1388
17 18
17 19
17 20
17 21
17 22
17 23
17 24
17 25
17 26
18 1662
18 2405
18 2581
18 1284
18 2979
18 1522
18 3254
18 1132
18 2630
18 523
18 713
18 839
18 1153
18 1162
18 1174
18 1703
18 1717
18 1773
18 1990
18 2037
18 2072
18 2270
18 2808
18 2809
19 1902
20 3662
22 2503
23 51
24 516
24 3138
25 738
25 895
25 1112
25 3223
26 1744
27 3298
28 3610
29 189
30 2645
31 89
32 584
33 1549
34 3131
35 252
36 3089
36 3135
36 3468
37 2752
37 3600
38 371
39 40
39 41
39 42
39 43
39 44
39 45
39 46
39 47
39 48
39 49
39 50
40 3212
41 674
42 585
42 3754
45 3189
46 674
47 674
48 3013
48 3112
48 3041
48 422
48 645
48 904
48 1006
48 1099
48 1279
48 1305
48 1373
48 1450
48 1470
48 1534
48 1640
48 1675
48 1680
48 1764
48 1859
48 1929
48 1934
48 2160
48 2178
48 2260
48 2405
48 2589
48 2854
48 2999
48 3014
48 3444
50 3388
51 3502
51 52
51 53
51 54
51 55
51 56
51 57
51 58
51 59
51 60
51 61
51 62
51 63
51 64
51 291
51 1414
51 2471
51 3278
51 3519
52 2405
52 1287
52 2633
53 1007
53 1613
53 2621
54 240
54 3756
55 443
56 1197
56 2357
56 2908
58 2935
59 2305
59 3123
60 3582
61 2273
62 315
63 3229
64 2456
64 3490
65 3468
66 1710
67 621
68 684
69 3089
70 1571
71 3041
72 3388
73 1254
74 930
75 931
75 1910
75 3223
75 3326
75 360
76 252
77 362
78 345
78 1549
78 2373
79 3591
79 2493
79 3717
80 216
80 895
80 1445
80 2052
80 2545
81 82
81 83
81 84
81 85
81 86
81 87
82 559
83 2187
84 975
85 416
86 577
87 585
87 1894
88 89
88 3466
89 2845
89 90
89 91
89 92
89 93
89 94
89 95
89 96
89 97
89 98
89 99
89 100
89 101
89 102
89 103
89 104
89 105
89 203
89 234
89 237
89 279
89 280
89 281
89 282
89 283
89 284
89 295
89 325
89 326
89 327
89 328
89 329
89 330
89 331
89 332
89 333
89 334
89 335
89 336
89 337
89 338
89 339
89 340
89 341
89 342
89 343
89 344
89 352
89 388
89 415
89 417
89 660
89 673
89 721
89 723
89 724
89 725
89 726
89 727
89 728
89 729
89 730
89 731
89 732
89 733
89 734
89 735
89 736
89 787
89 817
89 838
89 841
89 866
89 921
89 929
89 959
89 968
89 969
89 972
89 1079
89 1085
89 1088
89 1089
89 1091
89 1096
89 1113
89 1135
89 1136
89 1137
89 1138
89 1139
89 1140
89 1141
89 1142
89 1143
89 1144
89 1145
89 1146
89 1147
89 1148
89 1149
89 1150
89 1151
89 1152
89 1153
89 1154
89 1155
89 1156
89 1157
89 1158
89 1187
89 1188
89 1192
89 1418
89 1419
89 1420
89 1421
89 1422
89 1423
89 1424
89 1425
89 1426
89 1447
89 1458
89 1492
89 1518
89 1542
89 1624
89 1694
89 1726
89 1739
89 1755
89 1779
89 1837
89 1842
89 1867
89 1910
89 1911
89 1912
89 1913
89 1914
89 1915
89 1916
89 1917
89 1918
89 1919
89 1920
89 1921
89 1922
89 1992
89 2055
89 2060
89 2065
89 2066
89 2067
89 2068
89 2069
89 2070
89 2071
89 2072
89 2073
89 2074
89 2075
89 2076
89 2106
89 2137
89 2205
89 2206
89 2207
89 2208
89 2209
89 2210
89 2211
89 2212
89 2213
89 2214
89 2215
89 2224
89 2458
89 2501
89 2507
89 2608
89 2673
89 2699
89 2700
89 2701
89 2702
89 2703
89 2704
89 2705
89 2706
89 3006
89 3045
89 3183
89 3485
89 3536
89 3537
89 3538
90 2187
90 2752
91 2601
92 2125
92 924
93 818
94 3619
95 1526
96 1440
97 872
97 3388
97 3411
98 2484
99 924
99 3566
100 2845
101 1267
102 3591
103 2429
104 1388
105 931
106 107
106 108
106 109
106 110
106 111
106 112
106 113
107 416
107 2091
107 2099
107 3381
108 642
109 2125
109 1578
109 1571
110 252
110 399
110 2326
110 2479
110 2752
110 745
110 3790
111 2386
112 642
112 1578
112 2779
112 3692
113 2290
113 3024
114 189
115 139
115 872
115 605
115 1159
115 1171
115 1376
115 1571
115 1695
115 2290
115 1287
115 2953
115 2670
115 1788
115 3530
115 3803
116 2357
117 2336
117 2550
117 2893
117 3013
117 3112
117 3526
118 3790
119 818
119 1350
119 1932
119 2909
120 1744
121 1571
121 2861
121 3022
121 3052
122 3428
123 1287
124 3276
125 674
126 127
126 128
126 129
126 130
126 131
126 132
126 133
126 134
126 135
126 136
126 137
126 138
127 975
128 3319
129 605
129 3305
130 2694
131 2386
132 2326
132 2595
132 2652
132 3395
132 3446
132 3497
132 1695
132 3577
132 3678
133 2248
133 3406
134 975
134 2399
135 2484
136 3104
137 756
138 3005
138 1159
139 140
139 141
139 142
139 143
139 144
139 145
139 146
139 147
139 148
139 149
139 150
139 151
139 152
140 2752
140 3590
141 2077
142 738
143 2908
143 3316
143 2493
144 1647
145 1578
146 1262
146 2978
147 2670
149 1159
150 1376
151 2908
152 181
152 371
153 154
153 155
153 156
153 157
153 158
153 159
153 160
153 161
153 162
153 207
153 218
153 219
153 220
153 221
153 222
153 223
153 224
153 225
153 226
153 227
153 228
153 229
153 230
153 231
153 232
153 233
153 234
153 235
153 236
153 237
153 238
153 239
154 1744
155 1910
156 1760
156 3316
156 3507
157 1536
158 605
159 1962
160 1428
160 1523
160 2373
161 585
161 3748
162 1774
163 164
163 165
163 166
164 2500
165 3648
166 872
167 168
167 169
167 170
167 171
169 2993
170 2621
171 1698
172 173
172 174
172 175
172 176
172 177
172 178
172 179
172 180
172 1425
172 1699
172 2289
172 3101
172 3160
172 3211
172 3618
173 2901
173 2752
173 2645
174 2145
175 1767
176 2645
176 3249
176 3645
177 3770
178 3022
179 2550
180 3005
181 182
181 183
181 184
181 185
181 186
181 187
181 188
182 1522
183 301
183 611
184 2017
184 2456
185 1647
186 1388
187 658
187 975
187 2779
187 3232
187 3770
188 2059
189 190
189 191
189 192
189 193
189 194
189 195
189 196
189 197
189 198
189 199
189 200
189 201
189 202
189 203
189 204
189 205
189 206
189 207
189 208
189 209
189 210
189 211
189 212
189 213
189 214
190 2118
191 745
191 3673
192 1549
192 2581
192 1675
192 3115
192 3588
192 3418
192 3793
193 1829
193 3327
193 3490
193 3562
193 3777
194 895
194 2399
195 3724
196 1112
197 1647
197 2460
197 745
197 3595
197 3720
198 895
198 2953
199 3493
199 3616
200 2222
201 301
201 2312
201 3254
201 3528
202 1171
202 2779
202 3155
202 3400
202 3796
204 2645
205 526
206 1578
207 526
207 605
207 2553
207 1788
208 1932
209 2881
210 684
211 2405
211 3060
211 3542
212 1788
213 3497
214 577
215 3584
216 217
217 658
217 3691
218 1563
218 3572
219 526
219 1536
219 3531
220 2031
220 2373
220 745
221 2312
222 2460
223 2312
223 3736
225 2645
225 3212
226 1440
227 745
227 818
227 2099
228 3739
229 642
229 3024
229 3027
230 1563
231 2107
232 605
233 2645
234 301
234 1968
235 465
236 1819
237 345
237 2479
237 3338
237 3406
238 1445
239 1237
240 241
240 242
240 243
240 244
240 245
240 246
240 247
240 248
240 249
240 309
240 337
240 408
240 420
240 476
240 540
240 896
240 1115
240 1326
240 1327
240 1328
240 1329
240 1330
240 1452
240 1610
240 1699
240 1747
240 1916
240 1973
240 2005
240 2131
240 2132
240 2133
240 2134
240 2135
240 2136
240 2137
240 2138
240 2139
240 2140
240 2141
240 2142
240 2143
240 2144
240 2172
240 2203
240 2375
240 2508
240 2627
240 2679
240 2753
240 2794
240 2828
240 2832
240 2833
240 2834
240 3169
240 3170
240 3171
241 1159
242 2656
243 3446
244 1687
245 1184
246 2901
247 2187
247 3041
247 3570
249 2738
249 2901
250 251
251 3127
252 253
252 254
252 255
252 256
252 257
252 258
252 259
253 2525
253 3052
254 577
255 3570
256 2456
258 2405
259 526
260 261
260 3793
261 2901
261 262
261 263
261 264
261 265
261 266
261 267
261 268
261 269
261 270
261 271
261 272
261 273
261 274
261 275
261 276
261 277
261 278
262 286
263 2611
264 818
265 1253
266 1262
266 712
267 2405
268 2861
268 3528
268 3566
269 1549
269 1929
269 1522
269 3254
269 3305
270 3458
271 2405
272 3560
273 1465
273 1910
273 3060
274 416
275 1159
275 2429
275 584
275 1522
275 3721
276 712
276 3776
277 1662
278 315
279 642
280 2635
281 362
282 465
283 1445
283 930
283 2993
284 2273
285 286
285 2373
286 287
286 288
286 289
286 290
286 291
286 292
286 293
286 294
286 295
286 296
286 297
286 298
286 299
286 300
287 1267
289 712
290 3637
291 2326
291 2556
292 3041
293 3138
293 3654
294 439
294 2692
294 2309
295 3680
297 2881
298 567
299 416
299 3614
300 745
300 3381
301 3383
301 302
301 303
301 304
301 305
301 306
301 307
301 308
301 309
301 310
301 311
301 312
301 313
301 314
301 366
301 423
301 432
301 456
301 460
301 461
301 462
301 463
301 464
301 471
301 517
301 563
301 668
301 673
301 1257
301 1540
301 1550
301 1722
301 1737
301 1756
301 1780
301 1809
301 2115
301 2116
301 2117
301 2118
301 2119
301 2341
301 2593
301 2948
301 3040
301 3070
301 3162
301 3231
301 3236
301 3320
301 3351
301 3422
301 3423
301 3424
301 3425
301 3426
301 3427
301 3467
301 3626
302 315
303 924
303 3488
304 756
304 2621
304 642
305 745
306 1268
307 2876
308 775
308 3614
309 1578
310 642
311 1744
312 2752
313 642
314 585
315 316
315 317
315 318
315 319
315 320
315 321
315 322
315 450
315 625
315 717
315 1050
315 1193
315 1196
315 1235
315 1258
315 1263
315 1299
315 1401
315 1567
315 1629
315 1630
315 1631
315 1632
315 1633
315 1634
315 1635
315 1636
315 1637
315 1638
315 1639
315 1640
315 1641
315 1642
315 1643
315 1644
315 1645
315 1646
316 2348
317 3531
318 800
318 832
318 1332
318 1810
318 2312
318 2818
318 3466
318 3131
319 2370
319 2978
320 2099
320 3742
321 3218
322 416
323 2001
324 642
324 2909
324 3645
325 684
325 975
325 2512
325 1687
325 2876
325 2901
325 1522
325 3022
325 3600
326 3616
327 1350
328 818
328 1968
329 2802
330 2373
330 2979
330 3257
331 1788
332 1829
332 1862
333 3562
334 2779
335 567
335 895
335 967
335 2091
335 2881
335 3218
335 3262
336 3366
337 1071
337 1710
337 2180
337 2652
337 2818
337 3104
337 3382
337 3388
337 3678
337 3795
338 818
338 1171
338 1376
338 1698
338 2187
338 1287
338 3229
338 3316
338 3488
339 1710
340 2851
341 3684
342 2273
343 891
344 1171
345 346
345 347
345 348
345 349
345 350
345 351
345 352
345 353
346 605
347 2373
348 3360
349 399
350 1071
350 3381
351 2031
351 2802
353 3276
354 355
354 356
354 357
354 358
354 359
354 360
354 361
355 1428
356 2091
357 3797
358 1578
358 2635
359 2621
360 462
360 1264
360 2486
360 3683
361 1698
362 363
362 364
362 365
362 366
362 367
362 368
362 369
362 370
363 1695
363 3507
364 1267
364 2703
364 3582
365 642
365 1184
367 1007
367 2973
367 3464
367 3588
368 2125
369 1695
370 3024
371 372
371 373
371 374
371 375
371 376
371 377
371 378
371 379
371 380
371 381
371 382
371 383
371 384
371 385
371 386
371 387
371 388
371 389
371 390
371 391
371 392
371 393
371 394
371 395
371 396
371 397
371 398
371 2279
371 2560
371 3435
371 3606
371 3624
371 3727
372 3595
373 3223
374 658
375 2099
376 3257
378 872
379 3218
380 2581
380 2197
380 3600
381 554
382 3600
383 3566
384 3801
385 3607
386 856
386 2645
387 2770
389 546
389 856
389 1388
390 2017
390 3497
391 3131
391 3658
392 2187
393 2553
394 2373
395 2973
396 3380
397 818
398 2161
399 400
399 401
399 402
399 403
399 404
399 405
399 406
399 407
399 408
399 409
399 410
399 411
399 412
399 413
399 414
399 415
400 2633
401 1721
402 3360
402 1695
403 3763
404 3764
405 2973
406 554
406 3041
407 2621
407 3027
408 1862
408 1571
408 642
408 3572
409 1465
410 1829
412 3096
412 3150
413 930
413 924
416 417
416 418
416 419
416 420
416 421
416 422
416 423
416 424
416 425
416 426
416 427
416 428
416 429
416 430
416 431
416 432
416 433
416 434
416 435
416 436
416 437
417 738
417 756
417 1309
418 3502
419 3620
419 3675
420 2052
420 2099
420 3560
421 3617
424 3789
425 2713
426 1523
426 2187
426 924
426 3732
427 546
429 3750
430 1388
431 2336
432 1744
432 1819
433 2429
434 3780
435 674
435 2336
435 2363
436 2770
437 3282
438 439
439 440
439 441
439 442
439 601
439 777
439 788
439 789
439 790
439 791
439 792
439 793
439 794
439 795
439 796
439 797
439 798
439 799
440 818
440 3790
441 2326
442 2536
443 444
443 445
443 446
443 447
443 448
443 449
443 450
443 451
443 452
443 453
443 454
443 455
443 456
443 457
443 458
444 738
445 495
446 577
446 2738
446 1647
446 2957
446 1767
446 1461
447 3432
448 1388
448 1929
448 2309
449 3022
450 3560
451 3794
452 2512
453 975
454 3669
455 3619
457 3675
458 738
459 2752
460 1171
461 924
463 3223
464 818
465 466
465 467
465 468
465 469
465 470
465 471
465 472
465 473
465 474
465 475
465 476
465 477
465 478
465 479
465 480
465 481
465 482
465 483
465 484
465 485
465 486
465 487
465 488
465 489
465 490
465 491
465 492
465 493
465 494
466 2091
466 2724
467 2187
467 3257
468 3745
469 818
470 2031
470 3301
470 3381
473 684
475 3466
476 642
479 930
479 1744
479 2993
480 2633
481 2479
482 2091
482 1744
483 1810
483 3678
484 745
484 2645
485 1019
485 3316
485 3620
486 2125
487 2752
488 1819
488 1578
488 3406
489 3763
490 3526
490 3614
491 2187
491 3301
491 2309
492 3723
493 605
494 1007
495 496
495 497
495 498
495 499
495 500
495 501
495 502
495 503
495 504
495 505
495 506
495 507
495 508
495 509
495 510
495 511
495 512
495 513
495 514
495 515
496 2611
497 3488
497 3778
498 2370
499 3089
500 1428
500 2118
501 3782
502 1428
503 2336
503 2639
504 2621
506 3376
508 924
509 3262
510 3432
511 3370
512 3163
513 818
514 3135
515 3497
516 517
516 518
516 519
516 520
516 521
516 522
516 523
516 524
516 525
517 3328
518 2187
518 3016
519 3254
519 3792
520 3393
521 1332
522 621
523 605
523 1760
523 1132
523 2893
523 1522
523 1284
523 2405
523 3406
523 3566
523 3572
523 3785
524 818
524 1647
524 1962
525 2953
525 1522
525 2399
526 527
526 528
526 529
526 530
526 531
526 532
526 533
526 534
526 535
526 960
526 1021
526 1124
526 1360
526 1361
526 1362
526 1363
526 1364
526 1365
526 1366
526 1367
526 1368
526 1369
526 1370
526 1371
526 1372
526 1373
526 1374
526 1375
527 1675
528 1647
528 1284
528 3138
528 1578
528 3369
529 1563
529 674
529 2399
529 3507
530 1929
530 1287
530 1284
530 3418
531 2180
532 1687
533 3776
534 745
534 2031
534 1932
534 2973
535 2645
536 1332
537 2197
537 2978
537 3416
537 3468
538 539
538 540
538 541
538 542
538 543
538 544
538 545
539 1968
540 895
540 2845
541 2099
542 931
543 2525
544 2161
545 3382
546 547
546 548
546 549
546 550
546 551
546 552
546 553
547 3223
547 3695
548 2503
549 1774
549 1445
549 2818
549 3150
549 1428
549 3432
550 2348
550 3381
551 2553
552 2125
553 567
553 2770
554 555
554 556
554 557
554 558
555 2187
556 1197
557 3282
558 832
558 2405
558 2979
558 3232
559 2187
559 2953
559 3316
559 3406
559 560
559 561
559 562
559 563
559 564
559 565
559 566
560 3223
561 567
561 3542
562 3123
562 3733
563 1536
563 3174
564 2581
564 2645
565 3595
566 856
567 568
567 569
567 570
567 571
567 572
567 573
567 574
567 575
568 3479
569 2187
569 3649
570 832
570 1211
570 2197
570 1829
570 3259
570 3384
571 872
572 585
573 3733
574 1563
575 1894
576 577
576 3795
577 578
577 579
577 580
577 581
577 582
577 583
577 584
578 832
578 967
578 2099
578 2503
579 1268
579 3446
580 3539
581 3414
582 931
582 3276
582 3382
583 1563
584 605
584 3720
584 690
584 1304
584 1476
584 1857
584 1895
584 2409
584 2737
584 3064
584 3076
584 3172
584 3173
584 3174
584 3175
584 3176
584 3177
584 3178
584 3179
584 3180
584 3181
585 586
585 587
585 588
585 589
585 590
585 591
585 592
585 593
585 594
585 595
585 596
585 597
585 598
585 599
585 600
585 601
585 602
585 603
585 604
586 924
586 3370
587 1526
588 924
589 684
590 658
591 3024
592 1237
592 3123
593 1428
596 3383
597 2479
597 3370
598 930
599 1932
600 2645
601 2456
601 1744
602 3669
603 1237
603 3212
604 1332
604 2386
604 2429
604 3380
604 3620
604 3690
605 2187
605 924
605 1675
605 1522
605 1284
605 1132
605 2692
605 2399
605 3785
605 611
605 606
605 607
605 608
605 609
605 610
605 612
605 613
605 614
605 615
605 616
605 617
605 618
605 619
605 620
605 641
605 676
605 677
605 707
605 710
605 752
605 839
605 909
605 915
605 927
605 965
605 974
605 979
605 1068
605 1097
605 1098
605 1099
605 1100
605 1101
605 1102
605 1103
605 1104
605 1105
605 1106
605 1107
605 1108
605 1109
605 1110
605 1111
605 1112
605 1113
605 1114
605 1115
605 1116
605 1117
605 1118
605 1119
605 1120
605 1121
605 1122
605 1123
605 1124
605 1125
605 1126
605 1127
605 1128
605 1129
605 1130
605 1131
605 1133
605 1134
605 1224
605 1273
605 1278
605 1366
605 1451
605 1470
605 1505
605 1506
605 1507
605 1508
605 1509
605 1510
605 1511
605 1512
605 1513
605 1514
605 1515
605 1516
605 1591
605 1592
605 1593
605 1594
605 1595
605 1596
605 1597
605 1598
605 1599
605 1600
606 3713
607 1894
608 1112
609 2752
610 1902
611 1307
611 1373
611 1460
611 1492
611 1929
611 2160
611 2165
611 2268
611 2270
611 2310
611 2410
611 2589
611 2631
611 2853
611 2854
611 3232
611 3241
611 3567
611 3786
612 1428
613 1675
613 3484
613 3724
614 2611
614 3619
615 3406
615 3595
615 1767
616 3772
617 1549
617 3301
617 3305
617 2309
618 1578
618 3507
619 1549
619 1929
619 2187
619 1675
619 3254
620 3507
621 622
621 623
621 624
621 625
621 626
622 2373
623 3005
624 1428
624 1159
625 891
626 3462
627 628
627 629
627 630
627 631
627 632
627 633
627 634
627 635
627 636
627 637
627 638
627 639
627 640
628 1662
628 2290
628 2305
629 2222
630 1929
630 1523
631 3388
632 3338
632 3390
632 3579
633 1536
634 1237
634 3721
635 3395
636 1237
636 1523
636 2727
636 3155
636 3528
637 1744
638 2499
639 975
640 3052
641 642
641 1829
641 3048
641 3502
641 3730
642 643
642 644
642 645
642 646
642 647
642 648
642 649
642 650
642 651
642 652
642 653
642 654
642 655
642 656
642 719
642 721
642 734
642 815
642 880
642 1227
642 1233
642 1493
642 1601
642 1602
642 1603
642 1604
642 1605
642 1606
642 1607
642 1608
642 1870
642 1880
642 1890
642 2068
642 2135
642 2172
642 2389
642 2790
642 2932
642 2933
642 2934
643 658
643 3526
644 1613
644 2326
644 674
646 832
646 2633
647 1774
647 931
648 1962
651 3032
651 3259
652 1237
652 1662
652 1132
652 2309
653 895
653 1733
654 2581
654 3380
654 3715
656 2861
656 3615
657 658
657 3305
658 659
658 660
658 661
658 662
658 663
658 664
658 665
658 666
658 667
658 668
658 669
658 670
658 671
658 672
658 673
659 2187
660 3468
661 3060
662 2031
662 1159
663 1060
663 1392
663 1395
663 1800
663 2235
663 2827
663 2963
663 3281
663 3325
663 3483
664 3223
665 1910
666 3772
667 2386
667 2187
667 3595
668 1211
668 2563
668 2652
668 1465
669 1571
669 2125
669 2484
669 3704
669 3570
670 1428
670 2645
671 674
671 2973
672 1571
673 1287
673 2429
674 675
674 676
674 677
674 678
674 679
674 680
674 681
674 682
674 683
674 743
674 770
674 1108
674 1111
674 1319
674 1324
674 1532
674 1553
674 1905
674 1930
674 2205
674 2264
674 2265
674 2486
674 2762
674 2772
674 2804
674 2847
674 3023
674 3073
674 3074
674 3075
674 3076
674 3077
674 3078
674 3079
674 3533
674 3549
674 3550
675 2639
678 3612
679 3326
680 1428
680 3789
681 1522
681 1284
681 3276
682 2553
683 2639
684 3254
684 685
684 686
684 687
684 688
684 689
684 690
684 691
684 692
684 693
684 694
684 695
684 696
684 697
684 698
684 699
684 700
684 701
684 702
684 703
684 704
684 705
684 706
684 707
684 708
684 709
684 710
684 711
684 712
685 1721
685 1523
685 3096
685 3257
686 2893
686 3112
686 3588
687 2713
688 738
688 818
688 3276
689 800
689 1819
691 3507
692 3619
693 1675
694 2197
694 2290
694 2305
694 2248
694 3041
694 3515
694 3720
695 3570
696 967
697 1949
698 1910
699 2001
699 2876
700 3316
700 3050
701 2456
702 1744
703 2993
704 2290
705 3416
706 1894
707 1774
707 3212
707 2645
707 3754
707 3254
708 3667
709 3464
710 3089
710 3135
710 3733
711 1112
712 2326
712 2248
712 3393
712 3733
712 750
712 1535
712 1706
712 2079
712 2306
712 2794
712 3216
712 3224
712 3252
712 3438
712 3439
712 3440
713 1445
713 3518
713 1461
714 1744
714 1578
715 2326
715 2917
716 2919
718 3717
719 2125
719 2993
719 3096
719 3212
720 975
721 2845
722 1428
723 1647
724 1268
724 3496
724 3713
725 3595
725 3627
727 1698
728 2656
728 2118
729 2373
730 2656
731 2197
731 2656
731 2845
732 2845
732 3454
733 3326
735 1350
735 3388
735 3022
736 2001
737 738
737 2336
738 739
738 740
738 741
738 742
738 743
738 744
739 1132
740 2611
740 2935
740 3060
740 3764
741 2429
741 3773
742 1829
742 3458
745 746
745 747
745 748
745 749
745 750
745 751
745 752
745 753
745 754
745 755
745 1685
745 2249
745 2816
745 2826
745 3184
745 3435
745 3572
746 1388
747 1949
747 2581
748 1388
749 2581
749 2630
749 3793
750 2305
751 2888
751 2752
753 1949
754 1949
754 2363
755 1066
755 2563
755 2973
756 757
756 758
756 759
756 760
756 761
756 762
756 763
756 764
756 765
756 766
756 767
756 768
756 769
756 770
756 771
757 1902
758 2326
758 3530
759 1968
759 1647
759 2290
759 3717
760 2633
761 1428
761 1440
761 1902
761 2581
761 3488
762 2752
763 2917
764 3298
765 3340
766 895
768 1066
769 1522
769 3762
770 3298
771 2107
771 3634
772 832
773 1254
773 3441
774 3788
775 776
775 777
775 778
775 779
775 780
775 781
775 782
775 783
775 784
775 785
775 786
775 787
776 3298
776 3490
778 1760
778 3634
779 1862
780 2412
780 3254
780 3395
780 3780
781 3406
782 3679
783 1721
784 3617
785 895
785 1445
786 2484
787 3795
788 1184
788 2512
789 2290
789 2405
789 2595
789 3212
789 3052
790 1332
791 1388
792 3604
792 3794
793 1445
794 2077
795 3446
795 3794
796 3276
797 1388
798 3667
799 3229
800 801
800 802
800 803
800 804
800 805
800 806
800 807
800 808
800 809
800 810
800 811
800 812
800 813
800 814
800 815
800 816
801 2512
803 2031
804 3600
806 1733
807 2222
808 3562
808 3699
809 2197
810 2752
811 818
811 3393
812 3713
812 3730
813 3218
814 2222
815 1698
816 2290
816 2876
816 3418
817 818
818 819
818 820
818 821
818 822
818 823
818 824
818 825
818 826
818 827
818 828
818 829
818 830
818 831
818 866
818 913
818 914
818 915
818 916
818 917
818 918
818 919
818 920
818 921
818 922
818 923
818 1039
818 1040
818 1041
818 1042
818 1043
818 1044
818 1045
818 1046
818 1047
818 1048
818 1049
818 1050
818 1051
818 1052
818 1053
818 1054
818 1055
818 1056
818 1057
818 1058
818 1059
818 1060
818 1061
818 1062
818 1063
818 1064
818 1065
819 3591
820 2125
820 2652
820 1744
820 3570
820 3724
821 2563
822 2326
822 2628
823 1767
824 856
825 2373
826 856
826 1733
826 2099
826 3052
826 3055
826 3209
826 3259
826 3747
827 2876
828 3789
829 1350
830 3209
831 3212
832 833
832 834
832 835
832 836
832 837
832 838
832 839
832 840
832 841
832 842
832 843
832 844
832 845
832 846
832 847
832 848
832 849
832 850
832 851
832 852
832 853
832 854
832 855
832 896
832 946
832 947
832 948
832 949
832 950
832 951
832 952
832 953
832 954
832 1030
832 2208
832 2911
832 3342
832 3472
833 1810
834 1571
835 1465
836 1197
836 2429
837 1332
838 2876
838 1578
838 3539
839 1774
839 3572
840 3024
841 2752
841 1829
841 3468
841 3713
842 2099
843 1159
844 967
845 3534
846 3787
847 856
848 2901
848 930
850 1536
851 895
851 3032
852 2901
854 2512
854 1829
855 2493
855 2848
855 1571
856 857
856 858
856 859
856 860
856 861
856 862
856 863
856 864
856 865
856 866
856 867
856 868
856 869
856 870
856 871
857 3510
858 2986
858 1536
858 3382
858 3388
858 2670
858 3466
858 3570
858 3777
859 3730
860 2770
860 3607
862 1376
863 895
864 3677
866 2545
866 2601
866 2652
867 3730
868 1184
868 1862
868 3687
869 931
869 3764
870 1829
870 3607
871 3464
872 873
872 874
872 875
872 876
872 877
872 878
872 879
872 880
872 881
872 882
872 883
872 884
872 885
872 886
872 887
872 888
872 889
872 890
872 891
872 892
872 893
872 894
873 3055
874 3366
875 1698
876 3326
877 1894
878 1929
879 1932
879 3131
880 2386
881 2652
882 1698
882 2052
882 3418
882 3715
882 3257
883 2581
883 2942
883 3052
884 1760
885 3022
886 2802
887 3249
888 1902
889 2746
890 2550
890 2692
891 3542
891 1005
891 1273
891 1393
891 1886
891 1901
891 2022
891 2030
891 2038
891 2140
891 2166
891 2372
891 2421
891 2422
891 2423
891 2424
891 2425
891 2426
891 2427
891 2428
892 1788
893 3212
894 1647
894 3060
894 3499
895 896
895 897
895 898
895 899
895 900
895 901
895 902
895 903
895 904
895 905
895 906
895 907
895 908
895 909
895 910
895 911
895 912
896 3570
897 3340
898 2645
899 1445
899 2601
899 2670
899 3680
900 1332
900 1526
900 2595
900 3680
901 3163
901 3630
902 1698
902 2503
903 3667
904 1019
904 1523
904 2290
904 2628
904 1675
904 2979
904 1522
904 3566
905 1698
906 2091
906 3528
907 1698
908 2752
909 1184
909 3048
909 3249
909 2197
909 2635
909 1571
910 3612
910 2692
911 3715
912 1968
912 2326
912 2779
912 1578
912 2670
912 3772
912 3800
913 3041
914 2484
914 3388
915 1428
915 3446
915 3542
915 3600
915 3797
916 1132
916 3262
917 3229
918 3382
919 1112
921 1744
921 2386
921 2633
921 2845
921 2118
921 3414
921 3614
921 2752
921 3767
922 3032
923 2031
924 925
924 926
924 927
924 928
924 929
924 998
924 1236
924 1243
924 1458
924 1488
924 1525
924 1653
924 1941
924 2115
924 2239
924 2253
924 2267
924 2272
924 2279
924 2280
924 2281
924 2282
924 2283
924 2284
924 2285
924 2286
924 2287
924 2288
924 2289
924 2441
924 2483
924 2541
924 2542
924 2543
924 2544
925 1465
925 3382
925 3466
925 3607
926 2645
926 2405
926 3577
927 1112
927 1647
927 2187
927 2336
927 3123
928 1268
929 1721
929 1810
929 2001
929 2125
929 1829
930 931
930 932
930 933
930 934
930 935
930 936
930 937
930 938
930 939
930 940
930 948
930 1011
930 1328
930 1367
930 1479
930 1650
930 1705
930 1745
930 1747
930 1893
930 2061
930 2090
930 2092
930 2143
930 2285
930 2455
930 2583
930 2653
930 2683
930 2823
930 2904
930 2913
930 2914
930 2915
930 2916
930 3308
930 3311
930 3312
930 3332
930 3333
930 3334
930 3335
930 3336
930 3686
930 3701
931 1195
931 1341
931 1347
931 1704
931 1715
931 2234
931 2356
931 2358
931 2486
931 2487
931 2488
931 2489
931 2490
931 2491
931 2492
932 3479
933 2581
933 2628
933 2953
933 3041
933 2957
934 2888
935 1159
936 1159
937 2621
938 1159
938 3680
939 2876
940 3493
941 2713
942 2373
943 1465
943 3382
943 3707
944 2919
945 3672
946 1829
947 1744
949 1829
949 3644
950 1968
950 3163
950 1695
952 1376
953 1829
953 3080
954 3048
955 3138
956 3688
957 1388
957 3728
958 2429
959 1171
961 3138
962 3212
963 3370
964 2550
965 1894
965 2107
965 2942
965 3664
966 1440
966 2639
966 3115
967 968
967 969
967 970
967 971
967 972
967 973
967 974
969 3388
969 3680
970 3610
971 1647
971 2512
971 1284
971 3570
972 3400
973 2091
973 2595
975 976
975 977
975 978
975 979
975 980
975 981
975 982
975 983
975 984
975 985
975 986
975 987
975 988
975 989
975 990
975 991
975 992
975 993
975 994
975 995
975 996
975 997
975 998
975 999
975 1000
975 1001
975 1002
975 1003
975 1004
975 1005
975 1006
976 2031
977 2726
978 3530
979 2305
980 2405
980 1932
980 2942
980 3507
980 3806
981 1376
981 3009
981 3502
982 2581
982 3013
982 3728
982 3806
983 1332
985 3507
986 1698
986 1760
986 1744
987 2581
987 2621
987 3112
989 2326
989 3739
990 3702
993 3354
993 3764
994 3507
995 2460
995 3060
996 1112
996 1549
996 2031
997 2336
998 1428
998 2107
998 3052
999 2752
999 3528
1000 2145
1000 3163
1000 3702
1001 2525
1001 2581
1002 2752
1003 2031
1004 2363
1004 2639
1005 3249
1005 3607
1006 2386
1006 2893
1007 1008
1007 1009
1007 1010
1007 1011
1007 1012
1007 1013
1007 1014
1007 1015
1007 1016
1007 1017
1008 1902
1009 1197
1009 1428
1009 1526
1010 3462
1011 1523
1011 2176
1011 2187
1011 2290
1011 2550
1011 3174
1012 3445
1013 1197
1014 1197
1014 1613
1015 3445
1016 1132
1017 1902
1018 1019
1019 1020
1019 1021
1019 1022
1019 1023
1019 1024
1019 1025
1019 1026
1019 1027
1019 1028
1019 1029
1019 1030
1019 1031
1019 1032
1019 1033
1020 2630
1022 1902
1022 2187
1023 2630
1024 1251
1025 3733
1026 2197
1026 2909
1027 2973
1028 2639
1029 2405
1029 3131
1031 2901
1032 3789
1033 3690
1033 2309
1034 1035
1034 1036
1034 1037
1034 1038
1035 3724
1036 3484
1037 2107
1037 2405
1037 2553
1037 3016
1037 3797
1038 1862
1039 2635
1040 3675
1041 3259
1042 1428
1043 2581
1044 1829
1045 3131
1047 1388
1047 3610
1048 1571
1048 3616
1049 3276
1051 3163
1052 2386
1052 2738
1053 1318
1054 1894
1055 3733
1056 1829
1057 3600
1058 1788
1059 1159
1060 2187
1060 2645
1060 3762
1060 3257
1062 1159
1063 1929
1063 1910
1063 2979
1063 1522
1063 3232
1063 3380
1063 3381
1063 3416
1064 1287
1064 2429
1064 1932
1064 2405
1064 3249
1064 3123
1065 2770
1066 1067
1066 1068
1066 1069
1066 1070
1067 1309
1069 1332
1070 2197
1071 1072
1071 1073
1071 1074
1071 1075
1071 1076
1071 1077
1071 1078
1071 1079
1071 1080
1071 1081
1071 1082
1071 1083
1071 1084
1071 1085
1071 1086
1071 1087
1071 1088
1071 1089
1071 1090
1071 1091
1071 1092
1071 1093
1071 1094
1071 1095
1071 1096
1072 1774
1073 1687
1074 1318
1074 1810
1074 3366
1075 1465
1076 2326
1076 3468
1076 3768
1077 3528
1077 3699
1078 1687
1079 3022
1081 1445
1082 2979
1084 1318
1084 1788
1084 2942
1085 3680
1085 3699
1087 1788
1088 3005
1088 3699
1090 2125
1092 2633
1092 2373
1093 3414
1094 1662
1094 3393
1095 2077
1096 2326
1096 2656
1096 2845
1096 3591
1096 3805
1098 3382
1099 2187
1101 2031
1101 2979
1101 3232
1102 3566
1103 3526
1104 3744
1105 2645
1107 1647
1107 2645
1108 3582
1109 2107
1109 2727
1110 2545
1111 2456
1112 1523
1112 2405
1112 1287
1112 2628
1112 1675
1112 3052
1112 3112
1112 2412
1112 1132
1112 3301
1112 2630
1112 2399
1112 1114
1112 1230
1112 1284
1112 1286
1112 1368
1112 1469
1112 1517
1112 1518
1112 1519
1112 1520
1112 1521
1112 1522
1112 1524
1112 1525
1113 3699
1113 3724
1114 2405
1114 3027
1115 1388
1115 1445
1115 3096
1115 3658
1116 3024
1116 3717
1116 3732
1117 1388
1118 1549
1118 2645
1118 2630
1118 3736
1119 2107
1119 1522
1119 1132
1120 1962
1120 3458
1121 1159
1122 2305
1122 1284
1123 3223
1125 3301
1126 2901
1127 2290
1127 3052
1127 3687
1127 3792
1128 3316
1129 1549
1129 1675
1130 2621
1130 3484
1131 2405
1131 3013
1132 2405
1132 1522
1132 3785
1132 1236
1132 1282
1132 1288
1132 1483
1132 1523
1132 1598
1132 1600
1132 1760
1132 1764
1132 1936
1132 1951
1132 1967
1132 2024
1132 2025
1132 2026
1132 2027
1132 2028
1132 2029
1132 2030
1132 2111
1132 2130
1132 2156
1132 2160
1132 2305
1132 2389
1132 2399
1132 2589
1132 2734
1132 2900
1132 2957
1132 3193
1132 3288
1132 3289
1132 3290
1132 3291
1132 3292
1133 2460
1134 1929
1134 2290
1134 3041
1135 2645
1135 3806
1136 3027
1137 2001
1137 2273
1137 2845
1137 3282
1137 3788
1138 1733
1139 1662
1139 3005
1140 1318
1140 2484
1140 2621
1141 1894
1142 2738
1143 1721
1143 2888
1144 3579
1145 1350
1146 1733
1147 2222
1148 1350
1149 2779
1149 1578
1150 3441
1151 2001
1151 3604
1152 1902
1153 1318
1153 1698
1153 2118
1153 3645
1154 3022
1154 3734
1156 1536
1157 1445
1158 3632
1159 1160
1159 1161
1159 1162
1159 1163
1159 1164
1159 1165
1159 1166
1159 1167
1159 1168
1159 1202
1159 1366
1159 1380
1159 1499
1159 1500
1159 1501
1159 1502
1159 1503
1159 1504
1159 1510
1159 1601
1159 1815
1159 1890
1159 1987
1159 1988
1159 1989
1159 1990
1159 1991
1159 1992
1159 1993
1159 1994
1159 1995
1159 1996
1159 1997
1159 1998
1159 1999
1159 2000
1159 2996
1159 3333
1159 3392
1159 3498
1159 3641
1160 3150
1161 3468
1161 3713
1162 1902
1163 3060
1163 3416
1163 3582
1164 1910
1165 1284
1166 1254
1167 1894
1168 2197
1169 2752
1170 3755
1171 1172
1171 1173
1171 1174
1171 1175
1171 1176
1171 1177
1171 1178
1171 1179
1171 1180
1171 1181
1171 1182
1171 1183
1172 1721
1172 2125
1173 1721
1174 3380
1174 3507
1174 2373
1175 3604
1176 3739
1177 1662
1177 3326
1177 3732
1178 1902
1178 2357
1179 2639
1181 3395
1183 1388
1183 3112
1183 3301
1184 1185
1184 1186
1184 1187
1184 1188
1184 1189
1184 1190
1184 1191
1184 1192
1184 1193
1184 1194
1184 1195
1184 1196
1185 3411
1186 2479
1187 1733
1187 2161
1187 2305
1187 1522
1187 3486
1188 2876
1189 3384
1190 1445
1191 1465
1193 3218
1194 1662
1194 2187
1194 2373
1194 2630
1194 3564
1194 3360
1196 2187
1196 2255
1197 1198
1197 1199
1197 1200
1197 1201
1197 1202
1197 1203
1197 1204
1197 1205
1197 1206
1197 1207
1197 1208
1197 1209
1197 1210
1198 3627
1199 2645
1200 1613
1200 3432
1201 1613
1201 3432
1202 1578
1203 1428
1204 3254
1205 2187
1207 3787
1208 1613
1209 3338
1209 3780
1211 1212
1211 1213
1211 1214
1211 1215
1211 1216
1211 1217
1211 1218
1212 3022
1213 2645
1214 1262
1214 3564
1215 3763
1216 3560
1217 2290
1217 3041
1218 1829
1219 3531
1219 1767
1220 1318
1220 3414
1221 3009
1222 1744
1223 2363
1225 2881
1226 2373
1228 1662
1228 3212
1229 3338
1231 2621
1232 3724
1234 2031
1235 3189
1236 1819
1236 2563
1237 1238
1237 1239
1237 1240
1237 1241
1237 1242
1237 1243
1237 1244
1237 1245
1237 1246
1237 1247
1237 1248
1237 1249
1238 2639
1239 1894
1239 3009
1240 3354
1241 1440
1242 2979
1242 2255
1243 2919
1244 1862
1244 3406
1245 2639
1246 3032
1246 3466
1248 1318
1248 1578
1248 2357
1248 2713
1248 1284
1248 2645
1248 3416
1249 2645
1250 1611
1251 1252
1252 1687
1254 1255
1254 1256
1254 1257
1254 1258
1254 1259
1254 1260
1254 1261
1254 2134
1254 2250
1254 2355
1255 3651
1256 3443
1258 3380
1258 3742
1258 1767
1259 3009
1260 3756
1261 1428
1261 3739
1262 1263
1262 1264
1262 1265
1262 1266
1265 3662
1266 2881
1266 3531
1268 1269
1268 1270
1268 1271
1268 1272
1268 1273
1269 3462
1270 3717
1271 1465
1271 1829
1272 3707
1273 1465
1273 3150
1274 2919
1274 1428
1274 3406
1274 3600
1275 2348
1275 2386
1276 3131
1277 2621
1278 1549
1278 1929
1278 2187
1278 2563
1278 2628
1278 2670
1278 1675
1278 2942
1278 3052
1278 3112
1278 3301
1278 2255
1278 2399
1278 2630
1278 3579
1279 1929
1279 2187
1279 2290
1279 2628
1279 2953
1279 1284
1279 2405
1279 2412
1279 2255
1279 2630
1279 3131
1279 2309
1280 3060
1281 3022
1282 1929
1282 2290
1282 2628
1282 2553
1282 1932
1282 1675
1282 1284
1282 2405
1282 2412
1282 3566
1282 3131
1282 3185
1283 2248
1284 1929
1284 2405
1284 2628
1284 2553
1284 1675
1284 3013
1284 2412
1284 1286
1284 1298
1284 1305
1284 1393
1284 1485
1284 1557
1284 1854
1284 2070
1284 2245
1284 2260
1284 2270
1284 2598
1284 2640
1284 2756
1284 2797
1284 2895
1284 2967
1284 2968
1284 2969
1284 2970
1284 2971
1284 2972
1285 2405
1285 3052
1285 3395
1286 1287
1286 2405
1286 2255
1286 3131
1286 3185
1287 3131
1287 1296
1287 1417
1287 1694
1287 1859
1287 2157
1287 2242
1287 2409
1287 2413
1287 2414
1287 2415
1287 2416
1287 2417
1287 2418
1287 2419
1287 2420
1288 1388
1288 3041
1288 2412
1288 3236
1289 2581
1289 3236
1289 2692
1290 3052
1290 3123
1291 1829
1292 1698
1293 2628
1294 2405
1294 3326
1295 1549
1295 1662
1295 1932
1295 2405
1295 2412
1295 3232
1295 2255
1295 3131
1297 1428
1297 2031
1297 2187
1297 3055
1298 2290
1298 2553
1298 3013
1298 3041
1298 3112
1298 2412
1298 3301
1298 2255
1298 2630
1300 3662
1301 1662
1301 3418
1301 1695
1302 1675
1302 3013
1302 2412
1302 3185
1303 2621
1304 1613
1304 3024
1304 3370
1304 3772
1304 3801
1304 3806
1305 1549
1305 3013
1305 2412
1305 3185
1306 1388
1306 3223
1307 2187
1307 1675
1307 3041
1307 3232
1308 3027
1309 1310
1309 1311
1309 1312
1309 1313
1309 1314
1309 1315
1309 1316
1309 1317
1310 2851
1311 3127
1312 3050
1313 2536
1314 2851
1315 3731
1316 1536
1317 1744
1317 1862
1317 2639
1317 1829
1318 1319
1318 1320
1318 1321
1318 1322
1318 1323
1318 1324
1318 1325
1320 1445
1320 2370
1320 2748
1320 3607
1321 1662
1322 1721
1322 1744
1322 3768
1323 3692
1324 3695
1325 3497
1326 1687
1327 1578
1329 1687
1329 3360
1330 1744
1331 1332
1331 2553
1331 1428
1331 2957
1332 1333
1332 1334
1332 1335
1332 1336
1332 1337
1332 1338
1332 1339
1332 1340
1332 1341
1332 1342
1332 1343
1332 1344
1332 1345
1332 1346
1332 1347
1332 1348
1333 2405
1334 2429
1336 3041
1337 3354
1338 3458
1338 3595
1339 1526
1339 1949
1340 2724
1340 2849
1341 3518
1341 3570
1342 3691
1343 2563
1344 3218
1345 1445
1346 2429
1346 3259
1346 2336
1349 1350
1350 1351
1350 1352
1350 1353
1350 1354
1350 1355
1350 1356
1350 1357
1350 1358
1350 1359
1351 3150
1352 2942
1353 3732
1353 3744
1354 2125
1355 3715
1356 1968
1356 2456
1356 2818
1357 3298
1357 3616
1358 2621
1358 3515
1358 3560
1359 3104
1360 2694
1361 2512
1361 2848
1361 3789
1362 2512
1362 3739
1363 3155
1364 3024
1365 2373
1369 3096
1369 3570
1369 3645
1370 3502
1371 1744
1371 3338
1372 2639
1373 3112
1373 3131
1374 2512
1375 3661
1375 3664
1376 1377
1376 1378
1376 1379
1376 1380
1376 1381
1376 1382
1376 1383
1376 1384
1376 1385
1376 1386
1376 1387
1377 3009
1378 2125
1378 2525
1379 3616
1380 2512
1380 2670
1381 2290
1382 3138
1383 3711
1384 2703
1385 3326
1386 1698
1386 2656
1387 2908
1387 2405
1387 3530
1387 3577
1387 3615
1388 1389
1388 1390
1388 1391
1388 1392
1388 1393
1388 1394
1388 1395
1388 1396
1388 1397
1388 1398
1388 1399
1388 1400
1388 1401
1388 1402
1388 1403
1388 1404
1388 1405
1388 1406
1388 1407
1388 1408
1388 1409
1388 1410
1388 1411
1388 1412
1388 1413
1388 1414
1388 1415
1388 1416
1388 1417
1389 3123
1390 1428
1390 3305
1391 2556
1391 3131
1392 3627
1393 3257
1394 2630
1394 3591
1394 3507
1396 2556
1397 2556
1398 3032
1399 2399
1400 2099
1401 1932
1401 3096
1401 2305
1402 2326
1402 3249
1403 3688
1403 3791
1404 2563
1405 3542
1406 1929
1406 2187
1406 2290
1406 3301
1408 2429
1408 2456
1409 1440
1409 3406
1410 1760
1410 3013
1411 1578
1411 2187
1411 2893
1411 2412
1411 3041
1411 3305
1411 3768
1412 3797
1413 3163
1414 3115
1415 3048
1415 1522
1415 3793
1416 1465
1416 3572
1417 3395
1417 2993
1418 3155
1418 3497
1419 2429
1420 1829
1420 3462
1420 3788
1421 2845
1422 3328
1422 3408
1422 3446
1422 3620
1423 3022
1424 3370
1425 3282
1425 3515
1426 2779
1427 2187
1428 1429
1428 1430
1428 1431
1428 1432
1428 1433
1428 1434
1428 1435
1428 1436
1428 1437
1428 1438
1428 1439
1428 1735
1428 1909
1428 2026
1428 2299
1428 2526
1428 2731
1428 3113
1428 3203
1428 3204
1428 3205
1428 3206
1428 3207
1428 3208
1429 3500
1429 3564
1430 2031
1431 2077
1432 2373
1432 3637
1433 3416
1434 3163
1435 3715
1435 2752
1436 2357
1437 1526
1437 3223
1438 2161
1438 2373
1440 1441
1440 1442
1440 1443
1440 1444
1441 2770
1441 3733
1442 2405
1442 2305
1443 1810
1443 3780
1444 2493
1445 1446
1445 1447
1445 1448
1445 1449
1445 1450
1445 1451
1445 1452
1445 1453
1445 1454
1445 1455
1445 1456
1445 1457
1445 1458
1445 1459
1445 1460
1445 1461
1445 1462
1445 1463
1445 1809
1445 1865
1445 1923
1445 1924
1445 1925
1445 1926
1445 1927
1446 3096
1446 1733
1447 2656
1447 2845
1447 3282
1448 3490
1449 1894
1451 2399
1452 1862
1452 1829
1452 3466
1452 3767
1453 2986
1454 3454
1454 3490
1455 2818
1456 2176
1457 3684
1458 2738
1458 3395
1459 2197
1461 2187
1461 2545
1461 2738
1461 3316
1461 3486
1461 2246
1461 2267
1461 2385
1461 2449
1461 3435
1462 1571
1463 2176
1463 2621
1463 2645
1464 1465
1464 2550
1465 1466
1465 1467
1465 1468
1465 1641
1465 2075
1465 2331
1465 2481
1465 2532
1465 2617
1465 2705
1465 2844
1466 2818
1467 2621
1468 3515
1469 2979
1469 3163
1470 2187
1470 2405
1470 2255
1470 2630
1470 3131
1471 2187
1471 2290
1471 2581
1471 2553
1471 1675
1471 2893
1471 2953
1471 3013
1471 3041
1471 2412
1471 3785
1472 2290
1472 2953
1473 3664
1474 3041
1475 1647
1476 1662
1476 2001
1476 2326
1476 1829
1476 3212
1476 3411
1476 3507
1476 3644
1476 3699
1477 1949
1477 3316
1477 3620
1478 3432
1479 2326
1479 2779
1479 2118
1479 1578
1479 2752
1479 3760
1480 3518
1480 2935
1481 2161
1482 1563
1484 2460
1485 3254
1486 3027
1486 3052
1487 2861
1487 3009
1487 1695
1489 1526
1489 1647
1489 1962
1489 3739
1490 3728
1491 2845
1492 1662
1493 3259
1494 3777
1495 3507
1496 1829
1497 2386
1498 2556
1499 2545
1500 3661
1501 3223
1502 3497
1503 3378
1504 2901
1505 2621
1507 1522
1508 2107
1509 3507
1511 3022
1513 2652
1514 1549
1515 2429
1515 2563
1516 2273
1516 3048
1517 1788
1517 2845
1517 3566
1518 2326
1518 3724
1519 3001
1520 3620
1520 3123
1521 2630
1522 1523
1522 1932
1522 3254
1522 3785
1522 1600
1522 1686
1522 1731
1522 1760
1522 1763
1522 1764
1522 1771
1522 1814
1522 1851
1522 1891
1522 1936
1522 2024
1522 2027
1522 2041
1522 2070
1522 2159
1522 2160
1522 2305
1522 2399
1522 2435
1522 2469
1522 2478
1522 2589
1522 2590
1522 2795
1522 2900
1522 2924
1522 2925
1522 2926
1522 2927
1522 2928
1522 2929
1522 2930
1522 2931
1522 2957
1522 3191
1522 3192
1522 3193
1522 3194
1522 3195
1522 3196
1523 1613
1523 2107
1523 2187
1523 2305
1523 2248
1523 2405
1523 3785
1523 1600
1523 1659
1523 1763
1523 1771
1523 1797
1523 1936
1523 2024
1523 2150
1523 2151
1523 2152
1523 2153
1523 2154
1523 2155
1523 2156
1523 2157
1523 2158
1523 2159
1523 2160
1524 3259
1524 3131
1525 2187
1525 1675
1525 3259
1525 2399
1525 2670
1526 1527
1526 1528
1526 1529
1526 1530
1526 1531
1526 1532
1526 1533
1526 1534
1526 1535
1527 3627
1528 3009
1529 1647
1530 3767
1531 1695
1532 3150
1533 3526
1536 1537
1536 1538
1536 1539
1536 1540
1536 1541
1536 1542
1536 1543
1536 1544
1536 1545
1536 1546
1536 1547
1536 1832
1536 2009
1536 2814
1536 2945
1536 3046
1536 3047
1537 3758
1538 1862
1539 3138
1541 2180
1543 2405
1543 2556
1544 3634
1545 3784
1546 2145
1548 1549
1548 2460
1548 3458
1549 2187
1549 2290
1549 1675
1549 3112
1549 3301
1549 2255
1549 2630
1549 3305
1549 2309
1549 1550
1549 1551
1549 1552
1549 1553
1549 1554
1549 1555
1549 1556
1549 1557
1549 1558
1549 1559
1549 1560
1549 1561
1549 1562
1550 1710
1551 2553
1551 1932
1552 3305
1553 1760
1554 3664
1555 2503
1556 3764
1557 2405
1557 2412
1558 2052
1559 1929
1559 1675
1560 2581
1562 3112
1562 3380
1562 3376
1563 1564
1563 1565
1563 1566
1563 1567
1563 1568
1563 1569
1563 1570
1564 3715
1565 2703
1565 3305
1565 3131
1566 2645
1567 3428
1567 3530
1568 3675
1569 1647
1570 1695
1571 3570
1571 1572
1571 1573
1571 1574
1571 1575
1571 1576
1571 1577
1571 1590
1571 1601
1571 1648
1571 1720
1571 1730
1571 1745
1571 1747
1571 1842
1571 2062
1571 2288
1571 2379
1571 2508
1571 2673
1571 2708
1571 2709
1571 2710
1571 2711
1571 2712
1571 2835
1571 2841
1571 2933
1571 2996
1571 3056
1571 3065
1571 3088
1571 3100
1571 3143
1571 3144
1571 3171
1571 3293
1571 3295
1571 3344
1571 3392
1571 3535
1571 3603
1571 3663
1572 1744
1572 2348
1573 1744
1573 1578
1575 2125
1577 1744
1577 3360
1578 1579
1578 1580
1578 1581
1578 1582
1578 1583
1578 1584
1578 1585
1578 1586
1578 1587
1578 1588
1578 1589
1578 1590
1578 1644
1578 1654
1578 1680
1578 1693
1578 1747
1578 1880
1578 1881
1578 1997
1578 1999
1578 2000
1578 2064
1578 2392
1578 2610
1578 2654
1578 2664
1578 2717
1578 2842
1578 3070
1578 3103
1578 3143
1578 3144
1578 3145
1578 3146
1578 3147
1578 3148
1578 3149
1578 3171
1578 3182
1578 3293
1578 3294
1578 3295
1578 3296
1578 3344
1578 3387
1579 3645
1580 2405
1581 1611
1582 1810
1582 3667
1583 1744
1583 2125
1584 2901
1584 1695
1585 2125
1585 2312
1585 3484
1586 2738
1586 3574
1587 2125
1587 3390
1588 1949
1589 2176
1592 1774
1593 1902
1593 3507
1594 1647
1595 3131
1596 1949
1596 2611
1597 3707
1598 2107
1598 2550
1598 2553
1598 2845
1598 2405
1598 3679
1599 2973
1600 1760
1600 2107
1600 2305
1600 1932
1601 2429
1601 3009
1601 3588
1602 3479
1603 3369
1604 2901
1606 2595
1606 3588
1607 2670
1608 3600
1609 2919
1609 3530
1611 1612
1612 3378
1613 1614
1613 1615
1613 1616
1613 1617
1613 1618
1613 1619
1613 1620
1613 1621
1613 1622
1613 1623
1613 1624
1613 1625
1613 1626
1613 1627
1613 1628
1613 1629
1614 1962
1615 3052
1615 3236
1616 2405
1616 3566
1617 2973
1618 3730
1619 2979
1620 1760
1620 2248
1620 2893
1620 3257
1621 2893
1621 3013
1622 2187
1622 2248
1622 2979
1622 3257
1623 2386
1623 2248
1623 3257
1624 2656
1624 3654
1625 3497
1625 2309
1625 3257
1626 3773
1627 2893
1627 3388
1628 3163
1629 1829
1629 3432
1630 3649
1631 3024
1631 3616
1631 3644
1632 3707
1633 3662
1634 1929
1634 3566
1635 2581
1637 3662
1638 2312
1640 2429
1640 2893
1640 2399
1640 2630
1640 3376
1640 3806
1641 1662
1641 2545
1641 3612
1641 3720
1642 3089
1645 2881
1646 2045
1646 3016
1647 1648
1647 1649
1647 1650
1647 1651
1647 1652
1647 1653
1647 1654
1647 1655
1647 1656
1647 1703
1647 1709
1647 1826
1647 2014
1647 2015
1647 2016
1647 2157
1647 2288
1647 2736
1647 2810
1647 2811
1647 2812
1647 2813
1647 2814
1647 2815
1649 3780
1651 1829
1652 3340
1653 3595
1654 1968
1654 2861
1655 2503
1656 1662
1656 3104
1657 3755
1658 2621
1659 2255
1659 3411
1659 3645
1660 2456
1660 2848
1661 1662
1661 3249
1662 1663
1662 1664
1662 1665
1662 1666
1662 1667
1662 1668
1662 1669
1662 1670
1662 1671
1662 1672
1662 1673
1662 1674
1662 1675
1662 1676
1662 1677
1662 1678
1662 1679
1662 1680
1662 1681
1662 1682
1662 1683
1662 1684
1662 1685
1662 1686
1663 2187
1663 2581
1663 2553
1663 1932
1663 3041
1663 2405
1663 2412
1663 2399
1663 3305
1663 3566
1663 3185
1664 3418
1665 3564
1666 3080
1667 3785
1668 2187
1668 2248
1668 3041
1669 2652
1670 3150
1671 2479
1672 2373
1672 3380
1672 3595
1673 3662
1674 2107
1675 2187
1675 3112
1675 3301
1675 2255
1675 2309
1675 1764
1675 1800
1675 1854
1675 1943
1675 2160
1675 2192
1675 2269
1675 2412
1675 2692
1675 2853
1675 2854
1675 2855
1676 2979
1676 3411
1677 2305
1678 3500
1679 3393
1680 2161
1681 2901
1682 2248
1682 2893
1682 2979
1682 3254
1682 3257
1683 3721
1684 2553
1684 3236
1687 3497
1687 1688
1687 1689
1687 1690
1687 1691
1687 1692
1687 1693
1687 1694
1687 1723
1687 1994
1687 2422
1687 2667
1687 2839
1687 2840
1687 2841
1687 2842
1687 2843
1690 3725
1692 1744
1692 2752
1695 1696
1695 1697
1695 1776
1695 1875
1695 1973
1695 2328
1695 2613
1695 2651
1695 2667
1695 2668
1695 2669
1695 2839
1695 2902
1695 3243
1695 3524
1695 3525
1695 3613
1696 2145
1696 2248
1696 3502
1697 3637
1698 1699
1698 1700
1698 1701
1698 1702
1698 1703
1698 1704
1698 1705
1698 1706
1698 1707
1698 1708
1699 3479
1699 3673
1700 1894
1700 2645
1701 2917
1702 1929
1702 2187
1702 2908
1702 3041
1702 2399
1702 3383
1702 3466
1702 3616
1702 2336
1702 3376
1703 2986
1707 3723
1708 2493
1709 3001
1710 3615
1710 1711
1710 1712
1710 1713
1710 1714
1710 1715
1710 1716
1710 1717
1710 1718
1710 1719
1710 1720
1711 2125
1711 2222
1711 2357
1711 3041
1712 2118
1712 3615
1713 3615
1714 2077
1715 2031
1715 3249
1716 3254
1717 3615
1717 3691
1718 3432
1719 2052
1719 2373
1719 2503
1721 1722
1721 1723
1721 1724
1721 1725
1721 1726
1721 1727
1721 1728
1721 1729
1721 1730
1721 1731
1721 1732
1722 2373
1722 2503
1722 2917
1723 2503
1724 1894
1724 3615
1725 3093
1727 2197
1727 3468
1728 2713
1729 2942
1729 3108
1729 3630
1730 2851
1730 3104
1731 2628
1731 2901
1731 2953
1731 3123
1731 3510
1731 2645
1732 2125
1733 1734
1733 1735
1733 1736
1733 1737
1733 1738
1733 1739
1733 1740
1733 1741
1733 1742
1733 1743
1733 1831
1733 1892
1733 1973
1733 1987
1733 3177
1733 3198
1733 3548
1733 3735
1734 3600
1735 3736
1737 2326
1739 2373
1739 3383
1739 3466
1739 3418
1740 3257
1741 3411
1742 3564
1743 3032
1744 1745
1744 1746
1744 1747
1744 1748
1744 1749
1744 1750
1744 1751
1744 1752
1744 1753
1744 1754
1744 1755
1744 1756
1744 1757
1744 1758
1744 1759
1744 1874
1744 1886
1744 1887
1744 1888
1744 1889
1744 1890
1744 1891
1744 1892
1744 1893
1744 1915
1744 2867
1744 2905
1744 2906
1744 2907
1744 2908
1744 2933
1744 3100
1744 3101
1744 3102
1744 3103
1745 3022
1746 3022
1746 3750
1748 3360
1749 2197
1750 3740
1751 3108
1752 1788
1752 3591
1752 3792
1754 2001
1754 2876
1754 3032
1756 3767
1757 3673
1757 3715
1758 3271
1759 2630
1760 1932
1760 2405
1760 3254
1760 3785
1760 1761
1760 1762
1760 1763
1760 1764
1760 1765
1760 1766
1760 1767
1760 1768
1760 1769
1760 1770
1760 1771
1760 1772
1760 1773
1761 2399
1762 2399
1764 2107
1764 1932
1764 3013
1764 2405
1764 3254
1764 2399
1766 1819
1766 3316
1766 3702
1766 3762
1767 2363
1767 2918
1767 3599
1768 3319
1769 3112
1769 3301
1769 3500
1770 2405
1771 3052
1771 2405
1771 3254
1771 2399
1772 2953
1773 3664
1773 3690
1773 2645
1773 3794
1774 1775
1774 1776
1774 1777
1774 1778
1774 1779
1774 1780
1774 1781
1774 1782
1774 1783
1774 1784
1774 1785
1774 1786
1775 1829
1775 3262
1777 2197
1777 3468
1778 1862
1779 1829
1779 2290
1779 2512
1779 2525
1779 2845
1779 3027
1779 3212
1779 2645
1781 3383
1782 2107
1782 2290
1782 3022
1783 3619
1784 2611
1785 3369
1786 3138
1787 1788
1787 2290
1787 2621
1788 3528
1788 1789
1788 1790
1788 1791
1788 1792
1788 1793
1788 1794
1788 1795
1788 1796
1788 1797
1788 1798
1788 1799
1788 1800
1788 1801
1788 1802
1788 1803
1788 1804
1788 1805
1788 1806
1788 1807
1788 1808
1788 1809
1788 2104
1788 2199
1788 2274
1788 2322
1788 2388
1788 2676
1788 2872
1788 2971
1788 2997
1788 3038
1788 3047
1788 3197
1788 3198
1788 3199
1788 3200
1788 3201
1788 3202
1788 3506
1789 3702
1790 3669
1791 2399
1792 2639
1792 3022
1793 3572
1794 2484
1794 2645
1794 2479
1794 3052
1795 2917
1795 3080
1796 3155
1797 3024
1797 3089
1797 3319
1798 2405
1798 2255
1798 2399
1798 2630
1799 2595
1800 2545
1800 3380
1801 3528
1802 1894
1803 1829
1803 3115
1803 3789
1804 3138
1805 3775
1806 2493
1806 2986
1806 3048
1806 2848
1807 2986
1808 2979
1808 3383
1808 3678
1809 1929
1810 1811
1810 1812
1810 1813
1810 1814
1810 1815
1810 1816
1810 1817
1810 1818
1811 3699
1812 3080
1813 2942
1813 3619
1814 3123
1814 3212
1814 3249
1814 2670
1814 3016
1814 2305
1814 3724
1815 3687
1816 2479
1817 3687
1818 2161
1818 3677
1819 1820
1819 1821
1819 1822
1819 1823
1819 1824
1819 1825
1819 1826
1819 1827
1821 2500
1822 3677
1823 2429
1824 2493
1825 3189
1827 3381
1828 1829
1828 2373
1829 1830
1829 1831
1829 1832
1829 1833
1829 1834
1829 1835
1829 1836
1829 1837
1829 1838
1829 1839
1829 1840
1829 1841
1829 1842
1829 1843
1829 1844
1829 1845
1829 1846
1829 1918
1829 2074
1829 2098
1829 2167
1829 2379
1829 2470
1829 2648
1829 2814
1829 2815
1829 2856
1829 2857
1829 2858
1829 2859
1829 2860
1829 3159
1829 3258
1830 3777
1832 3496
1832 3767
1833 3530
1834 2935
1835 1862
1835 3479
1835 3716
1835 3721
1836 3022
1836 3734
1837 2187
1837 3131
1838 3418
1838 3579
1839 3799
1840 3736
1841 3232
1841 3584
1842 2861
1842 2645
1842 3794
1843 2187
1843 1932
1843 2893
1843 3488
1843 2692
1844 3600
1845 2312
1845 2779
1845 3052
1845 3488
1846 2917
1847 3530
1848 2305
1849 3732
1850 3212
1851 2670
1851 2118
1851 3716
1852 2550
1853 2412
1854 2628
1855 2628
1855 3041
1856 3785
1857 3016
1857 2645
1857 3728
1858 3338
1859 2628
1859 3013
1859 3112
1859 2405
1859 3232
1859 3301
1859 2255
1859 2630
1859 3131
1859 3185
1860 2363
1861 2581
1862 1863
1862 1864
1862 1865
1862 1866
1862 1867
1862 1868
1862 1869
1862 1870
1862 1871
1862 1872
1862 1873
1862 1874
1862 1875
1862 1876
1862 1877
1862 1878
1862 1879
1862 1880
1862 1881
1862 1882
1862 1883
1862 1884
1862 1885
1863 2125
1864 2919
1864 2935
1865 3254
1866 2656
1866 3684
1868 3189
1869 2901
1871 2348
1872 3490
1872 3645
1873 2197
1876 3502
1877 3490
1878 2901
1879 1968
1880 2779
1882 3777
1883 2748
1883 2118
1884 1968
1884 2621
1884 2118
1884 2670
1887 3497
1888 3370
1888 2752
1889 2942
1890 2125
1890 3484
1891 3414
1891 3016
1894 1895
1894 1896
1894 1897
1894 1898
1894 1899
1894 1900
1894 1901
1896 3163
1897 3096
1898 3574
1899 3658
1900 1949
1901 3542
1902 1903
1902 1904
1902 1905
1902 1906
1902 1907
1902 1908
1902 1909
1903 2901
1903 3338
1906 2953
1907 2973
1909 3591
1910 2343
1910 2442
1910 2661
1910 2873
1910 2874
1910 2875
1911 2290
1911 2942
1913 3750
1914 3115
1914 3720
1915 2405
1915 3692
1916 3406
1917 2694
1919 2656
1919 2861
1920 2748
1921 3384
1922 3282
1923 3777
1924 2099
1925 3104
1925 3507
1926 2652
1927 3615
1928 1929
1928 3013
1929 2187
1929 2290
1929 3232
1929 2255
1929 2399
1929 2630
1929 3131
1929 3305
1929 3566
1929 2309
1929 1930
1929 1931
1929 1932
1929 1933
1929 1934
1929 1935
1929 1936
1930 2187
1931 2305
1931 2893
1932 2305
1932 2472
1932 2822
1932 2823
1932 2824
1932 2825
1932 2826
1932 2827
1932 2828
1932 2829
1932 2830
1932 2831
1933 3564
1934 3232
1935 2628
1935 2405
1935 3185
1936 2290
1936 2305
1936 2553
1936 3013
1936 2405
1937 2512
1938 2001
1939 2290
1940 3788
1942 3009
1943 2553
1943 3717
1943 3776
1944 3574
1945 2628
1945 2412
1946 2248
1947 2503
1947 3032
1947 3115
1948 3236
1949 1950
1949 1951
1949 1952
1949 1953
1949 1954
1949 1955
1949 1956
1949 1957
1949 1958
1949 1959
1949 1960
1949 1961
1950 2848
1951 2563
1952 2336
1953 3032
1954 3024
1954 3276
1954 2493
1955 2222
1956 3060
1957 3791
1958 3009
1958 3785
1959 3732
1960 2713
1961 3574
1962 1963
1962 1964
1962 1965
1962 1966
1962 1967
1963 3416
1964 3048
1965 3789
1967 2222
1968 1969
1968 1970
1968 1971
1968 1972
1968 1973
1968 1974
1968 1975
1968 1976
1968 1977
1968 1978
1968 1979
1968 1980
1968 1981
1968 1982
1968 1983
1968 1984
1968 1985
1968 1986
1969 3150
1970 2373
1970 3486
1971 2222
1972 2500
1972 3486
1972 3490
1972 3562
1973 3022
1974 2942
1975 2973
1975 3236
1975 3499
1975 3579
1976 3048
1977 2017
1977 2099
1978 2595
1979 2001
1979 3123
1979 3338
1980 3052
1981 2429
1982 3479
1984 3022
1985 3052
1986 2621
1988 2125
1988 3713
1989 3695
1990 2290
1990 2525
1990 2633
1990 3754
1991 3112
1992 3643
1993 3382
1994 3692
1995 2536
1996 3382
1998 3022
1999 2888
1999 2752
2001 2002
2001 2003
2001 2004
2001 2005
2001 2006
2001 2007
2001 2008
2001 2009
2001 2010
2001 2011
2001 2012
2001 2013
2002 2373
2002 2935
2002 2986
2002 3009
2002 3369
2003 3370
2004 2935
2005 3446
2006 3369
2007 3050
2008 3446
2009 3794
2010 2986
2011 2935
2012 2942
2013 3150
2013 3542
2014 2512
2015 3384
2015 3466
2016 2748
2016 3027
2017 2018
2017 2019
2017 2020
2017 2021
2017 2022
2017 2023
2018 3650
2019 2581
2019 2553
2019 3112
2019 2405
2019 2630
2019 3131
2019 3572
2020 3254
2021 3254
2023 3326
2026 2187
2026 2957
2027 2305
2027 2405
2027 3013
2027 3411
2028 2493
2029 2550
2029 3013
2029 2255
2029 3679
2030 3691
2030 3744
2031 2032
2031 2033
2031 2034
2031 2035
2031 2036
2031 2037
2031 2038
2031 2039
2031 2040
2031 2041
2031 2042
2031 2043
2031 2044
2032 2099
2033 3669
2034 2052
2034 3013
2035 3464
2036 2363
2039 2581
2040 3744
2043 3316
2045 2046
2045 2047
2045 2048
2045 2049
2045 2050
2045 2051
2046 3428
2047 3414
2047 3428
2048 2973
2049 3742
2050 2919
2050 3428
2051 2357
2051 3428
2052 2053
2052 2054
2052 2055
2052 2056
2052 2057
2052 2058
2053 2633
2054 3174
2056 2336
2057 3755
2057 3777
2059 2060
2059 2061
2059 2062
2059 2063
2059 2064
2059 2065
2060 2901
2063 3648
2066 3383
2067 2656
2067 2802
2067 2942
2067 3680
2067 3711
2069 3715
2070 2305
2070 3376
2071 3354
2073 2861
2073 2118
2074 3579
2076 3052
2077 2078
2077 2079
2077 2080
2077 2081
2077 2082
2077 2083
2077 2084
2078 3564
2080 2386
2081 3370
2082 2748
2083 3262
2084 3595
2085 2086
2085 2087
2085 2088
2085 2089
2085 2090
2086 3731
2087 2616
2088 2851
2089 2616
2091 2092
2091 2093
2091 2094
2091 2095
2091 2096
2091 2097
2091 2098
2092 3806
2093 2222
2094 3155
2094 3649
2095 3232
2095 3507
2096 3249
2097 2986
2097 3150
2098 3716
2098 3778
2099 2100
2099 2101
2099 2102
2099 2103
2099 2104
2099 2105
2100 2628
2100 3131
2101 2611
2102 2479
2102 3496
2103 2553
2103 3673
2104 2187
2104 3041
2104 3112
2104 3411
2105 3326
2106 2107
2106 2581
2106 2645
2106 2727
2106 2405
2107 2108
2107 2109
2107 2110
2107 2111
2107 2112
2107 2113
2107 2114
2108 2373
2108 3016
2109 3707
2110 2645
2111 2373
2111 3262
2111 3591
2112 3016
2112 3690
2113 3566
2114 3060
2114 2399
2115 2290
2115 2993
2115 3163
2115 3488
2115 2752
2116 3383
2117 3510
2118 2162
2118 2558
2118 2674
2118 2862
2118 3202
2118 3274
2118 3309
2118 3348
2118 3349
2118 3350
2120 2121
2120 2122
2120 2123
2121 2752
2121 3104
2121 3766
2121 3803
2122 3493
2123 3135
2124 2125
2124 3418
2125 2126
2125 2127
2125 2128
2125 2129
2125 2130
2125 2169
2125 2170
2125 2171
2125 2172
2125 2173
2125 2174
2125 2175
2126 3096
2127 3502
2128 2312
2128 2479
2128 2779
2129 2373
2129 3395
2131 3499
2132 2563
2133 2633
2134 3418
2135 3360
2136 2545
2138 3672
2139 3534
2140 3390
2141 3577
2141 3800
2142 2670
2143 2901
2143 3360
2145 2146
2145 2147
2145 2148
2145 2149
2146 3490
2147 2248
2148 2670
2148 3360
2148 3783
2149 2500
2150 2399
2151 2187
2152 2645
2153 2581
2153 2893
2153 3013
2153 3041
2153 2412
2153 2255
2153 3131
2153 2309
2154 2187
2154 2893
2154 2412
2154 3785
2155 2187
2155 2628
2155 2893
2155 3785
2157 2290
2157 2563
2157 2553
2157 3316
2157 2752
2157 2635
2157 3762
2157 3123
2158 3418
2160 3112
2160 3232
2161 2162
2161 2163
2161 2164
2163 2680
2164 2680
2165 2222
2165 2942
2165 2255
2165 3370
2168 2357
2168 2703
2169 2563
2169 3486
2169 3747
2170 3446
2171 3229
2173 3627
2174 3551
2175 2993
2176 2177
2176 2178
2176 2179
2179 3055
2180 2181
2180 2182
2180 2183
2180 2184
2180 2185
2180 2186
2181 3080
2182 2456
2183 3507
2184 3131
2185 2512
2186 2563
2186 3369
2187 2248
2187 2893
2187 3041
2187 2692
2187 3768
2187 2188
2187 2189
2187 2190
2187 2191
2187 2192
2187 2193
2187 2194
2187 2195
2187 2196
2187 2243
2187 2244
2187 2245
2187 2246
2187 2247
2187 2249
2187 2250
2187 2251
2187 2252
2187 2253
2187 2254
2187 2255
2187 2256
2187 2257
2187 2258
2187 2259
2187 2260
2187 2261
2187 2262
2187 2263
2187 2264
2187 2265
2187 2266
2187 2267
2187 2268
2187 2269
2187 2270
2187 2271
2187 2272
2187 2684
2187 2685
2187 2686
2187 2687
2187 2688
2187 2689
2187 2690
2187 2691
2187 2693
2188 3557
2189 2412
2190 3150
2191 2405
2192 2248
2192 2979
2192 3013
2192 3254
2192 2692
2193 2399
2193 2692
2194 2512
2195 3338
2196 3507
2197 2198
2197 2199
2197 2200
2197 2201
2197 2381
2197 2382
2197 2383
2197 2384
2197 2385
2197 3260
2198 2386
2198 3570
2199 3052
2199 3466
2200 3600
2202 2601
2203 2601
2203 2621
2204 2601
2204 3755
2205 2876
2206 2935
2207 2373
2208 3022
2208 3052
2208 3249
2208 3388
2208 3486
2208 3497
2209 3764
2210 3454
2211 2861
2213 3048
2214 3298
2215 3588
2215 3793
2216 2525
2216 3001
2216 2373
2217 2635
2218 2336
2218 3627
2218 3806
2219 2611
2219 3048
2220 3150
2221 3381
2222 2223
2222 2224
2222 2225
2222 2226
2222 2227
2223 2908
2224 3428
2224 3319
2224 3767
2225 2738
2225 3763
2226 3354
2227 2556
2228 2512
2229 3236
2230 3730
2231 2273
2231 3232
2232 2633
2233 2348
2235 3500
2236 3327
2237 3739
2238 2616
2238 3328
2240 3259
2241 2493
2241 2645
2241 3526
2242 3500
2242 3772
2244 3032
2245 2248
2246 2628
2246 2645
2247 2429
2247 2512
2247 3574
2248 3254
2248 2288
2248 2319
2248 2634
2248 2791
2248 2792
2248 2793
2248 2794
2248 2795
2248 2796
2248 2797
2248 2798
2248 2799
2248 2800
2248 2801
2249 2290
2249 2645
2249 3301
2249 3305
2249 2692
2249 2309
2250 3443
2251 3212
2252 3254
2253 2405
2253 2628
2253 2553
2253 2893
2253 3013
2253 2412
2253 3232
2253 2255
2253 3236
2253 3131
2253 3376
2253 3768
2253 3185
2254 3041
2255 3041
2255 3112
2255 3301
2255 2630
2255 3131
2255 2260
2255 2269
2255 2270
2255 2768
2255 2969
2255 2981
2255 3341
2255 3342
2255 3343
2256 3123
2256 3806
2257 3572
2257 3796
2258 2553
2258 2645
2259 3212
2260 2290
2260 2628
2260 3112
2260 2412
2260 3232
2260 3301
2260 2630
2260 2692
2260 2309
2261 3301
2261 2630
2261 3768
2262 3236
2263 3052
2264 3507
2265 3212
2265 3131
2266 3651
2267 2639
2267 3316
2267 3319
2268 2290
2268 3041
2268 2412
2268 3232
2268 2957
2269 2942
2269 3112
2269 3301
2269 2630
2269 2692
2270 2290
2270 2581
2270 2628
2270 2553
2270 2953
2270 3013
2270 3112
2270 2405
2270 2412
2270 3232
2270 3301
2270 2630
2270 3131
2270 3305
2270 2692
2270 2309
2271 2429
2272 3316
2272 3319
2273 2274
2273 2275
2273 2276
2273 2277
2273 2278
2274 2986
2274 3393
2275 3616
2276 2848
2277 2986
2278 3684
2279 3526
2280 2563
2280 2309
2281 2601
2281 2639
2281 2630
2281 3016
2282 3411
2283 2525
2283 2703
2283 3507
2284 2336
2285 3793
2286 2456
2286 2919
2287 2845
2287 3115
2287 3588
2288 2373
2288 3446
2288 3678
2288 3257
2288 3730
2288 2645
2290 3305
2290 2291
2290 2292
2290 2293
2290 2294
2290 2295
2290 2296
2290 2297
2290 2298
2290 2299
2290 2300
2290 2301
2290 2302
2290 2303
2290 2304
2290 2305
2290 2306
2290 2307
2290 2308
2290 2309
2290 2310
2291 3458
2292 3112
2292 3115
2292 3301
2292 3582
2292 3572
2293 3259
2295 3298
2295 3649
2296 2581
2296 3112
2296 3138
2297 2305
2297 2399
2297 3566
2298 3658
2299 2645
2299 3696
2300 2399
2301 2336
2302 3254
2303 2639
2303 3041
2304 2893
2305 2405
2305 2393
2305 2394
2305 2395
2305 2396
2305 2397
2305 2398
2305 2399
2305 2400
2305 2401
2305 2402
2305 2403
2305 2404
2305 2719
2305 3552
2307 2429
2307 3212
2307 3382
2307 3464
2307 3677
2308 2399
2308 3566
2309 2893
2309 3301
2309 3305
2309 2631
2309 2768
2309 2895
2309 3167
2309 3201
2310 2893
2310 3013
2310 3232
2311 2680
2311 3416
2312 2313
2312 2314
2312 2315
2312 2316
2312 2317
2312 2318
2312 2319
2312 2320
2312 2321
2312 2322
2312 2323
2312 2324
2313 3777
2314 3570
2315 3789
2316 3155
2317 3570
2318 2595
2319 2893
2321 3667
2322 2550
2322 3382
2322 3528
2322 3570
2322 3588
2322 3615
2322 2752
2322 3679
2323 2386
2324 3715
2325 2326
2325 2917
2326 2327
2326 2328
2326 2329
2326 2330
2326 2331
2326 2332
2326 2333
2326 2334
2327 3502
2328 3577
2329 3024
2330 3338
2330 3406
2330 3484
2330 3551
2330 3632
2331 3027
2333 3515
2334 2746
2335 2336
2335 2405
2336 2337
2336 2338
2336 2339
2336 2340
2336 2341
2336 2342
2336 2343
2336 2344
2336 2345
2336 2346
2336 2347
2336 2495
2336 2729
2336 3078
2336 3347
2336 3638
2336 3657
2337 2405
2337 3612
2338 3649
2339 3328
2340 3005
2340 3123
2342 3654
2343 3723
2343 3627
2344 2639
2345 2405
2346 2779
2346 2479
2346 3328
2346 3454
2347 3276
2348 2349
2348 2350
2348 2351
2348 2352
2348 2353
2348 2354
2350 2917
2351 3673
2352 3661
2353 2479
2353 2802
2353 3005
2353 3212
2353 3645
2354 2386
2355 3651
2356 3135
2357 2358
2357 2359
2357 2360
2357 2361
2357 2362
2359 2919
2360 3614
2361 2386
2363 2364
2363 2365
2363 2366
2363 2367
2363 2368
2363 2369
2364 3654
2365 3649
2366 3661
2368 2919
2369 3381
2370 2371
2370 2372
2371 2656
2372 2881
2372 3728
2373 2399
2373 2374
2373 2375
2373 2376
2373 2377
2373 2378
2373 2379
2373 2380
2373 2382
2373 2466
2373 2530
2373 2546
2373 2553
2373 2598
2373 2662
2373 2684
2373 2735
2373 2756
2373 2757
2373 2758
2373 2759
2373 2760
2373 2761
2373 2762
2373 2763
2373 2764
2373 2765
2373 2766
2373 2767
2373 2768
2373 2769
2373 3007
2373 3237
2373 3238
2373 3239
2373 3386
2373 3573
2373 3779
2374 3766
2376 3733
2377 3032
2377 3664
2377 3799
2378 3326
2378 2692
2379 2845
2379 2861
2379 3022
2379 3048
2379 3052
2379 3298
2379 3411
2379 3479
2380 2748
2380 3022
2381 3799
2383 3384
2384 3370
2385 2484
2386 2387
2386 2388
2386 2389
2386 2390
2386 2391
2386 2392
2387 3366
2388 2621
2389 2503
2389 3370
2389 3507
2389 3644
2390 2752
2391 2581
2392 3582
2394 3032
2394 3486
2394 3507
2394 3739
2394 3773
2395 3013
2395 3016
2396 2893
2397 3013
2397 2399
2398 2645
2399 2631
2399 2640
2399 2688
2399 2759
2399 2900
2399 3036
2399 3134
2399 3156
2399 3193
2399 3239
2399 3289
2399 3345
2399 3346
2399 3347
2399 3737
2399 3738
2400 3736
2401 3637
2402 2405
2403 3724
2404 3753
2405 2406
2405 2407
2405 2408
2405 2409
2405 2410
2405 2411
2405 2412
2405 2769
2405 2809
2405 2900
2405 3130
2405 3131
2405 3132
2405 3133
2405 3134
2406 2645
2407 2635
2408 2412
2409 2563
2411 2550
2411 2713
2411 3772
2411 3123
2412 2628
2412 3041
2412 3785
2412 2624
2412 2684
2412 2686
2412 2768
2412 2900
2412 3017
2412 3131
2412 3132
2412 3182
2412 3183
2412 3184
2412 3185
2412 3186
2412 3187
2412 3188
2413 3115
2414 3591
2415 2645
2416 3009
2416 3732
2417 3637
2419 3530
2419 3728
2420 3595
2421 2556
2423 2493
2424 3370
2425 2901
2427 3223
2428 3690
2429 2430
2429 2431
2429 2432
2429 2433
2429 2434
2429 2435
2429 2436
2429 2437
2429 2438
2429 2439
2429 2440
2429 2441
2429 2442
2429 2443
2429 2444
2429 2445
2429 2446
2429 2447
2429 2448
2429 2449
2429 2450
2429 2451
2429 2452
2429 2453
2429 2454
2429 2455
2430 2503
2431 3539
2434 2493
2435 2953
2435 3096
2435 3488
2435 3607
2436 3620
2436 3677
2438 3027
2439 3060
2440 3048
2442 3052
2443 3155
2443 3802
2444 3354
2445 3262
2445 3806
2446 3316
2446 3507
2447 3564
2448 3776
2449 2973
2450 3564
2451 3382
2452 3668
2453 3806
2454 3754
2454 3806
2455 2901
2456 2457
2456 2458
2456 2459
2457 3135
2458 2611
2459 2493
2460 2461
2460 2462
2460 2463
2460 2464
2460 2465
2460 2466
2460 2467
2460 2468
2460 2469
2460 2470
2460 2471
2460 2472
2460 2473
2460 2474
2460 2475
2460 2476
2460 2477
2460 2478
2461 3588
2462 3354
2463 2639
2464 3041
2465 3108
2467 3416
2468 2935
2469 3416
2469 3785
2471 2556
2473 3236
2475 2670
2476 3060
2477 3301
2479 2480
2479 2481
2479 2482
2479 2483
2479 2584
2479 2868
2479 2869
2479 2870
2479 2871
2479 2872
2480 3232
2482 2656
2482 3048
2482 3570
2484 2485
2485 3048
2487 3218
2488 2645
2489 2611
2489 3610
2491 2550
2492 2770
2493 2494
2493 2495
2493 2496
2493 2497
2493 2498
2493 3025
2493 3431
2493 3544
2493 3605
2493 3606
2494 2703
2496 3661
2497 2512
2497 2525
2497 2645
2497 3717
2497 3791
2498 3684
2500 2501
2500 2502
2502 3780
2503 2504
2503 2505
2503 2506
2503 2507
2503 2508
2503 2509
2503 2510
2503 2511
2504 3009
2505 3733
2506 3802
2507 3579
2508 3155
2509 3298
2509 3052
2510 3772
2511 3770
2512 2849
2512 2901
2512 3249
2512 2513
2512 2514
2512 2515
2512 2516
2512 2517
2512 2518
2512 2519
2512 2520
2512 2521
2512 2522
2512 2523
2512 2524
2513 2656
2514 3658
2515 3115
2515 3041
2515 3754
2516 2908
2517 3328
2518 3366
2519 3212
2520 2993
2521 3614
2522 3354
2523 2633
2523 3155
2523 2670
2523 3696
2524 3760
2525 2526
2525 2527
2525 2528
2525 2529
2525 2530
2527 2645
2528 3734
2529 3500
2531 2694
2531 3108
2532 2616
2533 3150
2534 2611
2535 2694
2536 2537
2536 2538
2536 2539
2536 2540
2537 2876
2538 3080
2539 2694
2540 3610
2541 2881
2542 2752
2543 3369
2543 3022
2544 3801
2545 2546
2545 2547
2545 2548
2545 2549
2547 2670
2547 2738
2548 3354
2549 2656
2550 2553
2550 3679
2550 2551
2550 2552
2550 2554
2550 2555
2551 3661
2552 3679
2553 3041
2553 3679
2553 2684
2553 2734
2553 2735
2553 2736
2553 2737
2554 3679
2555 3406
2556 2557
2556 2558
2556 2559
2556 2560
2556 2561
2556 2562
2557 3518
2559 3744
2560 3507
2560 3560
2561 3518
2562 3340
2563 2564
2563 2565
2563 2566
2563 2567
2563 2568
2563 2569
2563 2570
2563 2571
2563 2572
2563 2573
2563 2574
2563 2575
2563 2576
2563 2577
2563 2578
2563 2579
2563 2580
2564 3661
2565 2993
2566 3788
2567 3661
2568 3382
2568 3406
2568 3662
2569 3115
2569 3400
2570 2639
2571 3677
2572 2645
2573 3778
2574 3388
2575 3232
2576 2645
2577 3458
2578 3218
2578 3662
2579 3382
2580 3163
2581 2582
2581 2583
2581 2584
2581 2585
2581 2586
2581 2587
2581 2588
2581 2589
2581 2590
2581 2591
2581 2592
2581 2593
2582 2978
2582 2973
2582 3695
2585 2953
2585 3022
2585 3507
2586 3041
2587 3806
2588 3041
2589 2893
2589 3041
2589 3112
2589 3232
2589 3376
2589 3572
2592 3041
2593 3769
2594 2645
2595 2596
2595 2597
2595 2598
2595 2599
2595 2600
2596 3768
2597 3418
2599 3262
2600 3574
2601 2602
2601 2603
2601 2604
2601 2605
2601 2606
2601 2607
2601 2608
2601 2609
2602 3370
2602 3432
2603 3048
2604 2986
2605 2670
2606 3755
2607 3755
2608 3282
2608 3446
2608 2670
2608 3755
2608 3570
2609 3802
2611 2612
2611 2613
2611 2614
2611 2615
2612 3637
2614 3627
2615 2973
2615 3223
2616 2617
2616 2618
2616 2619
2616 2620
2618 2876
2619 3080
2620 2851
2621 2622
2621 2623
2621 2624
2621 2625
2621 2626
2621 2627
2622 3382
2623 2748
2624 3395
2625 2748
2625 3479
2626 2953
2628 2629
2628 2630
2628 2631
2628 2632
2630 2631
2630 2768
2630 3196
2630 3455
2631 3301
2632 3406
2633 2634
2633 2635
2633 2636
2633 2637
2635 2665
2635 2943
2635 3002
2635 3194
2635 3268
2635 3359
2636 3354
2637 3783
2638 2639
2638 3748
2639 2640
2639 2641
2639 2642
2639 2643
2639 2644
2639 2930
2640 2953
2641 2746
2642 3496
2643 3048
2644 3163
2645 2646
2645 2647
2645 2648
2645 2649
2645 2650
2645 2658
2645 2663
2645 2773
2645 2831
2645 2930
2645 2967
2645 2972
2645 3018
2645 3028
2645 3053
2645 3160
2645 3161
2645 3162
2645 3214
2645 3267
2645 3275
2645 3306
2645 3343
2645 3356
2645 3435
2645 3457
2645 3520
2645 3538
2645 3545
2645 3560
2645 3576
2645 3594
2645 3609
2645 3670
2645 3697
2645 3746
2645 3765
2645 3774
2646 3223
2649 3526
2650 3531
2650 2957
2651 2652
2652 2653
2652 2654
2652 2655
2655 3041
2655 3720
2656 2657
2656 2658
2656 2659
2656 2660
2656 2661
2656 2662
2657 3530
2659 2802
2659 3711
2660 3406
2660 3673
2662 3376
2663 3664
2665 3298
2665 3338
2665 3484
2665 3579
2666 3115
2667 3643
2669 3096
2669 3797
2670 2671
2670 2672
2670 2673
2670 2674
2670 2675
2670 2676
2670 2677
2670 2678
2670 2679
2670 2688
2670 2783
2670 3106
2670 3339
2670 3423
2670 3424
2670 3449
2670 3450
2670 3451
2670 3452
2670 3453
2670 3456
2670 3457
2671 3668
2672 3497
2673 3096
2673 3327
2673 2752
2675 3115
2677 3223
2678 3131
2678 3752
2680 2681
2680 2682
2680 2683
2681 3454
2682 3614
2684 3041
2685 3790
2686 3785
2687 3052
2688 3259
2688 3794
2689 3041
2690 3380
2691 3637
2691 3752
2692 2901
2692 2768
2692 2809
2692 3306
2692 3636
2693 3692
2694 2695
2694 2696
2694 2697
2694 2698
2695 3390
2696 3795
2697 3787
2698 3093
2700 3562
2701 2888
2701 3360
2702 2802
2703 3235
2703 3463
2703 3476
2703 3477
2703 3478
2704 3446
2705 3382
2706 3769
2707 2818
2708 3612
2709 3328
2710 3022
2712 3446
2713 2714
2713 2715
2713 2716
2713 2717
2713 2718
2713 2719
2713 2720
2713 2721
2714 3446
2715 3496
2716 3155
2720 3542
2722 3441
2723 3651
2724 2725
2725 3005
2727 2728
2727 2729
2727 2730
2727 2731
2727 2732
2727 2733
2730 2818
2732 3189
2732 3736
2733 3189
2733 3736
2734 3131
2736 3041
2736 3236
2736 3380
2736 3376
2737 3595
2738 2739
2738 2740
2738 2741
2738 2742
2738 2743
2738 2744
2738 2745
2739 3803
2740 3418
2741 3414
2741 3499
2741 3767
2742 3692
2742 3777
2745 3209
2746 2747
2747 3632
2748 2749
2748 2750
2748 2751
2749 3163
2750 3468
2751 3369
2752 2753
2752 2754
2752 2755
2752 2785
2752 2889
2752 2890
2752 2891
2752 2925
2752 3237
2752 3332
2752 3345
2752 3474
2752 3475
2752 3683
2753 3717
2754 3022
2755 3327
2756 3380
2756 3679
2758 3236
2758 3376
2759 3736
2760 3236
2763 3048
2763 3282
2763 3668
2764 3055
2765 3595
2767 3376
2768 3112
2768 3301
2768 3236
2768 3131
2768 3305
2768 3566
2770 2771
2770 2772
2770 2773
2770 2774
2770 2775
2770 2776
2770 2777
2770 2778
2771 3720
2772 3163
2776 3115
2776 3276
2777 3048
2778 3236
2779 2780
2779 2781
2779 2782
2779 2783
2779 2784
2779 2785
2779 2786
2779 2787
2779 2788
2779 2789
2779 2790
2780 3416
2781 3328
2782 3150
2783 3127
2784 3052
2786 3767
2787 3104
2789 3163
2790 3446
2791 3027
2792 3048
2793 3041
2794 3209
2795 3080
2796 2893
2798 3566
2799 3612
2800 2935
2801 3016
2802 2803
2802 2804
2802 2805
2802 2806
2802 2807
2803 3732
2805 3418
2805 3507
2807 3366
2808 3615
2809 3736
2810 3789
2811 3123
2812 3591
2812 3736
2813 3055
2813 3699
2817 3750
2818 2819
2818 2820
2818 2821
2819 3667
2820 2986
2822 3236
2822 3466
2822 3785
2824 3634
2829 3588
2830 3223
2831 3301
2831 3507
2832 3632
2834 3604
2836 3634
2837 3627
2838 2851
2840 2876
2840 2888
2841 3570
2843 3497
2844 3382
2845 2846
2845 2847
2845 2848
2846 3093
2847 3298
2847 3591
2847 3662
2848 2955
2848 3646
2849 2850
2851 2852
2852 2888
2853 2893
2853 3013
2853 3041
2853 3052
2853 3112
2853 3232
2854 3112
2854 3232
2856 3673
2857 2973
2858 2888
2859 3728
2859 3795
2860 3627
2861 2862
2861 2863
2861 2864
2861 2865
2861 2866
2861 2867
2862 3707
2863 3127
2863 3189
2864 3768
2865 3645
2866 3773
2868 3060
2869 3328
2871 3496
2873 3499
2874 3009
2875 3776
2876 2877
2876 2878
2876 2879
2876 2880
2877 2935
2877 3282
2878 3360
2879 2888
2879 3466
2880 3617
2881 2882
2881 2883
2881 2884
2881 2885
2881 2886
2881 2887
2883 3776
2884 3466
2885 3326
2886 2942
2886 3048
2886 3614
2887 3612
2888 2889
2888 2890
2888 2891
2888 2892
2893 2894
2893 2895
2893 2896
2893 2897
2893 2898
2893 2899
2893 2900
2895 3013
2895 3406
2897 3388
2899 3702
2900 3254
2900 3679
2900 3785
2901 2902
2901 2903
2901 2904
2901 3307
2901 3308
2901 3309
2901 3310
2901 3311
2901 3312
2901 3313
2901 3314
2903 3328
2904 3493
2906 3515
2907 3562
2908 3768
2908 3081
2908 3082
2908 3083
2908 3084
2909 2910
2909 2911
2909 2912
2910 2957
2912 3579
2913 3093
2914 3041
2915 3740
2916 3327
2916 3570
2917 2918
2919 2920
2919 2921
2919 2922
2919 2923
2921 3464
2924 3763
2925 3458
2925 2935
2926 3131
2928 3416
2929 3654
2931 3673
2933 3486
2933 3510
2933 3016
2933 3715
2933 3724
2935 2936
2935 2937
2935 2938
2935 2939
2935 2940
2935 2941
2935 3640
2936 2986
2937 2986
2937 3730
2938 3048
2938 3050
2938 3684
2939 3788
2940 2986
2941 3338
2942 2943
2942 2944
2942 2945
2942 2946
2942 2947
2942 2948
2944 3032
2945 3634
2946 3370
2947 3381
2949 3658
2950 2986
2951 3614
2952 2953
2952 3112
2953 2954
2953 2955
2953 2956
2953 2957
2953 2958
2954 2957
2956 3131
2957 3044
2957 3300
2957 3421
2957 3447
2957 3452
2957 3545
2957 3546
2958 3041
2959 3032
2960 3560
2961 3024
2962 3024
2964 3254
2965 3041
2966 3209
2968 3721
2969 3131
2970 3050
2971 3254
2973 2974
2973 2975
2973 2976
2973 2977
2973 2978
2973 3200
2973 3559
2974 3223
2974 3776
2976 3742
2978 3243
2978 3244
2978 3245
2978 3246
2978 3247
2978 3248
2979 2980
2979 2981
2979 2982
2979 2983
2979 2984
2979 2985
2980 3259
2982 3257
2983 3257
2984 3052
2985 3254
2986 3369
2986 2987
2986 2988
2986 2989
2986 2990
2986 2991
2986 2992
2987 3048
2988 3615
2989 3022
2989 3632
2990 3486
2991 3736
2992 3736
2993 2994
2993 2995
2993 2996
2993 2997
2993 2998
2993 3682
2994 3360
2996 3486
2996 3747
2997 3048
2998 3236
2999 3041
3000 3123
3001 3002
3001 3003
3001 3004
3002 3564
3003 3185
3004 3316
3005 3006
3005 3007
3005 3008
3006 3733
3008 3658
3009 3010
3009 3011
3009 3012
3010 3515
3011 3604
3012 3223
3012 3254
3013 3014
3013 3015
3013 3016
3013 3017
3013 3018
3013 3019
3013 3020
3015 3797
3016 3236
3016 3422
3016 3592
3017 3041
3019 3500
3019 3770
3020 3249
3021 3634
3022 3023
3022 3033
3022 3067
3022 3085
3022 3152
3022 3190
3022 3334
3022 3394
3022 3467
3022 3494
3022 3495
3022 3639
3024 3025
3024 3026
3026 3690
3027 3028
3027 3029
3027 3030
3027 3031
3029 3551
3030 3724
3031 3271
3032 3033
3032 3034
3032 3035
3032 3036
3032 3037
3032 3038
3035 3725
3037 3155
3037 3488
3039 3393
3040 3259
3040 3298
3040 3383
3041 3042
3041 3043
3041 3044
3041 3045
3041 3187
3041 3204
3041 3215
3041 3240
3041 3241
3041 3242
3041 3292
3041 3398
3041 3399
3042 3301
3042 3380
3043 3768
3044 3376
3046 3050
3048 3049
3048 3050
3048 3051
3049 3338
3049 3486
3050 3283
3050 3548
3051 3668
3052 3053
3052 3054
3054 3566
3055 3056
3055 3057
3055 3058
3055 3059
3057 3360
3059 3634
3060 3061
3060 3062
3060 3063
3060 3064
3060 3065
3061 3679
3062 3620
3063 3381
3064 3381
3066 3760
3066 3771
3067 3750
3068 3699
3069 3763
3071 3189
3072 3468
3073 3801
3074 3562
3075 3739
3076 3595
3077 3753
3079 3566
3079 3570
3082 3530
3083 3692
3084 3390
3086 3531
3087 3798
3089 3090
3089 3091
3090 3135
3091 3185
3092 3360
3093 3094
3093 3095
3094 3784
3095 3769
3096 3097
3096 3098
3096 3099
3097 3695
3098 3155
3099 3232
3100 3378
3102 3360
3104 3105
3104 3106
3104 3107
3105 3711
3107 3298
3108 3109
3108 3110
3108 3111
3109 3696
3109 3766
3109 3802
3110 3630
3111 3795
3112 3113
3112 3114
3115 3116
3115 3117
3115 3118
3115 3119
3115 3120
3115 3121
3115 3122
3116 3464
3117 3736
3118 3728
3119 3684
3120 3564
3121 3150
3122 3123
3123 3124
3123 3125
3123 3126
3123 3225
3123 3240
3123 3256
3123 3346
3123 3694
3125 3762
3125 3789
3125 3802
3126 3690
3127 3128
3127 3129
3128 3515
3129 3688
3130 3645
3131 3132
3131 3188
3131 3341
3131 3362
3131 3417
3131 3444
3131 3450
3131 3576
3133 3236
3133 3406
3134 3591
3135 3136
3135 3137
3136 3616
3137 3507
3138 3139
3138 3140
3138 3141
3138 3142
3140 3276
3141 3232
3142 3658
3145 3479
3145 3617
3145 3319
3146 3643
3147 3678
3148 3360
3149 3667
3150 3151
3150 3152
3150 3153
3150 3154
3151 3709
3153 3326
3155 3156
3155 3157
3155 3158
3155 3159
3156 3570
3157 3800
3158 3340
3158 3680
3163 3164
3163 3165
3163 3166
3163 3167
3163 3168
3163 3183
3163 3483
3164 3380
3165 3507
3166 3551
3168 3326
3169 3229
3170 3754
3172 3428
3173 3574
3174 3218
3174 3526
3174 3551
3174 3748
3175 3595
3176 3720
3179 3720
3179 3806
3181 3637
3184 3223
3184 3560
3185 3186
3185 3201
3185 3267
3185 3270
3189 3190
3191 3305
3192 3542
3195 3619
3197 3702
3198 3528
3198 3584
3199 3679
3203 3572
3205 3744
3205 3773
3206 3218
3207 3468
3208 3507
3209 3210
3209 3211
3210 3763
3212 3213
3212 3214
3212 3215
3212 3216
3212 3217
3213 3785
3217 3615
3218 3219
3218 3220
3218 3221
3218 3222
3219 3662
3220 3661
3221 3704
3222 3560
3223 3224
3223 3225
3223 3226
3223 3227
3223 3228
3225 3675
3226 3526
3226 3739
3227 3518
3228 3380
3229 3230
3229 3231
3230 3446
3232 3233
3232 3234
3233 3699
3234 3595
3235 3699
3236 3376
3236 3377
3238 3382
3244 3551
3245 3526
3246 3753
3247 3753
3248 3669
3249 3250
3249 3251
3249 3252
3249 3253
3251 3328
3253 3604
3253 3764
3254 3255
3254 3256
3254 3257
3254 3628
3254 3629
3254 3757
3255 3257
3257 3306
3257 3440
3257 3700
3258 3767
3259 3260
3259 3261
3262 3263
3262 3264
3262 3265
3262 3266
3262 3267
3262 3268
3263 3458
3264 3732
3265 3500
3266 3724
3269 3753
3272 3564
3273 3800
3275 3497
3276 3277
3276 3278
3276 3279
3276 3280
3276 3281
3277 3732
3279 3383
3280 3370
3282 3283
3282 3284
3282 3285
3282 3286
3282 3287
3284 3497
3285 3562
3286 3468
3286 3632
3287 3755
3288 3630
3289 3562
3290 3582
3294 3366
3296 3754
3297 3298
3297 3488
3298 3299
3298 3300
3299 3783
3301 3305
3301 3302
3301 3303
3301 3304
3301 3306
3302 3316
3303 3380
3304 3305
3306 3572
3307 3623
3309 3432
3310 3562
3310 3664
3312 3734
3313 3369
3314 3488
3315 3562
3316 3317
3316 3318
3316 3319
3316 3320
3316 3321
3316 3322
3316 3323
3317 3610
3318 3789
3319 3421
3320 3406
3320 3617
3321 3728
3322 3400
3323 3507
3324 3806
3325 3326
3327 3783
3328 3329
3328 3330
3328 3331
3329 3616
3330 3762
3335 3468
3336 3462
3337 3338
3337 3595
3338 3339
3348 3591
3349 3627
3349 3667
3350 3381
3352 3428
3353 3617
3354 3355
3354 3356
3354 3357
3354 3358
3354 3359
3355 3462
3356 3616
3357 3418
3358 3778
3360 3361
3360 3362
3360 3363
3360 3455
3360 3774
3361 3661
3363 3800
3364 3720
3365 3507
3366 3367
3366 3368
3367 3588
3368 3770
3370 3371
3370 3372
3370 3373
3370 3374
3370 3375
3371 3466
3372 3507
3373 3747
3374 3560
3374 3612
3375 3560
3376 3398
3376 3586
3377 3736
3378 3391
3378 3686
3379 3688
3384 3385
3384 3386
3384 3387
3385 3510
3388 3389
3389 3699
3390 3391
3392 3393
3392 3479
3392 3497
3392 3632
3392 3570
3393 3394
3394 3579
3395 3396
3395 3397
3397 3414
3399 3600
3400 3401
3400 3402
3400 3403
3400 3404
3400 3405
3401 3539
3402 3747
3403 3699
3404 3704
3405 3736
3406 3407
3408 3409
3408 3410
3411 3412
3411 3413
3412 3446
3413 3804
3414 3415
3415 3610
3416 3417
3418 3419
3418 3420
3418 3421
3418 3512
3418 3712
3419 3614
3425 3733
3426 3777
3426 3803
3427 3493
3428 3429
3428 3430
3428 3431
3429 3718
3432 3433
3432 3434
3432 3435
3432 3436
3432 3437
3434 3690
3434 3723
3436 3502
3437 3760
3441 3442
3442 3443
3446 3447
3446 3448
3447 3579
3448 3479
3449 3802
3450 3458
3451 3802
3453 3730
3456 3530
3458 3459
3458 3460
3458 3461
3459 3649
3460 3740
3461 3717
3462 3463
3464 3465
3465 3584
3466 3467
3468 3469
3468 3470
3468 3471
3468 3472
3468 3698
3468 3699
3469 3734
3469 3760
3470 3490
3470 3777
3471 3777
3473 3778
3474 3677
3476 3542
3477 3707
3478 3515
3479 3480
3479 3481
3479 3482
3480 3715
3481 3747
3482 3715
3486 3487
3487 3793
3488 3489
3489 3644
3490 3491
3490 3492
3491 3510
3493 3494
3493 3495
3497 3498
3501 3730
3502 3503
3502 3504
3502 3505
3503 3617
3504 3564
3505 3687
3506 3528
3507 3508
3507 3509
3507 3558
3507 3646
3507 3705
3507 3712
3508 3574
3510 3511
3510 3512
3510 3513
3510 3514
3513 3733
3515 3516
3516 3718
3517 3667
3518 3519
3518 3520
3518 3521
3518 3522
3518 3523
3521 3707
3522 3709
3523 3661
3524 3734
3525 3577
3526 3527
3527 3637
3528 3529
3529 3645
3531 3532
3531 3533
3532 3604
3534 3535
3536 3562
3537 3715
3539 3540
3539 3541
3541 3607
3542 3543
3542 3544
3543 3612
3546 3720
3547 3752
3549 3610
3550 3557
3551 3552
3553 3554
3553 3555
3553 3556
3554 3644
3555 3729
3556 3729
3557 3558
3557 3559
3560 3561
3562 3563
3563 3591
3564 3565
3565 3740
3566 3567
3566 3568
3566 3569
3568 3620
3569 3673
3570 3571
3570 3693
3571 3579
3572 3700
3574 3575
3575 3623
3577 3578
3578 3790
3579 3580
3579 3581
3580 3803
3581 3691
3582 3583
3583 3690
3585 3730
3587 3778
3588 3589
3589 3610
3591 3592
3591 3593
3593 3736
3594 3595
3595 3596
3595 3597
3595 3598
3595 3599
3596 3634
3597 3801
3598 3634
3599 3677
3599 3789
3600 3601
3600 3602
3600 3603
3601 3637
3602 3776
3605 3675
3605 3770
3606 3679
3607 3608
3610 3611
3611 3620
3613 3715
3618 3725
3620 3621
3620 3622
3621 3772
3622 3677
3623 3624
3623 3625
3625 3773
3626 3664
3627 3628
3627 3629
3630 3631
3631 3713
3632 3633
3633 3644
3635 3645
3636 3699
3637 3638
3639 3679
3640 3775
3642 3675
3642 3695
3647 3649
3651 3652
3651 3653
3652 3745
3654 3655
3654 3656
3655 3696
3656 3669
3657 3717
3658 3659
3658 3660
3660 3730
3663 3747
3664 3665
3664 3666
3665 3715
3665 3784
3666 3730
3669 3670
3669 3671
3671 3791
3673 3674
3674 3790
3675 3676
3676 3728
3681 3751
3684 3685
3685 3775
3688 3689
3689 3699
3692 3693
3697 3720
3698 3803
3699 3714
3701 3790
3702 3703
3703 3773
3704 3705
3704 3706
3706 3707
3707 3708
3708 3780
3709 3710
3710 3744
3714 3795
3718 3719
3719 3734
3721 3722
3722 3732
3725 3726
3726 3758
3727 3744
3734 3735
3737 3776
3738 3762
3740 3741
3741 3768
3742 3743
3743 3780
3746 3798
3748 3749
3749 3773
3757 3792
3758 3759
3759 3801
3760 3761
3761 3764
3764 3765
3778 3779
3780 3781
3781 3802
3785 3786
