new_label original_label
1 51
2 52
3 53
4 54
5 55
6 56
7 57
8 58
9 59
10 60
11 61
12 62
13 63
14 64
15 65
16 66
17 81
18 82
19 83
20 84
21 85
22 86
23 87
24 88
25 89
26 90
27 91
28 92
29 93
30 94
31 95
32 96
33 97
34 98
35 99
36 100
37 101
38 102
39 103
40 104
41 105
42 106
43 107
44 108
45 109
46 111
47 112
48 113
49 114
50 115
51 116
52 117
53 118
54 119
55 120
56 121
57 122
58 123
59 124
60 125
61 126
62 127
63 128
64 129
65 130
66 131
67 132
68 133
69 134
70 135
71 136
72 143
73 178
74 179
75 180
76 181
77 182
78 183
79 184
80 185
81 186
82 187
83 188
84 189
85 190
86 191
87 192
88 193
89 194
90 195
91 196
92 197
93 198
94 199
95 200
96 201
97 202
98 203
99 204
100 205
101 206
102 207
103 208
104 209
105 210
106 211
107 212
108 213
109 214
110 215
111 216
112 239
113 240
114 241
115 243
116 244
117 245
118 246
119 247
120 248
121 249
122 250
123 251
124 252
125 253
126 254
127 255
128 256
129 257
130 258
131 259
132 260
133 261
134 262
135 263
136 264
137 265
138 266
139 267
140 268
141 269
142 270
143 271
144 272
145 273
146 302
147 303
148 304
149 305
150 306
151 307
152 308
153 309
154 310
155 311
156 312
157 313
158 314
159 315
160 316
161 317
162 318
163 319
164 320
165 321
166 322
167 323
168 324
169 325
170 326
171 327
172 328
173 330
174 331
175 332
176 333
177 334
178 335
179 336
180 337
181 338
182 339
183 340
184 341
185 342
186 407
187 408
188 409
189 410
190 411
191 412
192 413
193 414
194 415
195 416
196 417
197 418
198 419
199 420
200 421
201 422
202 423
203 424
204 425
205 427
206 428
207 429
208 430
209 431
210 432
211 433
212 434
213 435
214 436
215 437
216 439
217 440
218 441
219 442
220 443
221 444
222 445
223 446
224 447
225 448
226 449
227 450
228 451
229 452
230 453
231 454
232 455
233 456
234 457
235 458
236 459
237 460
238 461
239 462
240 463
241 464
242 465
243 466
244 467
245 468
246 469
247 470
248 471
249 472
250 473
251 474
252 475
253 476
254 477
255 478
256 479
257 480
258 481
259 482
260 483
261 484
262 485
263 574
264 587
265 588
266 589
267 590
268 591
269 592
270 595
271 596
272 597
273 598
274 607
275 608
276 610
277 611
278 612
279 613
280 614
281 615
282 616
283 617
284 618
285 619
286 620
287 621
288 623
289 624
290 625
291 626
292 627
293 628
294 629
295 630
296 631
297 632
298 633
299 634
300 635
301 636
302 637
303 638
304 639
305 640
306 642
307 643
308 644
309 645
310 646
311 647
312 689
313 725
314 726
315 727
316 729
317 730
318 731
319 732
320 733
321 734
322 735
323 736
324 738
325 739
326 740
327 741
328 742
329 743
330 744
331 745
332 746
333 747
334 748
335 749
336 750
337 751
338 752
339 753
340 754
341 755
342 756
343 818
344 819
345 820
346 821
347 823
348 824
349 825
350 826
351 827
352 828
353 829
354 830
355 831
356 832
357 833
358 834
359 836
360 837
361 838
362 839
363 840
364 841
365 842
366 844
367 845
368 846
369 925
370 935
371 936
372 937
373 938
374 939
375 940
376 941
377 942
378 985
379 986
380 987
381 988
382 989
383 990
384 991
385 992
386 993
387 994
388 995
389 996
390 997
391 998
392 999
393 1000
394 1001
395 1002
396 1003
397 1004
398 1026
399 1027
400 1028
401 1029
402 1030
403 1031
404 1032
405 1033
406 1034
407 1035
408 1036
409 1037
410 1038
411 1039
412 1040
413 1041
414 1042
415 1043
416 1044
417 1045
418 1046
419 1047
420 1070
421 1071
422 1072
423 1073
424 1074
425 1075
426 1076
427 1077
428 1078
429 1079
430 1080
431 1081
432 1082
433 1083
434 1084
435 1085
436 1086
437 1087
438 1088
439 1089
440 1090
441 1091
442 1092
443 1093
444 1094
445 1109
446 1110
447 1111
448 1112
449 1113
450 1114
451 1115
452 1116
453 1117
454 1118
455 1119
456 1120
457 1121
458 1122
459 1123
460 1124
461 1125
462 1126
463 1127
464 1128
465 1129
466 1130
467 1132
468 1133
469 1134
470 1135
471 1136
472 1137
473 1138
474 1139
475 1140
476 1141
477 1142
478 1143
479 1144
480 1145
481 1179
482 1180
483 1181
484 1182
485 1183
486 1184
487 1185
488 1186
489 1187
490 1188
491 1189
492 1190
493 1191
494 1202
495 1203
496 1204
497 1205
498 1206
499 1207
500 1208
501 1260
502 1266
503 1267
504 1268
505 1269
506 1270
507 1271
508 1280
509 1281
510 1282
511 1283
512 1284
513 1285
514 1286
515 1287
516 1288
517 1289
518 1290
519 1318
520 1319
521 1320
522 1321
523 1322
524 1323
525 1324
526 1325
527 1326
528 1328
529 1329
530 1330
531 1331
532 1332
533 1333
534 1334
535 1335
536 1336
537 1337
538 1338
539 1339
540 1340
541 1341
542 1342
543 1343
544 1344
545 1345
546 1346
547 1347
548 1348
549 1349
550 1350
551 1351
552 1352
553 1353
554 1354
555 1355
556 1356
557 1359
558 1398
559 1399
560 1403
561 1420
562 1421
563 1422
564 1423
565 1424
566 1425
567 1426
568 1427
569 1428
570 1429
571 1430
572 1431
573 1432
574 1433
575 1434
576 1435
577 1436
578 1437
579 1438
580 1439
581 1465
582 1466
583 1467
584 1468
585 1469
586 1470
587 1471
588 1515
589 1558
590 1561
591 1562
592 1563
593 1564
594 1565
595 1566
596 1567
597 1568
598 1569
599 1570
600 1571
601 1573
602 1575
603 1577
604 1578
605 1579
606 1580
607 1581
608 1582
609 1583
610 1586
611 1587
612 1588
613 1598
614 1652
615 1679
616 1680
617 1681
618 1682
619 1688
620 1689
621 1690
622 1691
623 1692
624 1693
625 1694
626 1695
627 1696
628 1697
629 1698
630 1699
631 1700
632 1701
633 1702
634 1703
635 1704
636 1705
637 1706
638 1707
639 1708
640 1709
641 1710
642 1711
643 1712
644 1713
645 1714
646 1715
647 1716
648 1717
649 1718
650 1719
651 1720
652 1721
653 1722
654 1723
655 1724
656 1725
657 1726
658 1727
659 1728
660 1729
661 1730
662 1731
663 1732
664 1760
665 1761
666 1762
667 1763
668 1764
669 1765
670 1766
671 1767
672 1768
673 1769
674 1770
675 1771
676 1772
677 1773
678 1774
679 1775
680 1776
681 1777
682 1778
683 1784
684 1785
685 1786
686 1787
687 1788
688 1789
689 1790
690 1791
691 1792
692 1793
693 1794
694 1795
695 1796
696 1862
697 1863
698 1864
699 1865
700 1866
701 1867
702 1868
703 1869
704 1870
705 1871
706 1872
707 1873
708 1874
709 1911
710 1912
711 1913
712 1914
713 1915
714 1916
715 1917
716 1918
717 1919
718 1920
719 1921
720 1922
721 1923
722 1924
723 1925
724 1926
725 1927
726 1928
727 1929
728 1931
729 1932
730 1933
731 1934
732 1936
733 1937
734 1938
735 1939
736 1940
737 1941
738 1965
739 1968
740 1971
741 1987
742 1989
743 1990
744 1991
745 1992
746 1993
747 1994
748 1995
749 1996
750 1997
751 2006
752 2007
753 2008
754 2009
755 2010
756 2011
757 2012
758 2013
759 2014
760 2015
761 2016
762 2017
763 2018
764 2019
765 2020
766 2021
767 2022
768 2023
769 2024
770 2025
771 2026
772 2027
773 2028
774 2029
775 2030
776 2031
777 2032
778 2033
779 2069
780 2070
781 2071
782 2072
783 2074
784 2076
785 2077
786 2078
787 2079
788 2080
789 2081
790 2082
791 2083
792 2084
793 2085
794 2086
795 2087
796 2088
797 2089
798 2090
799 2093
800 2094
801 2095
802 2096
803 2097
804 2098
805 2099
806 2100
807 2101
808 2102
809 2103
810 2104
811 2105
812 2106
813 2107
814 2108
815 2109
816 2112
817 2113
818 2114
819 2115
820 2116
821 2117
822 2118
823 2119
824 2120
825 2121
826 2122
827 2123
828 2124
829 2125
830 2126
831 2127
832 2128
833 2129
834 2130
835 2131
836 2132
837 2133
838 2134
839 2135
840 2136
841 2137
842 2138
843 2139
844 2140
845 2141
846 2142
847 2143
848 2144
849 2145
850 2146
851 2147
852 2148
853 2149
854 2150
855 2151
856 2152
857 2153
858 2154
859 2155
860 2156
861 2157
862 2158
863 2159
864 2160
865 2161
866 2162
867 2172
868 2179
869 2226
870 2231
871 2232
872 2233
873 2234
874 2235
875 2236
876 2237
877 2238
878 2239
879 2240
880 2241
881 2242
882 2243
883 2252
884 2260
885 2267
886 2275
887 2279
888 2280
889 2281
890 2282
891 2283
892 2284
893 2285
894 2286
895 2287
896 2357
897 2358
898 2359
899 2361
900 2362
901 2363
902 2364
903 2365
904 2366
905 2367
906 2368
907 2369
908 2370
909 2371
910 2372
911 2373
912 2374
913 2375
914 2376
915 2377
916 2378
917 2379
918 2380
919 2381
920 2382
921 2383
922 2384
923 2385
924 2386
925 2387
926 2388
927 2398
928 2399
929 2400
930 2401
931 2402
932 2403
933 2404
934 2405
935 2406
936 2407
937 2408
938 2409
939 2410
940 2411
941 2412
942 2413
943 2415
944 2416
945 2417
946 2418
947 2419
948 2420
949 2421
950 2422
951 2423
952 2424
953 2425
954 2426
955 2427
956 2428
957 2429
958 2430
959 2431
960 2432
961 2433
962 2434
963 2435
964 2436
965 2437
966 2438
967 2439
968 2440
969 2441
970 2442
971 2443
972 2444
973 2445
974 2446
975 2447
976 2448
977 2449
978 2450
979 2451
980 2452
981 2453
982 2454
983 2455
984 2474
985 2475
986 2476
987 2477
988 2478
989 2479
990 2480
991 2481
992 2538
993 2539
994 2540
995 2541
996 2542
997 2543
998 2550
999 2551
1000 2552
1001 2553
1002 2554
1003 2555
1004 2556
1005 2578
1006 2589
1007 2590
1008 2591
1009 2592
1010 2593
1011 2594
1012 2595
1013 2596
1014 2597
1015 2598
1016 2599
1017 2600
1018 2601
1019 2602
1020 2603
1021 2604
1022 2605
1023 2606
1024 2607
1025 2608
1026 2609
1027 2610
1028 2611
1029 2612
1030 2613
1031 2614
1032 2615
1033 2616
1034 2617
1035 2653
1036 2654
1037 2655
1038 2656
1039 2657
1040 2658
1041 2659
1042 2660
1043 2661
1044 2662
1045 2663
1046 2664
1047 2665
1048 2666
1049 2667
1050 2668
1051 2669
1052 2670
1053 2671
1054 2672
1055 2673
1056 2674
1057 2675
1058 2676
1059 2677
1060 2678
1061 2679
1062 2680
1063 2681
1064 2682
1065 2683
1066 2684
1067 2685
1068 2686
1069 2687
1070 2688
1071 2689
1072 2690
1073 2691
1074 2692
1075 2693
1076 2694
1077 2695
1078 2696
1079 2697
1080 2703
1081 2730
1082 2732
1083 2733
1084 2734
1085 2735
1086 2736
1087 2737
1088 2738
1089 2739
1090 2748
1091 2749
1092 2750
1093 2751
1094 2752
1095 2753
1096 2754
1097 2755
1098 2756
1099 2757
1100 2758
1101 2759
1102 2760
1103 2761
1104 2762
1105 2763
1106 2764
1107 2767
1108 2768
1109 2769
1110 2770
1111 2774
1112 2775
1113 2776
1114 2777
1115 2778
1116 2779
1117 2780
1118 2781
1119 2782
1120 2783
1121 2784
1122 2785
1123 2787
1124 2788
1125 2789
1126 2790
1127 2791
1128 2792
1129 2793
1130 2794
1131 2795
1132 2796
1133 2797
1134 2798
1135 2799
1136 2800
1137 2801
1138 2802
1139 2803
1140 2804
1141 2805
1142 2806
1143 2807
1144 2808
1145 2809
1146 2810
1147 2811
1148 2812
1149 2813
1150 2814
1151 2815
1152 2816
1153 2817
1154 2818
1155 2819
1156 2820
1157 2821
1158 2822
1159 2823
1160 2824
1161 2825
1162 2826
1163 2827
1164 2828
1165 2829
1166 2830
1167 2831
1168 2832
1169 2833
1170 2834
1171 2835
1172 2837
1173 2838
1174 2839
1175 2841
1176 2842
1177 2843
1178 2844
1179 2845
1180 2846
1181 2847
1182 2848
1183 2893
1184 2894
1185 2895
1186 2896
1187 2901
1188 2902
1189 2903
1190 2930
1191 2931
1192 2932
1193 2933
1194 2934
1195 2935
1196 2936
1197 2937
1198 2938
1199 2939
1200 2940
1201 2941
1202 2942
1203 2943
1204 2944
1205 2945
1206 2946
1207 2947
1208 2959
1209 2960
1210 2961
1211 2962
1212 2963
1213 2964
1214 2965
1215 2966
1216 2967
1217 2968
1218 2969
1219 2970
1220 2971
1221 2972
1222 2973
1223 2974
1224 2975
1225 2976
1226 2977
1227 2978
1228 2979
1229 2980
1230 2981
1231 2982
1232 2983
1233 2984
1234 2985
1235 2986
1236 2987
1237 2988
1238 2989
1239 2990
1240 2991
1241 2992
1242 2993
1243 2994
1244 3006
1245 3008
1246 3009
1247 3010
1248 3011
1249 3012
1250 3013
1251 3014
1252 3015
1253 3016
1254 3017
1255 3018
1256 3019
1257 3020
1258 3021
1259 3022
1260 3023
1261 3024
1262 3025
1263 3026
1264 3027
1265 3029
1266 3030
1267 3031
1268 3032
1269 3033
1270 3034
1271 3035
1272 3036
1273 3037
1274 3038
1275 3039
1276 3040
1277 3041
1278 3042
1279 3043
1280 3044
1281 3057
1282 3058
1283 3059
1284 3060
1285 3061
1286 3062
1287 3063
1288 3064
1289 3065
1290 3066
1291 3067
1292 3068
1293 3069
1294 3070
1295 3071
1296 3072
1297 3073
1298 3074
1299 3075
1300 3076
1301 3077
1302 3078
1303 3079
1304 3080
1305 3081
1306 3082
1307 3083
1308 3084
1309 3085
1310 3086
1311 3087
1312 3088
1313 3089
1314 3090
1315 3091
1316 3092
1317 3093
1318 3094
1319 3095
1320 3102
1321 3109
1322 3110
1323 3111
1324 3112
1325 3125
1326 3126
1327 3127
1328 3128
1329 3129
1330 3130
1331 3131
1332 3132
1333 3133
1334 3134
1335 3135
1336 3136
1337 3137
1338 3138
1339 3139
1340 3140
1341 3141
1342 3142
1343 3143
1344 3144
1345 3145
1346 3146
1347 3147
1348 3148
1349 3149
1350 3150
1351 3219
1352 3220
1353 3221
1354 3222
1355 3223
1356 3291
1357 3302
1358 3303
1359 3304
1360 3305
1361 3306
1362 3307
1363 3308
1364 3309
1365 3310
1366 3311
1367 3312
1368 3313
1369 3314
1370 3315
1371 3316
1372 3317
1373 3318
1374 3319
1375 3363
1376 3364
1377 3365
1378 3366
1379 3367
1380 3368
1381 3369
1382 3370
1383 3371
1384 3372
1385 3373
1386 3374
1387 3375
1388 3385
1389 3388
1390 3399
1391 3400
1392 3401
1393 3402
1394 3403
1395 3404
1396 3405
1397 3419
1398 3420
1399 3421
1400 3422
1401 3423
1402 3424
1403 3425
1404 3426
1405 3427
1406 3428
1407 3429
1408 3430
1409 3431
1410 3432
1411 3433
1412 3434
1413 3435
1414 3436
1415 3437
1416 3438
1417 3439
1418 3440
1419 3441
1420 3442
1421 3443
1422 3444
1423 3445
1424 3446
1425 3447
1426 3448
1427 3449
1428 3450
1429 3451
1430 3452
1431 3453
1432 3454
1433 3455
1434 3456
1435 3457
1436 3458
1437 3459
1438 3460
1439 3462
1440 3463
1441 3464
1442 3465
1443 3466
1444 3467
1445 3468
1446 3469
1447 3470
1448 3477
1449 3478
1450 3479
1451 3480
1452 3481
1453 3482
1454 3483
1455 3484
1456 3485
1457 3486
1458 3487
1459 3522
1460 3523
1461 3524
1462 3525
1463 3526
1464 3527
1465 3528
1466 3529
1467 3530
1468 3531
1469 3533
1470 3547
1471 3548
1472 3549
1473 3550
1474 3551
1475 3552
1476 3553
1477 3554
1478 3555
1479 3556
1480 3557
1481 3558
1482 3559
1483 3560
1484 3561
1485 3562
1486 3563
1487 3564
1488 3565
1489 3566
1490 3567
1491 3568
1492 3569
1493 3570
1494 3571
1495 3573
1496 3574
1497 3575
1498 3576
1499 3577
1500 3583
1501 3589
1502 3590
1503 3592
1504 3593
1505 3594
1506 3595
1507 3596
1508 3597
1509 3598
1510 3599
1511 3600
1512 3601
1513 3602
1514 3603
1515 3604
1516 3626
1517 3627
1518 3628
1519 3629
1520 3630
1521 3631
1522 3632
1523 3633
1524 3634
1525 3635
1526 3636
1527 3637
1528 3638
1529 3646
1530 3647
1531 3648
1532 3649
1533 3650
1534 3651
1535 3652
1536 3653
1537 3654
1538 3681
1539 3682
1540 3683
1541 3684
1542 3685
1543 3686
1544 3687
1545 3688
1546 3689
1547 3690
1548 3691
1549 3692
1550 3693
1551 3694
1552 3695
1553 3696
1554 3697
1555 3698
1556 3713
1557 3714
1558 3715
1559 3716
1560 3717
1561 3718
1562 3719
1563 3728
1564 3729
1565 3730
1566 3731
1567 3732
1568 3733
1569 3734
1570 3735
1571 3736
1572 3737
1573 3738
1574 3739
1575 3740
1576 3741
1577 3742
1578 3743
1579 3744
1580 3745
1581 3746
1582 3747
1583 3755
1584 3756
1585 3757
1586 3758
1587 3759
1588 3760
1589 3761
1590 3762
1591 3763
1592 3764
1593 3784
1594 3785
1595 3786
1596 3787
1597 3788
1598 3789
1599 3790
1600 3791
1601 3792
1602 3793
1603 3794
1604 3795
1605 3796
1606 3804
1607 3805
1608 3806
1609 3807
1610 3808
1611 3823
1612 3824
1613 3825
1614 3826
1615 3827
1616 3828
1617 3829
1618 3850
1619 3851
1620 3852
1621 3853
1622 3854
1623 3855
1624 3856
1625 3857
1626 3858
1627 3859
1628 3860
1629 3861
1630 3862
1631 3863
1632 3864
1633 3869
1634 3870
1635 3871
1636 3872
1637 3873
1638 3874
1639 3875
1640 3876
1641 3877
1642 3878
1643 3879
1644 3880
1645 3881
1646 3882
1647 3883
1648 3884
1649 3885
1650 3886
1651 3887
1652 3888
1653 3889
1654 3890
1655 3891
1656 3892
1657 3893
1658 3894
1659 3895
1660 3897
1661 3898
1662 3899
1663 3900
1664 3901
1665 3902
1666 3904
1667 3912
1668 3913
1669 3914
1670 3915
1671 3916
1672 3917
1673 3918
1674 3919
1675 3920
1676 3921
1677 3922
1678 3923
1679 3924
1680 3925
1681 3926
1682 3927
1683 3928
1684 3930
1685 3931
1686 3932
1687 3933
1688 3934
1689 3935
1690 3936
1691 3937
1692 3938
1693 3939
1694 3940
1695 3941
1696 3942
1697 3943
1698 3944
1699 3945
1700 3946
1701 3951
1702 3954
1703 3955
1704 3956
1705 3959
1706 3960
1707 3961
1708 3963
1709 3976
1710 3977
1711 3978
1712 3979
1713 3980
1714 3981
1715 3982
1716 3989
1717 3991
1718 4004
1719 4017
1720 4018
1721 4019
1722 4020
1723 4021
1724 4022
1725 4023
1726 4024
1727 4025
1728 4026
1729 4027
1730 4028
1731 4074
1732 4075
1733 4076
1734 4077
1735 4078
1736 4079
1737 4080
1738 4119
1739 4121
1740 4122
1741 4123
1742 4124
1743 4125
1744 4126
1745 4164
1746 4165
1747 4166
1748 4167
1749 4168
1750 4169
1751 4170
1752 4171
1753 4172
1754 4173
1755 4174
1756 4175
1757 4176
1758 4177
1759 4178
1760 4179
1761 4180
1762 4181
1763 4183
1764 4184
1765 4185
1766 4186
1767 4187
1768 4188
1769 4189
1770 4190
1771 4191
1772 4192
1773 4201
1774 4202
1775 4203
1776 4204
1777 4205
1778 4206
1779 4207
1780 4208
1781 4209
1782 4217
1783 4218
1784 4219
1785 4220
1786 4221
1787 4222
1788 4223
1789 4224
1790 4243
1791 4244
1792 4245
1793 4246
1794 4247
1795 4248
1796 4249
1797 4250
1798 4251
1799 4252
1800 4253
1801 4254
1802 4255
1803 4256
1804 4269
1805 4270
1806 4271
1807 4358
1808 4359
1809 4360
1810 4361
1811 4362
1812 4363
1813 4364
1814 4365
1815 4366
1816 4374
1817 4375
1818 4376
1819 4377
1820 4378
1821 4379
1822 4380
1823 4381
1824 4382
1825 4383
1826 4384
1827 4385
1828 4386
1829 4387
1830 4388
1831 4389
1832 4390
1833 4391
1834 4392
1835 4393
1836 4394
1837 4395
1838 4396
1839 4397
1840 4398
1841 4399
1842 4400
1843 4401
1844 4403
1845 4404
1846 4420
1847 4421
1848 4422
1849 4423
1850 4424
1851 4425
1852 4426
1853 4427
1854 4429
1855 4433
1856 4434
1857 4435
1858 4436
1859 4437
1860 4438
1861 4439
1862 4440
1863 4441
1864 4442
1865 4443
1866 4444
1867 4445
1868 4446
1869 4447
1870 4448
1871 4458
1872 4459
1873 4460
1874 4461
1875 4462
1876 4463
1877 4464
1878 4465
1879 4466
1880 4467
1881 4468
1882 4469
1883 4470
1884 4471
1885 4472
1886 4486
1887 4487
1888 4488
1889 4489
1890 4490
1891 4491
1892 4492
1893 4493
1894 4497
1895 4502
1896 4503
1897 4504
1898 4505
1899 4508
1900 4510
1901 4512
1902 4514
1903 4515
1904 4516
1905 4517
1906 4518
1907 4519
1908 4520
1909 4521
1910 4523
1911 4524
1912 4533
1913 4534
1914 4535
1915 4536
1916 4537
1917 4538
1918 4539
1919 4540
1920 4541
1921 4542
1922 4543
1923 4544
1924 4545
1925 4546
1926 4547
1927 4548
1928 4549
1929 4550
1930 4551
1931 4552
1932 4553
1933 4554
1934 4555
1935 4556
1936 4557
1937 4558
1938 4559
1939 4560
1940 4561
1941 4562
1942 4563
1943 4564
1944 4565
1945 4566
1946 4567
1947 4568
1948 4569
1949 4570
1950 4571
1951 4578
1952 4579
1953 4580
1954 4581
1955 4582
1956 4583
1957 4584
1958 4585
1959 4586
1960 4587
1961 4588
1962 4589
1963 4590
1964 4591
1965 4592
1966 4593
1967 4594
1968 4595
1969 4596
1970 4597
1971 4598
1972 4599
1973 4600
1974 4601
1975 4602
1976 4603
1977 4604
1978 4605
1979 4606
1980 4607
1981 4608
1982 4609
1983 4610
1984 4611
1985 4612
1986 4613
1987 4620
1988 4622
1989 4623
1990 4624
1991 4625
1992 4626
1993 4627
1994 4628
1995 4629
1996 4630
1997 4631
1998 4632
1999 4633
2000 4634
2001 4635
2002 4636
2003 4644
2004 4645
2005 4679
2006 4681
2007 4682
2008 4683
2009 4691
2010 4692
2011 4703
2012 4704
2013 4705
2014 4707
2015 4708
2016 4709
2017 4710
2018 4711
2019 4723
2020 4724
2021 4725
2022 4726
2023 4727
2024 4745
2025 4746
2026 4747
2027 4748
2028 4749
2029 4750
2030 4766
2031 4780
2032 4781
2033 4783
2034 4785
2035 4787
2036 4788
2037 4789
2038 4790
2039 4791
2040 4792
2041 4793
2042 4794
2043 4795
2044 4796
2045 4797
2046 4811
2047 4812
2048 4813
2049 4814
2050 4815
2051 4816
2052 4817
2053 4818
2054 4819
2055 4820
2056 4821
2057 4822
2058 4823
2059 4824
2060 4825
2061 4826
2062 4831
2063 4832
2064 4833
2065 4834
2066 4835
2067 4836
2068 4837
2069 4838
2070 4839
2071 4840
2072 4841
2073 4842
2074 4843
2075 4844
2076 4845
2077 4846
2078 4847
2079 4848
2080 4849
2081 4850
2082 4862
2083 4863
2084 4864
2085 4865
2086 4866
2087 4895
2088 4899
2089 4900
2090 4901
2091 4902
2092 4903
2093 4906
2094 4907
2095 4909
2096 4917
2097 4919
2098 4920
2099 4921
2100 4922
2101 4923
2102 4924
2103 4931
2104 4941
2105 4942
2106 4943
2107 4944
2108 4945
2109 4946
2110 4947
2111 4979
2112 4980
2113 4981
2114 4982
2115 4983
2116 4984
2117 4985
2118 5015
2119 5016
2120 5020
2121 5021
2122 5048
2123 5050
2124 5051
2125 5052
2126 5055
2127 5056
2128 5066
2129 5067
2130 5068
2131 5069
2132 5070
2133 5071
2134 5072
2135 5082
2136 5092
2137 5093
2138 5094
2139 5095
2140 5096
2141 5097
2142 5098
2143 5106
2144 5107
2145 5108
2146 5109
2147 5110
2148 5111
2149 5137
2150 5139
2151 5140
2152 5141
2153 5142
2154 5143
2155 5144
2156 5145
2157 5146
2158 5147
2159 5148
2160 5149
2161 5162
2162 5176
2163 5178
2164 5179
2165 5180
2166 5188
2167 5200
2168 5201
2169 5202
2170 5203
2171 5204
2172 5205
2173 5206
2174 5207
2175 5222
2176 5223
2177 5224
2178 5225
2179 5226
2180 5228
2181 5230
2182 5239
2183 5240
2184 5241
2185 5247
2186 5257
2187 5258
2188 5259
2189 5260
2190 5261
2191 5262
2192 5269
2193 5277
2194 5278
2195 5279
2196 5280
2197 5281
2198 5282
2199 5283
2200 5291
2201 5292
2202 5293
2203 5294
2204 5295
2205 5296
2206 5297
2207 5304
2208 5305
2209 5306
2210 5308
2211 5310
2212 5311
2213 5312
2214 5333
2215 5335
2216 5336
2217 5337
2218 5338
2219 5340
2220 5350
2221 5351
2222 5352
2223 5353
2224 5361
2225 5362
2226 5363
2227 5364
2228 5365
2229 5366
2230 5367
2231 5368
2232 5369
2233 5370
2234 5378
2235 5379
2236 5380
2237 5381
2238 5384
2239 5385
2240 5386
2241 5387
2242 5388
2243 5389
2244 5390
2245 5398
2246 5399
2247 5400
2248 5401
2249 5402
2250 5403
2251 5404
2252 5405
2253 5417
2254 5418
2255 5419
2256 5421
2257 5422
2258 5426
2259 5438
2260 5439
2261 5440
2262 5441
2263 5442
2264 5445
2265 5446
2266 5453
2267 5455
2268 5457
2269 5458
2270 5459
2271 5461
2272 5462
2273 5463
2274 5468
2275 5469
2276 5470
2277 5471
2278 5472
2279 5473
2280 5474
2281 5475
2282 5476
2283 5477
2284 5479
2285 5480
2286 5481
2287 5482
2288 5483
2289 5484
2290 5485
2291 5501
2292 5502
2293 5503
2294 5505
2295 5506
2296 5507
2297 5509
2298 5510
2299 5519
2300 5520
2301 5521
2302 5522
2303 5523
2304 5524
2305 5525
2306 5526
2307 5527
2308 5528
2309 5529
2310 5530
2311 5531
2312 5532
2313 5533
2314 5534
2315 5550
2316 5551
2317 5552
2318 5553
2319 5554
2320 5555
2321 5556
2322 5557
2323 5558
2324 5560
2325 5586
2326 5587
2327 5593
2328 5594
2329 5595
2330 5596
2331 5600
2332 5601
2333 5602
2334 5603
2335 5604
2336 5605
2337 5606
2338 5608
2339 5609
2340 5610
2341 5611
2342 5612
2343 5613
2344 5614
2345 5616
2346 5651
2347 5652
2348 5653
2349 5654
2350 5655
2351 5656
2352 5657
2353 5658
2354 5659
2355 5667
2356 5684
2357 5685
2358 5686
2359 5687
2360 5693
2361 5694
2362 5695
2363 5696
2364 5697
2365 5698
2366 5699
2367 5700
2368 5701
2369 5711
2370 5712
2371 5713
2372 5714
2373 5741
2374 5742
2375 5743
2376 5745
2377 5756
2378 5757
2379 5758
2380 5759
2381 5760
2382 5761
2383 5764
2384 5765
2385 5766
2386 5767
2387 5798
2388 5799
2389 5814
2390 5824
2391 5825
2392 5826
2393 5827
2394 5845
2395 5846
2396 5851
2397 5852
2398 5853
2399 5854
2400 5862
2401 5863
2402 5864
2403 5865
2404 5866
2405 5867
2406 5868
2407 5869
2408 5870
2409 5871
2410 5872
2411 5886
2412 5887
2413 5888
2414 5889
2415 5902
2416 5905
2417 5906
2418 5907
2419 5908
2420 5909
2421 5910
2422 5911
2423 5912
2424 5914
2425 5915
2426 5916
2427 5922
2428 5923
2429 5924
2430 5947
2431 5948
2432 5949
2433 5958
2434 5959
2435 5960
2436 5963
2437 5964
2438 5967
2439 5968
2440 5969
2441 5974
2442 5991
2443 5992
2444 5993
2445 5994
2446 5995
2447 6008
2448 6009
2449 6010
2450 6011
2451 6012
2452 6018
2453 6019
2454 6020
2455 6021
2456 6023
2457 6024
2458 6025
2459 6026
2460 6027
2461 6028
2462 6029
2463 6030
2464 6032
2465 6033
2466 6036
2467 6037
2468 6038
2469 6039
2470 6044
2471 6045
2472 6057
2473 6058
2474 6060
2475 6061
2476 6062
2477 6063
2478 6064
2479 6068
2480 6069
2481 6077
2482 6079
2483 6080
2484 6082
2485 6084
2486 6086
2487 6088
2488 6089
2489 6091
2490 6104
2491 6105
2492 6106
2493 6135
2494 6136
2495 6137
2496 6138
2497 6139
2498 6141
2499 6142
2500 6147
2501 6148
2502 6149
2503 6150
2504 6151
2505 6152
2506 6154
2507 6158
2508 6159
2509 6162
2510 6163
2511 6164
2512 6168
2513 6170
2514 6179
2515 6184
2516 6191
2517 6192
2518 6193
2519 6210
2520 6227
2521 6228
2522 6248
2523 6249
2524 6255
2525 6256
2526 6258
2527 6263
2528 6264
2529 6265
2530 6267
2531 6268
2532 6269
2533 6272
2534 6273
2535 6281
2536 6282
2537 6283
2538 6284
2539 6285
2540 6295
2541 6296
2542 6297
2543 6300
2544 6301
2545 6302
2546 6303
2547 6304
2548 6308
2549 6309
2550 6310
2551 6311
2552 6312
2553 6317
2554 6318
2555 6330
2556 6334
2557 6354
2558 6355
2559 6356
2560 6359
2561 6363
2562 6366
2563 6368
2564 6372
2565 6376
2566 6377
2567 6380
2568 6382
2569 6383
2570 6384
2571 6389
2572 6390
2573 6392
2574 6400
2575 6406
2576 6411
2577 6414
2578 6415
2579 6420
2580 6424
2581 6426
2582 6429
2583 6432
2584 6433
2585 6436
2586 6437
2587 6439
2588 6441
2589 6443
2590 6446
2591 6447
2592 6448
2593 6449
2594 6451
2595 6452
2596 6453
2597 6457
2598 6464
2599 6467
2600 6468
2601 6469
2602 6472
2603 6474
2604 6478
2605 6480
2606 6485
2607 6488
2608 6495
2609 6497
2610 6498
2611 6501
2612 6503
2613 6504
2614 6507
2615 6512
2616 6513
2617 6517
2618 6524
2619 6527
2620 6531
2621 6532
2622 6534
2623 6535
2624 6536
2625 6537
2626 6538
2627 6540
2628 6541
2629 6547
2630 6555
2631 6557
2632 6559
2633 6562
2634 6564
