new_label original_label
1 0
2 1
3 4
4 7
5 11
6 15
7 18
8 20
9 23
10 25
11 26
12 27
13 28
14 29
15 33
16 35
17 38
18 40
19 46
20 47
21 48
22 50
23 54
24 59
25 60
26 63
27 65
28 67
29 69
30 71
31 73
32 75
33 76
34 77
35 83
36 88
37 90
38 91
39 93
40 94
41 96
42 99
43 103
44 110
45 117
46 118
47 119
48 121
49 122
50 125
51 130
52 131
53 135
54 136
55 138
56 139
57 141
58 142
59 143
60 144
61 145
62 147
63 148
64 150
65 152
66 157
67 160
68 161
69 162
70 168
71 174
72 176
73 181
74 184
75 185
76 189
77 191
78 192
79 195
80 196
81 197
82 199
83 201
84 202
85 203
86 205
87 208
88 210
89 212
90 217
91 219
92 220
93 221
94 222
95 223
96 224
97 226
98 232
99 234
100 239
101 240
102 249
103 250
104 252
105 255
106 257
107 263
108 264
109 267
110 270
111 273
112 274
113 276
114 277
115 280
116 282
117 283
118 286
119 287
120 288
121 289
122 293
123 300
124 303
125 308
126 309
127 310
128 315
129 321
130 335
131 339
132 340
133 342
134 344
135 350
136 358
137 362
138 363
139 365
140 367
141 372
142 377
143 378
144 379
145 387
146 388
147 390
148 391
149 393
150 394
151 395
152 398
153 400
154 401
155 403
156 404
157 407
158 408
159 419
160 420
161 423
162 425
163 427
164 432
165 433
166 434
167 440
168 442
169 445
170 446
171 451
172 461
173 462
174 467
175 468
176 470
177 471
178 476
179 477
180 479
181 482
182 493
183 494
184 496
185 497
186 499
187 500
188 502
189 503
190 509
191 511
192 514
193 515
194 516
195 520
196 521
197 522
198 527
199 529
200 531
201 536
202 539
203 541
204 550
205 552
206 555
207 560
208 563
209 564
210 567
211 569
212 571
213 572
214 573
215 575
216 579
217 582
218 585
219 586
220 592
221 593
222 598
223 600
224 601
225 602
226 606
227 610
228 611
229 612
230 613
231 614
232 616
233 623
234 624
235 627
236 629
237 633
238 634
239 639
240 641
241 642
242 643
243 644
244 649
245 653
246 656
247 660
248 661
249 662
250 668
251 669
252 670
253 671
254 672
255 673
256 675
257 676
258 680
259 685
260 687
261 689
262 692
263 696
264 700
265 705
266 706
267 707
268 716
269 719
270 720
271 722
272 724
273 727
274 728
275 731
276 733
277 735
278 736
279 738
280 739
281 741
282 743
283 745
284 754
285 755
286 756
287 764
288 766
289 770
290 772
291 783
292 784
293 787
294 789
295 792
296 801
297 806
298 811
299 812
300 815
301 819
302 822
303 825
304 828
305 832
306 833
307 834
308 835
309 845
310 847
311 856
312 860
313 861
314 862
315 863
316 866
317 876
318 877
319 878
320 880
321 881
322 884
323 885
324 888
325 892
326 895
327 897
328 898
329 899
330 900
331 901
332 902
333 908
334 910
335 911
336 912
337 913
338 919
339 920
340 924
341 925
342 926
343 929
344 930
345 931
346 932
347 933
348 935
349 939
350 940
351 941
352 942
353 944
354 946
355 951
356 953
357 961
358 962
359 964
360 971
361 972
362 973
363 977
364 979
365 984
366 986
367 987
368 988
369 994
370 998
371 1010
372 1014
373 1015
374 1017
375 1018
376 1024
377 1025
378 1027
379 1033
380 1036
381 1041
382 1044
383 1046
384 1049
385 1050
386 1054
387 1056
388 1059
389 1068
390 1070
391 1072
392 1073
393 1074
394 1076
395 1084
396 1087
397 1092
398 1094
399 1096
400 1098
401 1101
402 1102
403 1108
404 1109
405 1110
406 1112
407 1114
408 1115
409 1119
410 1121
411 1126
412 1127
413 1128
414 1130
415 1131
416 1133
417 1138
418 1141
419 1145
420 1146
421 1148
422 1150
423 1151
424 1152
425 1153
426 1160
427 1161
428 1169
429 1170
430 1172
431 1173
432 1178
433 1180
434 1182
435 1183
436 1185
437 1187
438 1188
439 1191
440 1193
441 1195
442 1196
443 1200
444 1201
445 1203
446 1204
447 1205
448 1209
449 1210
450 1211
451 1213
452 1215
453 1217
454 1221
455 1222
456 1224
457 1227
458 1228
459 1230
460 1235
461 1237
462 1238
463 1240
464 1245
465 1246
466 1247
467 1250
468 1252
469 1253
470 1256
471 1259
472 1262
473 1266
474 1267
475 1269
476 1273
477 1274
478 1275
479 1276
480 1278
481 1279
482 1282
483 1285
484 1287
485 1291
486 1292
487 1296
488 1303
489 1306
490 1309
491 1310
492 1311
493 1316
494 1320
495 1322
496 1323
497 1325
498 1327
499 1332
500 1333
501 1335
502 1336
503 1337
504 1340
505 1343
506 1344
507 1345
508 1347
509 1351
510 1354
511 1357
512 1359
513 1360
514 1362
515 1363
516 1367
517 1369
518 1371
519 1376
520 1378
521 1380
522 1382
523 1384
524 1390
525 1393
526 1395
527 1397
528 1399
529 1401
530 1407
531 1411
532 1419
533 1421
534 1425
535 1430
536 1431
537 1436
538 1438
539 1439
540 1442
541 1446
542 1452
543 1453
544 1456
545 1462
546 1465
547 1466
548 1467
549 1471
550 1472
551 1473
552 1474
553 1480
554 1487
555 1490
556 1494
557 1497
558 1499
559 1501
560 1502
561 1503
562 1505
563 1509
564 1510
565 1511
566 1512
567 1513
568 1514
569 1515
570 1517
571 1519
572 1520
573 1525
574 1527
575 1528
576 1531
577 1533
578 1535
579 1537
580 1539
581 1545
582 1550
583 1552
584 1553
585 1554
586 1555
587 1556
588 1558
589 1559
590 1562
591 1565
592 1568
593 1576
594 1578
595 1579
596 1581
597 1588
598 1589
599 1590
600 1591
601 1592
602 1594
603 1597
604 1602
605 1605
606 1607
607 1608
608 1616
609 1624
610 1625
611 1627
612 1628
613 1629
614 1631
615 1632
616 1635
617 1641
618 1644
619 1645
620 1646
621 1647
622 1648
623 1649
624 1650
625 1651
626 1652
627 1653
628 1656
629 1657
630 1663
631 1667
632 1669
633 1673
634 1674
635 1679
636 1680
637 1685
638 1686
639 1692
640 1694
641 1698
642 1700
643 1703
644 1707
645 1713
646 1714
647 1715
648 1716
649 1718
650 1720
651 1723
652 1724
653 1729
654 1730
655 1731
656 1734
657 1735
658 1736
659 1738
660 1741
661 1742
662 1746
663 1753
664 1754
665 1755
666 1756
667 1759
668 1764
669 1767
670 1769
671 1771
672 1773
673 1775
674 1777
675 1779
676 1780
677 1781
678 1782
679 1784
680 1786
681 1787
682 1788
683 1790
684 1792
685 1802
686 1810
687 1811
688 1812
689 1817
690 1818
691 1820
692 1821
693 1823
694 1825
695 1828
696 1829
697 1830
698 1832
699 1838
700 1840
701 1843
702 1845
703 1849
704 1851
705 1852
706 1854
707 1855
708 1856
709 1857
710 1858
711 1860
712 1861
713 1865
714 1867
715 1874
716 1876
717 1878
718 1879
719 1882
720 1883
721 1885
722 1891
723 1894
724 1896
725 1905
726 1907
727 1910
728 1911
729 1912
730 1916
731 1918
732 1923
733 1925
734 1926
735 1927
736 1931
737 1932
738 1933
739 1934
740 1937
741 1940
742 1941
743 1945
744 1946
745 1948
746 1949
747 1954
748 1956
749 1959
750 1960
751 1962
752 1971
753 1975
754 1977
755 1978
756 1979
757 1981
758 1985
759 1987
760 1989
761 1990
762 1991
763 1995
764 1996
765 1997
766 2000
767 2001
768 2006
769 2008
770 2013
771 2014
772 2016
773 2017
774 2025
775 2032
776 2034
777 2037
778 2038
779 2040
780 2041
781 2042
782 2043
783 2047
784 2049
785 2050
786 2051
787 2056
788 2059
789 2064
790 2065
791 2067
792 2068
793 2069
794 2070
795 2073
796 2074
797 2078
798 2080
799 2081
800 2085
801 2086
802 2088
803 2089
804 2090
805 2091
806 2095
807 2096
808 2100
809 2102
810 2103
811 2104
812 2113
813 2116
814 2117
815 2118
816 2128
817 2136
818 2137
819 2138
820 2139
821 2140
822 2141
823 2143
824 2144
825 2145
826 2147
827 2148
828 2150
829 2152
830 2153
831 2154
832 2156
833 2166
834 2168
835 2171
836 2175
837 2176
838 2178
839 2179
840 2180
841 2181
842 2183
843 2185
844 2186
845 2187
846 2189
847 2191
848 2192
849 2193
850 2196
851 2199
852 2203
853 2204
854 2209
855 2210
856 2215
857 2216
858 2219
859 2220
860 2223
861 2226
862 2228
863 2232
864 2233
865 2237
866 2238
867 2243
868 2244
869 2246
870 2247
871 2248
872 2249
873 2252
874 2253
875 2254
876 2259
877 2264
878 2267
879 2269
880 2274
881 2275
882 2276
883 2277
884 2279
885 2281
886 2282
887 2283
888 2284
889 2286
890 2291
891 2293
892 2294
893 2296
894 2297
895 2301
896 2302
897 2304
898 2312
899 2316
900 2317
901 2319
902 2321
903 2323
904 2324
905 2326
906 2327
907 2328
908 2329
909 2330
910 2334
911 2337
912 2342
913 2343
914 2345
915 2348
916 2351
917 2352
918 2353
919 2355
920 2358
921 2363
922 2365
923 2366
924 2367
925 2369
926 2370
927 2372
928 2375
929 2376
930 2377
931 2381
932 2383
933 2385
934 2386
935 2388
936 2389
937 2393
938 2397
939 2398
940 2400
941 2401
942 2403
943 2406
944 2409
945 2412
946 2413
947 2416
948 2418
949 2420
950 2423
951 2425
952 2431
953 2433
954 2435
955 2436
956 2438
957 2440
958 2442
959 2446
960 2447
961 2448
962 2449
963 2453
964 2455
965 2456
966 2457
967 2458
968 2463
969 2464
970 2466
971 2467
972 2468
973 2469
974 2470
975 2473
976 2474
977 2476
978 2477
979 2480
980 2483
981 2484
982 2487
983 2488
984 2489
985 2491
986 2497
987 2499
988 2501
989 2505
990 2506
991 2507
992 2508
993 2509
994 2512
995 2513
996 2518
997 2519
998 2520
999 2521
1000 2522
1001 2525
1002 2526
1003 2530
1004 2531
1005 2533
1006 2535
1007 2538
1008 2540
1009 2547
1010 2549
1011 2553
1012 2554
1013 2556
1014 2557
1015 2559
1016 2565
1017 2570
1018 2573
1019 2574
1020 2575
1021 2576
1022 2581
1023 2583
1024 2586
1025 2587
1026 2588
1027 2590
1028 2591
1029 2595
1030 2597
1031 2600
1032 2601
1033 2602
1034 2605
1035 2612
1036 2613
1037 2614
1038 2615
1039 2617
1040 2619
1041 2620
1042 2627
1043 2629
1044 2631
1045 2634
1046 2638
1047 2639
1048 2645
1049 2648
1050 2649
1051 2652
1052 2653
1053 2654
1054 2656
1055 2657
1056 2659
1057 2662
1058 2665
1059 2666
1060 2670
1061 2671
1062 2672
1063 2673
1064 2674
1065 2675
1066 2677
1067 2680
1068 2683
1069 2686
1070 2689
1071 2692
1072 2694
1073 2696
1074 2698
1075 2699
1076 2701
1077 2702
1078 2704
1079 2707
1080 2712
1081 2715
1082 2720
1083 2723
1084 2725
1085 2727
1086 2735
1087 2739
1088 2740
1089 2745
1090 2748
1091 2750
1092 2751
1093 2752
1094 2757
1095 2759
1096 2762
1097 2765
1098 2766
1099 2767
1100 2770
1101 2772
1102 2776
1103 2778
1104 2779
1105 2781
1106 2782
1107 2783
1108 2785
1109 2790
1110 2792
1111 2793
1112 2794
1113 2798
1114 2799
1115 2801
1116 2803
1117 2806
1118 2808
1119 2809
1120 2810
1121 2812
1122 2813
1123 2815
1124 2816
1125 2819
1126 2824
1127 2826
1128 2827
1129 2831
1130 2836
1131 2837
1132 2838
1133 2840
1134 2841
1135 2842
1136 2844
1137 2846
1138 2847
1139 2849
1140 2852
1141 2858
1142 2859
1143 2864
1144 2875
1145 2877
1146 2880
1147 2883
1148 2885
1149 2886
1150 2887
1151 2888
1152 2889
1153 2891
1154 2897
1155 2898
1156 2899
1157 2902
1158 2903
1159 2904
1160 2905
1161 2906
1162 2912
1163 2913
1164 2914
1165 2915
1166 2916
1167 2919
1168 2920
1169 2921
1170 2922
1171 2927
1172 2928
1173 2929
1174 2931
1175 2932
1176 2934
1177 2935
1178 2936
1179 2937
1180 2941
1181 2945
1182 2946
1183 2950
1184 2951
1185 2952
1186 2959
1187 2962
1188 2969
1189 2970
1190 2977
1191 2979
1192 2980
1193 2982
1194 2984
1195 2985
1196 2986
1197 2987
1198 2993
1199 2996
1200 3000
1201 3002
1202 3005
1203 3007
1204 3010
1205 3012
1206 3014
1207 3021
1208 3024
1209 3025
1210 3030
1211 3031
1212 3032
1213 3033
1214 3035
1215 3036
1216 3037
1217 3039
1218 3041
1219 3042
1220 3046
1221 3047
1222 3048
1223 3052
1224 3054
1225 3056
1226 3057
1227 3058
1228 3061
1229 3063
1230 3064
1231 3065
1232 3072
1233 3075
1234 3076
1235 3078
1236 3080
1237 3083
1238 3086
1239 3092
1240 3095
1241 3096
1242 3097
1243 3105
1244 3106
1245 3110
1246 3114
1247 3117
1248 3118
1249 3120
1250 3122
1251 3125
1252 3126
1253 3128
1254 3130
1255 3132
1256 3133
1257 3136
1258 3137
1259 3139
1260 3141
1261 3143
1262 3145
1263 3146
1264 3148
1265 3149
1266 3156
1267 3162
1268 3165
1269 3166
1270 3168
1271 3169
1272 3171
1273 3172
1274 3173
1275 3175
1276 3176
1277 3177
1278 3180
1279 3183
1280 3188
1281 3189
1282 3190
1283 3191
1284 3193
1285 3194
1286 3197
1287 3198
1288 3200
1289 3203
1290 3204
1291 3205
1292 3206
1293 3208
1294 3209
1295 3211
1296 3217
1297 3221
1298 3224
1299 3225
1300 3226
1301 3229
1302 3231
1303 3234
1304 3235
1305 3236
1306 3247
1307 3248
1308 3252
1309 3256
1310 3257
1311 3260
1312 3262
1313 3268
1314 3270
1315 3272
1316 3273
1317 3275
1318 3278
1319 3281
1320 3282
1321 3283
1322 3291
1323 3296
1324 3299
1325 3300
1326 3306
1327 3307
1328 3308
1329 3316
1330 3322
1331 3323
1332 3324
1333 3325
1334 3327
1335 3328
1336 3337
1337 3338
1338 3339
1339 3340
1340 3342
1341 3345
1342 3347
1343 3349
1344 3350
1345 3351
1346 3358
1347 3359
1348 3360
1349 3362
1350 3365
1351 3372
1352 3373
1353 3374
1354 3377
1355 3379
1356 3380
1357 3381
1358 3386
1359 3393
1360 3397
1361 3398
1362 3404
1363 3408
1364 3410
1365 3412
1366 3413
1367 3415
1368 3417
1369 3419
1370 3420
1371 3422
1372 3426
1373 3428
1374 3438
1375 3440
1376 3446
1377 3447
1378 3450
1379 3455
1380 3456
1381 3458
1382 3459
1383 3464
1384 3467
1385 3471
1386 3472
1387 3474
1388 3478
1389 3481
1390 3482
1391 3483
1392 3484
1393 3485
1394 3491
1395 3493
1396 3497
1397 3500
1398 3504
1399 3505
1400 3515
1401 3516
1402 3519
1403 3520
1404 3521
1405 3523
1406 3528
1407 3530
1408 3532
1409 3533
1410 3539
1411 3542
1412 3544
1413 3553
1414 3554
1415 3557
1416 3558
1417 3563
1418 3564
1419 3566
1420 3568
1421 3575
1422 3576
1423 3579
1424 3582
1425 3583
1426 3584
1427 3587
1428 3592
1429 3595
1430 3599
1431 3600
1432 3601
1433 3602
1434 3603
1435 3606
1436 3607
1437 3609
1438 3610
1439 3613
1440 3614
1441 3617
1442 3619
1443 3621
1444 3623
1445 3625
1446 3632
1447 3633
1448 3634
1449 3637
1450 3638
1451 3641
1452 3642
1453 3648
1454 3650
1455 3652
1456 3657
1457 3663
1458 3665
1459 3666
1460 3669
1461 3671
1462 3673
1463 3677
1464 3680
1465 3682
1466 3684
1467 3687
1468 3688
1469 3690
1470 3693
1471 3697
1472 3698
1473 3699
1474 3700
1475 3702
1476 3703
1477 3704
1478 3705
1479 3708
1480 3710
1481 3714
1482 3715
1483 3717
1484 3718
1485 3719
1486 3725
1487 3729
1488 3730
1489 3731
1490 3732
1491 3734
1492 3738
1493 3740
1494 3744
1495 3745
1496 3746
1497 3747
1498 3750
1499 3751
1500 3752
1501 3753
1502 3755
1503 3757
1504 3759
1505 3761
1506 3763
1507 3764
1508 3765
1509 3768
1510 3771
1511 3774
1512 3780
1513 3782
1514 3783
1515 3784
1516 3785
1517 3801
1518 3802
1519 3804
1520 3807
1521 3808
1522 3811
1523 3812
1524 3814
1525 3815
1526 3816
1527 3818
1528 3821
1529 3822
1530 3827
1531 3829
1532 3834
1533 3836
1534 3845
1535 3846
1536 3848
1537 3850
1538 3852
1539 3856
1540 3857
1541 3858
1542 3859
1543 3861
1544 3862
1545 3863
1546 3865
1547 3866
1548 3870
1549 3871
1550 3873
1551 3876
1552 3877
1553 3878
1554 3879
1555 3881
1556 3885
1557 3887
1558 3889
1559 3890
1560 3891
1561 3894
1562 3898
1563 3899
1564 3902
1565 3903
1566 3904
1567 3905
1568 3906
1569 3908
1570 3909
1571 3914
1572 3917
1573 3921
1574 3922
1575 3925
1576 3926
1577 3932
1578 3934
1579 3935
1580 3937
1581 3938
1582 3939
1583 3942
1584 3947
1585 3950
1586 3951
1587 3952
1588 3958
1589 3964
1590 3971
1591 3973
1592 3979
1593 3981
1594 3982
1595 3984
1596 3988
1597 3990
1598 3991
1599 3992
1600 3993
1601 4005
1602 4006
1603 4010
1604 4011
1605 4013
1606 4014
1607 4015
1608 4017
1609 4023
1610 4027
1611 4032
1612 4034
1613 4035
1614 4039
1615 4040
1616 4042
1617 4045
1618 4046
1619 4049
1620 4056
1621 4057
1622 4059
1623 4060
1624 4061
1625 4062
1626 4065
1627 4066
1628 4067
1629 4070
1630 4071
1631 4075
1632 4077
1633 4083
1634 4086
1635 4087
1636 4088
1637 4090
1638 4091
1639 4092
1640 4098
1641 4102
1642 4103
1643 4104
1644 4105
1645 4106
1646 4108
1647 4110
1648 4116
1649 4117
1650 4118
1651 4124
1652 4126
1653 4133
1654 4134
1655 4135
1656 4136
1657 4137
1658 4139
1659 4140
1660 4141
1661 4145
1662 4147
1663 4148
1664 4149
1665 4152
1666 4156
1667 4159
1668 4162
1669 4164
1670 4168
1671 4169
1672 4172
1673 4177
1674 4179
1675 4181
1676 4183
1677 4184
1678 4186
1679 4187
1680 4188
1681 4191
1682 4193
1683 4197
1684 4198
1685 4207
1686 4211
1687 4212
1688 4213
1689 4215
1690 4216
1691 4217
1692 4222
1693 4224
1694 4232
1695 4233
1696 4239
1697 4241
1698 4242
1699 4245
1700 4246
1701 4247
1702 4250
1703 4251
1704 4253
1705 4254
1706 4258
1707 4260
1708 4261
1709 4262
1710 4266
1711 4268
1712 4270
1713 4275
1714 4279
1715 4284
1716 4289
1717 4291
1718 4292
1719 4294
1720 4295
1721 4296
1722 4301
1723 4302
1724 4304
1725 4307
1726 4309
1727 4310
1728 4312
1729 4315
1730 4316
1731 4320
1732 4322
1733 4323
1734 4325
1735 4326
1736 4327
1737 4334
1738 4335
1739 4336
1740 4337
1741 4339
1742 4340
1743 4343
1744 4344
1745 4346
1746 4347
1747 4351
1748 4355
1749 4366
1750 4368
1751 4369
1752 4370
1753 4373
1754 4377
1755 4382
1756 4383
1757 4384
1758 4387
1759 4388
1760 4390
1761 4396
1762 4406
1763 4408
1764 4412
1765 4413
1766 4419
1767 4422
1768 4424
1769 4428
1770 4432
1771 4433
1772 4435
1773 4441
1774 4442
1775 4444
1776 4446
1777 4448
1778 4449
1779 4451
1780 4453
1781 4456
1782 4459
1783 4460
1784 4465
1785 4468
1786 4470
1787 4471
1788 4472
1789 4475
1790 4477
1791 4478
1792 4479
1793 4481
1794 4484
1795 4485
1796 4489
1797 4490
1798 4492
1799 4495
1800 4496
1801 4501
1802 4507
1803 4511
1804 4520
1805 4521
1806 4523
1807 4532
1808 4535
1809 4538
1810 4539
1811 4540
1812 4543
1813 4544
1814 4547
1815 4549
1816 4557
1817 4563
1818 4564
1819 4566
1820 4568
1821 4573
1822 4579
1823 4583
1824 4586
1825 4588
1826 4590
1827 4592
1828 4593
1829 4594
1830 4596
1831 4601
1832 4602
1833 4606
1834 4608
1835 4609
1836 4610
1837 4611
1838 4613
1839 4616
1840 4618
1841 4619
1842 4620
1843 4622
1844 4625
1845 4628
1846 4632
1847 4633
1848 4638
1849 4640
1850 4644
1851 4645
1852 4648
1853 4651
1854 4652
1855 4654
1856 4655
1857 4661
1858 4663
1859 4665
1860 4667
1861 4668
1862 4669
1863 4673
1864 4675
1865 4676
1866 4682
1867 4683
1868 4685
1869 4690
1870 4693
1871 4696
1872 4697
1873 4699
1874 4700
1875 4703
1876 4713
1877 4714
1878 4723
1879 4724
1880 4725
1881 4727
1882 4732
1883 4733
1884 4734
1885 4736
1886 4738
1887 4743
1888 4745
1889 4746
1890 4747
1891 4749
1892 4750
1893 4752
1894 4753
1895 4758
1896 4759
1897 4760
1898 4761
1899 4762
1900 4767
1901 4769
1902 4771
1903 4773
1904 4778
1905 4779
1906 4781
1907 4787
1908 4788
1909 4791
1910 4794
1911 4796
1912 4798
1913 4801
1914 4803
1915 4806
1916 4807
1917 4811
1918 4813
1919 4815
1920 4820
1921 4822
1922 4823
1923 4824
1924 4827
1925 4831
1926 4835
1927 4836
1928 4840
1929 4842
1930 4845
1931 4849
1932 4850
1933 4851
1934 4852
1935 4853
1936 4857
1937 4860
1938 4865
1939 4866
1940 4867
1941 4869
1942 4872
1943 4875
1944 4876
1945 4877
1946 4878
1947 4880
1948 4883
1949 4885
1950 4886
1951 4887
1952 4889
1953 4892
1954 4893
1955 4896
1956 4899
1957 4903
1958 4904
1959 4905
1960 4906
1961 4907
1962 4908
1963 4910
1964 4918
1965 4921
1966 4926
1967 4939
1968 4944
1969 4947
1970 4951
1971 4952
1972 4953
1973 4954
1974 4956
1975 4958
1976 4959
1977 4960
1978 4963
1979 4967
1980 4968
1981 4972
1982 4974
1983 4976
1984 4977
1985 4984
1986 4985
1987 4988
1988 4990
1989 4993
1990 4994
1991 4995
1992 4997
1993 4999
1994 5001
1995 5004
1996 5005
1997 5009
1998 5010
1999 5015
2000 5016
2001 5018
2002 5019
2003 5020
2004 5021
2005 5026
2006 5028
2007 5032
2008 5033
2009 5035
2010 5036
2011 5037
2012 5039
2013 5040
2014 5041
2015 5046
2016 5047
2017 5049
2018 5061
2019 5062
2020 5067
2021 5070
2022 5071
2023 5073
2024 5074
2025 5077
2026 5079
2027 5083
2028 5085
2029 5087
2030 5088
2031 5092
2032 5093
2033 5096
2034 5097
2035 5098
2036 5100
2037 5101
2038 5102
2039 5103
2040 5104
2041 5105
2042 5106
2043 5110
2044 5113
2045 5118
2046 5119
2047 5120
2048 5124
2049 5128
2050 5129
2051 5130
2052 5134
2053 5140
2054 5142
2055 5144
2056 5145
2057 5146
2058 5148
2059 5151
2060 5153
2061 5156
2062 5157
2063 5161
2064 5163
2065 5164
2066 5166
2067 5167
2068 5168
2069 5173
2070 5175
2071 5177
2072 5181
2073 5185
2074 5186
2075 5187
2076 5190
2077 5193
2078 5195
2079 5196
2080 5199
2081 5200
2082 5202
2083 5204
2084 5205
2085 5207
2086 5210
2087 5211
2088 5215
2089 5217
2090 5219
2091 5220
2092 5221
2093 5222
2094 5223
2095 5225
2096 5227
2097 5228
2098 5232
2099 5235
2100 5237
2101 5238
2102 5239
2103 5240
2104 5241
2105 5243
2106 5244
2107 5246
2108 5249
2109 5250
2110 5251
2111 5263
2112 5266
2113 5272
2114 5277
2115 5281
2116 5282
2117 5283
2118 5285
2119 5286
2120 5291
2121 5292
2122 5297
2123 5299
2124 5301
2125 5302
2126 5304
2127 5307
2128 5311
2129 5313
2130 5315
2131 5317
2132 5318
2133 5320
2134 5322
2135 5323
2136 5324
2137 5326
2138 5328
2139 5329
2140 5333
2141 5336
2142 5345
2143 5348
2144 5352
2145 5353
2146 5359
2147 5360
2148 5363
2149 5365
2150 5367
2151 5368
2152 5372
2153 5374
2154 5376
2155 5378
2156 5379
2157 5380
2158 5381
2159 5383
2160 5386
2161 5387
2162 5390
2163 5396
2164 5397
2165 5402
2166 5404
2167 5405
2168 5408
2169 5410
2170 5411
2171 5416
2172 5417
2173 5422
2174 5423
2175 5424
2176 5426
2177 5427
2178 5429
2179 5432
2180 5435
2181 5438
2182 5441
2183 5445
2184 5447
2185 5448
2186 5451
2187 5454
2188 5455
2189 5458
2190 5460
2191 5461
2192 5465
2193 5468
2194 5469
2195 5475
2196 5476
2197 5479
2198 5482
2199 5484
2200 5489
2201 5492
2202 5493
2203 5497
2204 5498
2205 5499
2206 5502
2207 5503
2208 5509
2209 5514
2210 5521
2211 5522
2212 5524
2213 5528
2214 5529
2215 5532
2216 5533
2217 5535
2218 5536
2219 5537
2220 5538
2221 5540
2222 5542
2223 5545
2224 5548
2225 5549
2226 5560
2227 5561
2228 5565
2229 5567
2230 5569
2231 5571
2232 5576
2233 5577
2234 5578
2235 5579
2236 5585
2237 5586
2238 5588
2239 5589
2240 5590
2241 5593
2242 5595
2243 5597
2244 5604
2245 5605
2246 5608
2247 5611
2248 5614
2249 5617
2250 5618
2251 5621
2252 5623
2253 5626
2254 5629
2255 5631
2256 5632
2257 5640
2258 5641
2259 5642
2260 5645
2261 5647
2262 5651
2263 5653
2264 5657
2265 5664
2266 5665
2267 5667
2268 5668
2269 5669
2270 5673
2271 5674
2272 5676
2273 5683
2274 5685
2275 5687
2276 5688
2277 5690
2278 5691
2279 5692
2280 5695
2281 5699
2282 5702
2283 5706
2284 5712
2285 5714
2286 5715
2287 5717
2288 5720
2289 5725
2290 5726
2291 5734
2292 5736
2293 5741
2294 5743
2295 5752
2296 5756
2297 5759
2298 5762
2299 5765
2300 5770
2301 5772
2302 5773
2303 5774
2304 5776
2305 5778
2306 5780
2307 5789
2308 5792
2309 5794
2310 5797
2311 5798
2312 5801
2313 5804
2314 5814
2315 5818
2316 5820
2317 5822
2318 5825
2319 5828
2320 5830
2321 5835
2322 5836
2323 5837
2324 5838
2325 5846
2326 5848
2327 5849
2328 5850
2329 5851
2330 5856
2331 5857
2332 5858
2333 5860
2334 5864
2335 5865
2336 5866
2337 5873
2338 5874
2339 5875
2340 5876
2341 5878
2342 5879
2343 5883
2344 5887
2345 5888
2346 5891
2347 5892
2348 5893
2349 5894
2350 5899
2351 5905
2352 5906
2353 5908
2354 5910
2355 5912
2356 5916
2357 5918
2358 5919
2359 5920
2360 5921
2361 5923
2362 5927
2363 5932
2364 5934
2365 5935
2366 5937
2367 5938
2368 5942
2369 5945
2370 5946
2371 5951
2372 5952
2373 5953
2374 5955
2375 5958
2376 5961
2377 5963
2378 5965
2379 5968
2380 5970
2381 5971
2382 5972
2383 5973
2384 5975
2385 5976
2386 5977
2387 5980
2388 5982
2389 5984
2390 5985
2391 5986
2392 5988
2393 5989
2394 5995
2395 5998
2396 5999
2397 6000
2398 6002
2399 6005
2400 6006
2401 6010
2402 6011
2403 6012
2404 6013
2405 6015
2406 6022
2407 6023
2408 6024
2409 6027
2410 6028
2411 6029
2412 6035
2413 6042
2414 6045
2415 6048
2416 6052
2417 6053
2418 6058
2419 6062
2420 6065
2421 6071
2422 6072
2423 6078
2424 6079
2425 6080
2426 6085
2427 6088
2428 6092
2429 6093
2430 6094
2431 6097
2432 6098
2433 6101
2434 6102
2435 6105
2436 6108
2437 6114
2438 6117
2439 6118
2440 6119
2441 6124
2442 6129
2443 6130
2444 6131
2445 6134
2446 6137
2447 6139
2448 6142
2449 6147
2450 6150
2451 6152
2452 6153
2453 6154
2454 6157
2455 6161
2456 6162
2457 6163
2458 6167
2459 6170
2460 6171
2461 6172
2462 6176
2463 6177
2464 6178
2465 6179
2466 6182
2467 6184
2468 6185
2469 6186
2470 6189
2471 6190
2472 6196
2473 6197
2474 6198
2475 6203
2476 6204
2477 6207
2478 6208
2479 6209
2480 6212
2481 6213
2482 6214
2483 6215
2484 6222
2485 6223
2486 6224
2487 6228
2488 6229
2489 6231
2490 6233
2491 6234
2492 6235
2493 6240
2494 6241
2495 6242
2496 6245
2497 6246
2498 6247
2499 6251
2500 6252
2501 6254
2502 6256
2503 6258
2504 6262
2505 6265
2506 6267
2507 6268
2508 6269
2509 6271
2510 6281
2511 6282
2512 6285
2513 6289
2514 6290
2515 6294
2516 6295
2517 6296
2518 6297
2519 6301
2520 6302
2521 6303
2522 6304
2523 6305
2524 6307
2525 6310
2526 6313
2527 6316
2528 6322
2529 6324
2530 6325
2531 6330
2532 6332
2533 6335
2534 6343
2535 6344
2536 6349
2537 6350
2538 6351
2539 6356
2540 6361
2541 6364
2542 6370
2543 6374
2544 6375
2545 6376
2546 6378
2547 6381
2548 6382
2549 6383
2550 6385
2551 6388
2552 6391
2553 6392
2554 6393
2555 6395
2556 6403
2557 6406
2558 6408
2559 6412
2560 6414
2561 6415
2562 6418
2563 6419
2564 6420
2565 6422
2566 6435
2567 6436
2568 6438
2569 6442
2570 6443
2571 6446
2572 6448
2573 6449
2574 6450
2575 6454
2576 6458
2577 6459
2578 6460
2579 6461
2580 6463
2581 6464
2582 6466
2583 6468
2584 6470
2585 6472
2586 6477
2587 6482
2588 6483
2589 6485
2590 6487
2591 6488
2592 6489
2593 6491
2594 6493
2595 6499
2596 6503
2597 6504
2598 6505
2599 6506
2600 6508
2601 6510
2602 6514
2603 6515
2604 6516
2605 6517
2606 6518
2607 6520
2608 6521
2609 6522
2610 6524
2611 6525
2612 6527
2613 6528
2614 6534
2615 6541
2616 6542
2617 6543
2618 6544
2619 6546
2620 6549
2621 6550
2622 6551
2623 6552
2624 6555
2625 6558
2626 6560
2627 6567
2628 6571
2629 6573
2630 6575
2631 6580
2632 6581
2633 6582
2634 6584
2635 6585
2636 6589
2637 6593
2638 6594
2639 6596
2640 6598
2641 6600
2642 6605
2643 6606
2644 6611
2645 6613
2646 6614
2647 6615
2648 6616
2649 6617
2650 6618
2651 6622
2652 6625
2653 6626
2654 6628
2655 6631
2656 6632
2657 6634
2658 6635
2659 6638
2660 6641
2661 6642
2662 6643
2663 6645
2664 6646
2665 6648
2666 6649
2667 6651
2668 6653
2669 6654
2670 6655
2671 6656
2672 6657
2673 6660
2674 6661
2675 6662
2676 6663
2677 6664
2678 6665
2679 6666
2680 6667
2681 6668
2682 6669
2683 6670
2684 6674
2685 6675
2686 6677
2687 6681
2688 6683
2689 6684
2690 6687
2691 6688
2692 6692
2693 6693
2694 6694
2695 6697
2696 6698
2697 6703
2698 6705
2699 6706
2700 6708
2701 6711
2702 6713
2703 6714
2704 6715
2705 6718
2706 6721
2707 6722
2708 6724
2709 6727
2710 6728
2711 6730
2712 6732
2713 6735
2714 6749
2715 6750
2716 6755
2717 6758
2718 6759
2719 6761
2720 6763
2721 6764
2722 6766
2723 6774
2724 6775
2725 6779
2726 6787
2727 6790
2728 6792
2729 6795
2730 6798
2731 6799
2732 6801
2733 6802
2734 6803
2735 6804
2736 6805
2737 6809
2738 6812
2739 6814
2740 6817
2741 6818
2742 6824
2743 6826
2744 6827
2745 6828
2746 6830
2747 6831
2748 6834
2749 6836
2750 6837
2751 6838
2752 6839
2753 6840
2754 6846
2755 6847
2756 6853
2757 6859
2758 6861
2759 6864
2760 6865
2761 6871
2762 6872
2763 6873
2764 6874
2765 6876
2766 6877
2767 6879
2768 6882
2769 6883
2770 6887
2771 6890
2772 6891
2773 6893
2774 6894
2775 6896
2776 6898
2777 6899
2778 6900
2779 6905
2780 6906
2781 6913
2782 6915
2783 6918
2784 6919
2785 6920
2786 6924
2787 6925
2788 6926
2789 6927
2790 6928
2791 6940
2792 6942
2793 6944
2794 6946
2795 6950
2796 6951
2797 6952
2798 6957
2799 6960
2800 6961
2801 6962
2802 6963
2803 6965
2804 6974
2805 6976
2806 6980
2807 6982
2808 6987
2809 6990
2810 6996
2811 6997
2812 6998
2813 7000
2814 7001
2815 7003
2816 7005
2817 7006
2818 7007
2819 7010
2820 7012
2821 7015
2822 7016
2823 7017
2824 7027
2825 7028
2826 7030
2827 7031
2828 7034
2829 7036
2830 7037
2831 7038
2832 7041
2833 7042
2834 7043
2835 7045
2836 7048
2837 7050
2838 7051
2839 7052
2840 7054
2841 7055
2842 7058
2843 7059
2844 7064
2845 7065
2846 7072
2847 7074
2848 7075
2849 7078
2850 7080
2851 7081
2852 7091
2853 7092
2854 7094
2855 7096
2856 7098
2857 7099
2858 7100
2859 7103
2860 7107
2861 7112
2862 7114
2863 7118
2864 7119
2865 7120
2866 7121
2867 7122
2868 7123
2869 7124
2870 7126
2871 7127
2872 7128
2873 7129
2874 7133
2875 7135
2876 7136
2877 7139
2878 7140
2879 7144
2880 7145
2881 7146
2882 7147
2883 7155
2884 7162
2885 7163
2886 7170
2887 7171
2888 7177
2889 7178
2890 7179
2891 7184
2892 7186
2893 7188
2894 7192
2895 7194
2896 7195
2897 7196
2898 7201
2899 7204
2900 7207
2901 7210
2902 7211
2903 7212
2904 7213
2905 7215
2906 7216
2907 7217
2908 7222
2909 7225
2910 7226
2911 7229
2912 7231
2913 7232
2914 7236
2915 7237
2916 7241
2917 7244
2918 7248
2919 7250
2920 7251
2921 7260
2922 7263
2923 7267
2924 7271
2925 7272
2926 7274
2927 7284
2928 7287
2929 7291
2930 7299
2931 7303
2932 7304
2933 7305
2934 7308
2935 7310
2936 7311
2937 7315
2938 7317
2939 7320
2940 7321
2941 7323
2942 7324
2943 7326
2944 7328
2945 7332
2946 7338
2947 7340
2948 7343
2949 7348
2950 7349
2951 7351
2952 7355
2953 7358
2954 7361
2955 7363
2956 7369
2957 7370
2958 7373
2959 7378
2960 7381
2961 7384
2962 7387
2963 7389
2964 7390
2965 7402
2966 7406
2967 7407
2968 7408
2969 7411
2970 7415
2971 7417
2972 7418
2973 7422
2974 7423
2975 7426
2976 7428
2977 7429
2978 7430
2979 7432
2980 7434
2981 7435
2982 7436
2983 7439
2984 7442
2985 7444
2986 7445
2987 7451
2988 7452
2989 7457
2990 7458
2991 7460
2992 7462
2993 7465
2994 7469
2995 7472
2996 7475
2997 7476
2998 7479
2999 7481
3000 7484
3001 7487
3002 7492
3003 7501
3004 7504
3005 7506
3006 7507
3007 7510
3008 7511
3009 7513
3010 7517
3011 7518
3012 7519
3013 7521
3014 7531
3015 7534
3016 7538
3017 7550
3018 7555
3019 7558
3020 7568
3021 7570
3022 7571
3023 7574
3024 7576
3025 7577
3026 7578
3027 7579
3028 7580
3029 7585
3030 7588
3031 7593
3032 7598
3033 7599
3034 7603
3035 7604
3036 7606
3037 7610
3038 7611
3039 7612
3040 7613
3041 7616
3042 7617
3043 7621
3044 7626
3045 7628
3046 7629
3047 7630
3048 7631
3049 7632
3050 7634
3051 7635
3052 7637
3053 7638
3054 7643
3055 7650
3056 7651
3057 7652
3058 7654
3059 7655
3060 7656
3061 7657
3062 7659
3063 7661
3064 7662
3065 7665
3066 7666
3067 7669
3068 7670
3069 7671
3070 7675
3071 7676
3072 7678
3073 7679
3074 7680
3075 7681
3076 7690
3077 7691
3078 7693
3079 7695
3080 7698
3081 7701
3082 7704
3083 7705
3084 7708
3085 7711
3086 7712
3087 7714
3088 7715
3089 7717
3090 7718
3091 7720
3092 7723
3093 7726
3094 7728
3095 7729
3096 7733
3097 7742
3098 7745
3099 7746
3100 7747
3101 7748
3102 7751
3103 7752
3104 7753
3105 7754
3106 7757
3107 7759
3108 7763
3109 7765
3110 7766
3111 7770
3112 7777
3113 7779
3114 7780
3115 7786
3116 7787
3117 7788
3118 7789
3119 7790
3120 7791
3121 7792
3122 7797
3123 7798
3124 7801
3125 7802
3126 7804
3127 7809
3128 7810
3129 7811
3130 7815
3131 7818
3132 7820
3133 7821
3134 7823
3135 7826
3136 7829
3137 7834
3138 7837
3139 7844
3140 7855
3141 7856
3142 7859
3143 7861
3144 7865
3145 7866
3146 7871
3147 7874
3148 7875
3149 7878
3150 7879
3151 7880
3152 7881
3153 7882
3154 7887
3155 7888
3156 7889
3157 7890
3158 7891
3159 7893
3160 7895
3161 7905
3162 7908
3163 7910
3164 7915
3165 7916
3166 7919
3167 7921
3168 7922
3169 7925
3170 7928
3171 7934
3172 7936
3173 7938
3174 7942
3175 7943
3176 7944
3177 7945
3178 7947
3179 7948
3180 7951
3181 7952
3182 7955
3183 7956
3184 7957
3185 7958
3186 7959
3187 7961
3188 7962
3189 7965
3190 7967
3191 7968
3192 7970
3193 7973
3194 7976
3195 7977
3196 7978
3197 7984
3198 7986
3199 7987
3200 7992
3201 7994
3202 7995
3203 7998
3204 7999
3205 8001
3206 8002
3207 8003
3208 8004
3209 8005
3210 8009
3211 8010
3212 8011
3213 8013
3214 8014
3215 8018
3216 8019
3217 8025
3218 8029
3219 8031
3220 8032
3221 8040
3222 8042
3223 8043
3224 8045
3225 8048
3226 8052
3227 8053
3228 8055
3229 8059
3230 8060
3231 8061
3232 8062
3233 8065
3234 8070
3235 8072
3236 8073
3237 8074
3238 8079
3239 8082
3240 8085
3241 8091
3242 8092
3243 8094
3244 8095
3245 8096
3246 8097
3247 8099
3248 8100
3249 8103
3250 8105
3251 8112
3252 8113
3253 8115
3254 8116
3255 8117
3256 8121
3257 8126
3258 8133
3259 8135
3260 8139
3261 8142
3262 8143
3263 8145
3264 8146
3265 8150
3266 8151
3267 8154
3268 8157
3269 8158
3270 8161
3271 8166
3272 8169
3273 8175
3274 8176
3275 8178
3276 8181
3277 8183
3278 8184
3279 8185
3280 8186
3281 8192
3282 8195
3283 8199
3284 8202
3285 8204
3286 8207
3287 8209
3288 8213
3289 8214
3290 8222
3291 8223
3292 8224
3293 8227
3294 8229
3295 8232
3296 8233
3297 8238
3298 8243
3299 8244
3300 8246
3301 8247
3302 8254
3303 8256
3304 8264
3305 8269
3306 8280
3307 8283
3308 8285
3309 8287
3310 8288
3311 8290
3312 8291
3313 8292
3314 8293
3315 8297
3316 8298
3317 8301
3318 8303
3319 8305
3320 8307
3321 8309
3322 8310
3323 8312
3324 8313
3325 8317
3326 8318
3327 8319
3328 8320
3329 8323
3330 8324
3331 8326
3332 8328
3333 8331
3334 8335
3335 8337
3336 8343
3337 8345
3338 8350
3339 8351
3340 8352
3341 8354
3342 8356
3343 8361
3344 8362
3345 8364
3346 8367
3347 8369
3348 8370
3349 8373
3350 8374
3351 8376
3352 8377
3353 8378
3354 8379
3355 8380
3356 8382
3357 8387
3358 8388
3359 8394
3360 8396
3361 8399
3362 8401
3363 8406
3364 8407
3365 8412
3366 8413
3367 8415
3368 8418
3369 8419
3370 8420
3371 8432
3372 8433
3373 8435
3374 8437
3375 8438
3376 8439
3377 8440
3378 8446
3379 8447
3380 8448
3381 8449
3382 8451
3383 8454
3384 8460
3385 8461
3386 8463
3387 8466
3388 8467
3389 8468
3390 8470
3391 8472
3392 8476
3393 8478
3394 8479
3395 8481
3396 8489
3397 8491
3398 8496
3399 8498
3400 8500
3401 8502
3402 8504
3403 8505
3404 8518
3405 8519
3406 8527
3407 8528
3408 8530
3409 8534
3410 8535
3411 8538
3412 8543
3413 8548
3414 8554
3415 8556
3416 8558
3417 8561
3418 8563
3419 8569
3420 8570
3421 8572
3422 8574
3423 8575
3424 8576
3425 8578
3426 8580
3427 8581
3428 8585
3429 8587
3430 8593
3431 8594
3432 8595
3433 8599
3434 8603
3435 8608
3436 8612
3437 8613
3438 8614
3439 8615
3440 8620
3441 8624
3442 8625
3443 8627
3444 8628
3445 8630
3446 8635
3447 8640
3448 8641
3449 8651
3450 8652
3451 8657
3452 8658
3453 8659
3454 8660
3455 8661
3456 8663
3457 8666
3458 8667
3459 8670
3460 8672
3461 8675
3462 8677
3463 8678
3464 8680
3465 8683
3466 8690
3467 8694
3468 8696
3469 8698
3470 8706
3471 8707
3472 8708
3473 8709
3474 8710
3475 8712
3476 8714
3477 8718
3478 8719
3479 8723
3480 8725
3481 8726
3482 8727
3483 8729
3484 8730
3485 8731
3486 8734
3487 8735
3488 8737
3489 8739
3490 8741
3491 8742
3492 8743
3493 8745
3494 8747
3495 8749
3496 8751
3497 8753
3498 8755
3499 8756
3500 8757
3501 8759
3502 8760
3503 8761
3504 8765
3505 8766
3506 8767
3507 8770
3508 8772
3509 8774
3510 8775
3511 8779
3512 8780
3513 8785
3514 8786
3515 8788
3516 8789
3517 8790
3518 8791
3519 8792
3520 8793
3521 8795
3522 8796
3523 8798
3524 8804
3525 8805
3526 8807
3527 8808
3528 8812
3529 8815
3530 8824
3531 8825
3532 8827
3533 8828
3534 8829
3535 8830
3536 8832
3537 8835
3538 8837
3539 8839
3540 8840
3541 8845
3542 8849
3543 8850
3544 8851
3545 8852
3546 8856
3547 8857
3548 8858
3549 8859
3550 8860
3551 8861
3552 8872
3553 8873
3554 8874
3555 8875
3556 8876
3557 8877
3558 8879
3559 8880
3560 8884
3561 8885
3562 8886
3563 8887
3564 8888
3565 8889
3566 8890
3567 8891
3568 8893
3569 8894
3570 8895
3571 8897
3572 8899
3573 8901
3574 8904
3575 8905
3576 8907
3577 8911
3578 8912
3579 8920
3580 8923
3581 8924
3582 8927
3583 8930
3584 8934
3585 8936
3586 8938
3587 8942
3588 8945
3589 8948
3590 8949
3591 8952
3592 8953
3593 8954
3594 8955
3595 8958
3596 8961
3597 8964
3598 8967
3599 8975
3600 8983
3601 8984
3602 8985
3603 8986
3604 8988
3605 8994
3606 8996
3607 8997
3608 8998
3609 9000
3610 9002
3611 9004
3612 9005
3613 9010
3614 9014
3615 9017
3616 9019
3617 9021
3618 9023
3619 9024
3620 9025
3621 9026
3622 9027
3623 9028
3624 9030
3625 9033
3626 9034
3627 9037
3628 9038
3629 9039
3630 9040
3631 9041
3632 9046
3633 9047
3634 9049
3635 9053
3636 9055
3637 9056
3638 9059
3639 9060
3640 9062
3641 9064
3642 9065
3643 9068
3644 9069
3645 9070
3646 9072
3647 9073
3648 9076
3649 9081
3650 9085
3651 9087
3652 9088
3653 9089
3654 9091
3655 9093
3656 9096
3657 9100
3658 9105
3659 9107
3660 9108
3661 9115
3662 9119
3663 9126
3664 9127
3665 9130
3666 9131
3667 9132
3668 9133
3669 9138
3670 9143
3671 9145
3672 9147
3673 9152
3674 9155
3675 9160
3676 9161
3677 9165
3678 9166
3679 9169
3680 9172
3681 9173
3682 9176
3683 9178
3684 9179
3685 9180
3686 9193
3687 9194
3688 9198
3689 9199
3690 9200
3691 9203
3692 9208
3693 9209
3694 9215
3695 9218
3696 9221
3697 9224
3698 9225
3699 9229
3700 9230
3701 9232
3702 9233
3703 9234
3704 9235
3705 9236
3706 9240
3707 9241
3708 9243
3709 9244
3710 9245
3711 9247
3712 9250
3713 9251
3714 9252
3715 9254
3716 9258
3717 9263
3718 9266
3719 9267
3720 9270
3721 9272
3722 9274
3723 9277
3724 9279
3725 9281
3726 9288
3727 9289
3728 9290
3729 9297
3730 9300
3731 9301
3732 9302
3733 9303
3734 9305
3735 9307
3736 9308
3737 9310
3738 9313
3739 9314
3740 9315
3741 9317
3742 9318
3743 9321
3744 9322
3745 9327
3746 9329
3747 9330
3748 9331
3749 9332
3750 9333
3751 9335
3752 9346
3753 9349
3754 9350
3755 9351
3756 9352
3757 9353
3758 9354
3759 9357
3760 9366
3761 9372
3762 9377
3763 9378
3764 9382
3765 9383
3766 9388
3767 9389
3768 9391
3769 9392
3770 9393
3771 9398
3772 9401
3773 9403
3774 9404
3775 9408
3776 9409
3777 9410
3778 9411
3779 9415
3780 9420
3781 9421
3782 9422
3783 9424
3784 9426
3785 9427
3786 9429
3787 9431
3788 9432
3789 9436
3790 9438
3791 9439
3792 9440
3793 9442
3794 9443
3795 9449
3796 9451
3797 9453
3798 9454
3799 9456
3800 9458
3801 9460
3802 9461
3803 9463
3804 9465
3805 9469
3806 9471
3807 9473
3808 9474
3809 9475
3810 9477
3811 9479
3812 9483
3813 9484
3814 9487
3815 9489
3816 9492
3817 9496
3818 9501
3819 9502
3820 9503
3821 9505
3822 9511
3823 9513
3824 9516
3825 9521
3826 9523
3827 9525
3828 9529
3829 9530
3830 9531
3831 9532
3832 9534
3833 9540
3834 9541
3835 9543
3836 9545
3837 9548
3838 9550
3839 9551
3840 9557
3841 9559
3842 9560
3843 9561
3844 9563
3845 9566
3846 9567
3847 9568
3848 9569
3849 9575
3850 9578
3851 9579
3852 9581
3853 9583
3854 9586
3855 9590
3856 9592
3857 9595
3858 9596
3859 9600
3860 9601
3861 9606
3862 9610
3863 9611
3864 9613
3865 9614
3866 9617
3867 9618
3868 9623
3869 9624
3870 9625
3871 9629
3872 9630
3873 9631
3874 9632
3875 9636
3876 9637
3877 9639
3878 9640
3879 9641
3880 9642
3881 9644
3882 9646
3883 9649
3884 9651
3885 9654
3886 9656
3887 9658
3888 9659
3889 9660
3890 9666
3891 9674
3892 9675
3893 9677
3894 9678
3895 9679
3896 9682
3897 9684
3898 9686
3899 9687
3900 9691
3901 9696
3902 9700
3903 9701
3904 9703
3905 9710
3906 9711
3907 9716
3908 9717
3909 9721
3910 9728
3911 9730
3912 9733
3913 9734
3914 9735
3915 9737
3916 9738
3917 9740
3918 9741
3919 9742
3920 9743
3921 9748
3922 9749
3923 9750
3924 9752
3925 9753
3926 9756
3927 9763
3928 9764
3929 9768
3930 9776
3931 9777
3932 9779
3933 9783
3934 9792
3935 9793
3936 9799
3937 9801
3938 9803
3939 9805
3940 9807
3941 9810
3942 9813
3943 9814
3944 9816
3945 9825
3946 9826
3947 9835
3948 9838
3949 9839
3950 9840
3951 9842
3952 9843
3953 9847
3954 9849
3955 9851
3956 9853
3957 9861
3958 9862
3959 9863
3960 9864
3961 9865
3962 9868
3963 9872
3964 9873
3965 9877
3966 9878
3967 9883
3968 9885
3969 9886
3970 9891
3971 9895
3972 9897
3973 9899
3974 9900
3975 9903
3976 9911
3977 9913
3978 9914
3979 9915
3980 9920
3981 9921
3982 9922
3983 9924
3984 9926
3985 9928
3986 9929
3987 9930
3988 9935
3989 9936
3990 9937
3991 9938
3992 9940
3993 9941
3994 9944
3995 9945
3996 9950
3997 9961
3998 9962
3999 9963
4000 9964
4001 9965
4002 9966
4003 9967
4004 9968
4005 9970
4006 9971
4007 9972
4008 9974
4009 9976
4010 9978
4011 9979
4012 9980
4013 9984
4014 9986
4015 9987
4016 9988
4017 9990
4018 9992
4019 9995
4020 9996
4021 10000
4022 10004
4023 10006
4024 10012
4025 10014
4026 10015
4027 10016
4028 10018
4029 10020
4030 10022
4031 10023
4032 10028
4033 10030
4034 10039
4035 10040
4036 10041
4037 10043
4038 10050
4039 10053
4040 10054
4041 10057
4042 10060
4043 10061
4044 10066
4045 10067
4046 10068
4047 10077
4048 10078
4049 10081
4050 10083
4051 10085
4052 10086
4053 10089
4054 10090
4055 10091
4056 10093
4057 10095
4058 10097
4059 10101
4060 10102
4061 10103
4062 10105
4063 10109
4064 10110
4065 10112
4066 10114
4067 10115
4068 10118
4069 10120
4070 10122
4071 10124
4072 10125
4073 10127
4074 10128
4075 10130
4076 10131
4077 10132
4078 10136
4079 10138
4080 10139
4081 10141
4082 10142
4083 10143
4084 10144
4085 10145
4086 10147
4087 10149
4088 10154
4089 10158
4090 10159
4091 10163
4092 10165
4093 10167
4094 10168
4095 10169
4096 10173
4097 10177
4098 10182
4099 10183
4100 10184
4101 10191
4102 10192
4103 10193
4104 10195
4105 10199
4106 10200
4107 10201
4108 10203
4109 10205
4110 10208
4111 10209
4112 10212
4113 10216
4114 10217
4115 10225
4116 10226
4117 10232
4118 10234
4119 10235
4120 10236
4121 10241
4122 10242
4123 10245
4124 10250
4125 10252
4126 10253
4127 10255
4128 10256
4129 10258
4130 10259
4131 10262
4132 10264
4133 10265
4134 10269
4135 10270
4136 10272
4137 10273
4138 10278
4139 10280
4140 10281
4141 10283
4142 10284
4143 10286
4144 10289
4145 10292
4146 10293
4147 10294
4148 10297
4149 10298
4150 10299
4151 10303
4152 10304
4153 10311
4154 10312
4155 10313
4156 10321
4157 10322
4158 10324
4159 10325
4160 10329
4161 10334
4162 10337
4163 10338
4164 10339
4165 10340
4166 10344
4167 10345
4168 10348
4169 10351
4170 10354
4171 10358
4172 10362
4173 10363
4174 10364
4175 10366
4176 10368
4177 10369
4178 10371
4179 10372
4180 10374
4181 10379
4182 10380
4183 10383
4184 10384
4185 10388
4186 10389
4187 10395
4188 10400
4189 10402
4190 10403
4191 10404
4192 10405
4193 10406
4194 10410
4195 10413
4196 10415
4197 10418
4198 10420
4199 10426
4200 10427
4201 10429
4202 10434
4203 10435
4204 10437
4205 10438
4206 10439
4207 10449
4208 10451
4209 10452
4210 10453
4211 10458
4212 10459
4213 10462
4214 10465
4215 10471
4216 10474
4217 10475
4218 10476
4219 10479
4220 10480
4221 10481
4222 10482
4223 10483
4224 10486
4225 10487
4226 10488
4227 10490
4228 10491
4229 10496
4230 10498
4231 10499
4232 10501
4233 10503
4234 10504
4235 10505
4236 10507
4237 10508
4238 10513
4239 10520
4240 10522
4241 10524
4242 10526
4243 10527
4244 10538
4245 10540
4246 10546
4247 10550
4248 10552
4249 10553
4250 10554
4251 10555
4252 10556
4253 10557
4254 10566
4255 10567
4256 10569
4257 10574
4258 10576
4259 10577
4260 10580
4261 10581
4262 10582
4263 10585
4264 10590
4265 10591
4266 10592
4267 10594
4268 10596
4269 10600
4270 10606
4271 10607
4272 10608
4273 10609
4274 10613
4275 10617
4276 10620
4277 10623
4278 10626
4279 10627
4280 10629
4281 10631
4282 10632
4283 10634
4284 10636
4285 10638
4286 10641
4287 10644
4288 10647
4289 10648
4290 10653
4291 10656
4292 10659
4293 10663
4294 10666
4295 10668
4296 10670
4297 10677
4298 10680
4299 10684
4300 10687
4301 10690
4302 10691
4303 10692
4304 10693
4305 10695
4306 10698
4307 10699
4308 10701
4309 10705
4310 10706
4311 10707
4312 10711
4313 10713
4314 10714
4315 10716
4316 10717
4317 10719
4318 10722
4319 10725
4320 10726
4321 10728
4322 10729
4323 10730
4324 10731
4325 10732
4326 10733
4327 10736
4328 10737
4329 10739
4330 10741
4331 10742
4332 10743
4333 10744
4334 10746
4335 10747
4336 10752
4337 10758
4338 10761
4339 10774
4340 10775
4341 10776
4342 10778
4343 10785
4344 10791
4345 10792
4346 10793
4347 10798
4348 10799
4349 10800
4350 10803
4351 10804
4352 10806
4353 10808
4354 10809
4355 10814
4356 10816
4357 10818
4358 10819
4359 10820
4360 10821
4361 10822
4362 10825
4363 10826
4364 10828
4365 10829
4366 10830
4367 10834
4368 10836
4369 10842
4370 10845
4371 10852
4372 10855
4373 10857
4374 10858
4375 10859
4376 10861
4377 10862
4378 10865
4379 10868
4380 10871
4381 10872
4382 10874
4383 10878
4384 10881
4385 10882
4386 10888
4387 10889
4388 10890
4389 10892
4390 10895
4391 10900
4392 10901
4393 10907
4394 10909
4395 10913
4396 10917
4397 10918
4398 10920
4399 10921
4400 10923
4401 10925
4402 10926
4403 10927
4404 10929
4405 10930
4406 10931
4407 10935
4408 10937
4409 10938
4410 10940
4411 10942
4412 10948
4413 10952
4414 10959
4415 10962
4416 10965
4417 10967
4418 10972
4419 10973
4420 10975
4421 10981
4422 10988
4423 10995
4424 10996
4425 11002
4426 11004
4427 11007
4428 11010
4429 11011
4430 11012
4431 11014
4432 11015
4433 11018
4434 11019
4435 11020
4436 11022
4437 11023
4438 11026
4439 11027
4440 11029
4441 11030
4442 11031
4443 11033
4444 11035
4445 11042
4446 11045
4447 11046
4448 11049
4449 11052
4450 11054
4451 11055
4452 11057
4453 11060
4454 11069
4455 11072
4456 11073
4457 11075
4458 11076
4459 11077
4460 11078
4461 11083
4462 11084
4463 11088
4464 11089
4465 11090
4466 11092
4467 11097
4468 11105
4469 11107
4470 11109
4471 11110
4472 11111
4473 11116
4474 11118
4475 11122
4476 11123
4477 11124
4478 11126
4479 11128
4480 11131
4481 11132
4482 11135
4483 11137
4484 11138
4485 11139
4486 11141
4487 11147
4488 11153
4489 11156
4490 11164
4491 11165
4492 11170
4493 11177
4494 11179
4495 11184
4496 11188
4497 11196
4498 11197
4499 11198
4500 11200
4501 11201
4502 11202
4503 11204
4504 11205
4505 11206
4506 11210
4507 11214
4508 11215
4509 11216
4510 11223
4511 11224
4512 11226
4513 11228
4514 11230
4515 11232
4516 11233
4517 11234
4518 11235
4519 11236
4520 11237
4521 11239
4522 11240
4523 11241
4524 11244
4525 11247
4526 11248
4527 11249
4528 11253
4529 11254
4530 11256
4531 11257
4532 11260
4533 11261
4534 11268
4535 11270
4536 11273
4537 11274
4538 11278
4539 11280
4540 11284
4541 11285
4542 11292
4543 11293
4544 11294
4545 11295
4546 11296
4547 11301
4548 11304
4549 11308
4550 11309
4551 11314
4552 11315
4553 11317
4554 11321
4555 11325
4556 11326
4557 11327
4558 11328
4559 11329
4560 11330
4561 11331
4562 11332
4563 11333
4564 11334
4565 11335
4566 11338
4567 11339
4568 11341
4569 11342
4570 11351
4571 11352
4572 11354
4573 11360
4574 11361
4575 11362
4576 11373
4577 11375
4578 11381
4579 11383
4580 11384
4581 11386
4582 11387
4583 11388
4584 11389
4585 11390
4586 11391
4587 11393
4588 11395
4589 11397
4590 11398
4591 11403
4592 11406
4593 11407
4594 11413
4595 11415
4596 11416
4597 11417
4598 11423
4599 11426
4600 11428
4601 11430
4602 11434
4603 11441
4604 11445
4605 11449
4606 11450
4607 11451
4608 11453
4609 11456
4610 11462
4611 11463
4612 11464
4613 11465
4614 11471
4615 11472
4616 11473
4617 11478
4618 11483
4619 11486
4620 11487
4621 11488
4622 11498
4623 11499
4624 11500
4625 11502
4626 11504
4627 11506
4628 11509
4629 11510
4630 11515
4631 11516
4632 11517
4633 11518
4634 11519
4635 11520
4636 11526
4637 11528
4638 11530
4639 11531
4640 11532
4641 11533
4642 11543
4643 11545
4644 11550
4645 11551
4646 11554
4647 11555
4648 11557
4649 11559
4650 11561
4651 11562
4652 11565
4653 11567
4654 11572
4655 11574
4656 11577
4657 11578
4658 11579
4659 11581
4660 11590
4661 11592
4662 11595
4663 11597
4664 11601
4665 11602
4666 11611
4667 11617
4668 11620
4669 11625
4670 11628
4671 11632
4672 11638
4673 11641
4674 11643
4675 11649
4676 11652
4677 11653
4678 11658
4679 11659
4680 11660
4681 11661
4682 11663
4683 11664
4684 11666
4685 11671
4686 11673
4687 11674
4688 11676
4689 11677
4690 11678
4691 11680
4692 11681
4693 11683
4694 11687
4695 11688
4696 11693
4697 11694
4698 11699
4699 11703
4700 11704
4701 11708
4702 11712
4703 11713
4704 11714
4705 11716
4706 11720
4707 11721
4708 11723
4709 11731
4710 11732
4711 11744
4712 11751
4713 11753
4714 11755
4715 11757
4716 11758
4717 11760
4718 11761
4719 11763
4720 11768
4721 11771
4722 11774
4723 11775
4724 11777
4725 11778
4726 11779
4727 11782
4728 11788
4729 11795
4730 11796
4731 11799
4732 11800
4733 11802
4734 11803
4735 11807
4736 11809
4737 11815
4738 11816
4739 11817
4740 11819
4741 11822
4742 11826
4743 11827
4744 11829
4745 11831
4746 11836
4747 11837
4748 11840
4749 11841
4750 11846
4751 11848
4752 11850
4753 11852
4754 11856
4755 11860
4756 11861
4757 11863
4758 11864
4759 11866
4760 11868
4761 11872
4762 11877
4763 11879
4764 11880
4765 11884
4766 11885
4767 11886
4768 11892
4769 11894
4770 11895
4771 11896
4772 11899
4773 11901
4774 11902
4775 11903
4776 11906
4777 11910
4778 11911
4779 11912
4780 11916
4781 11917
4782 11918
4783 11919
4784 11920
4785 11921
4786 11926
4787 11927
4788 11929
4789 11933
4790 11935
4791 11940
4792 11941
4793 11942
4794 11944
4795 11945
4796 11946
4797 11947
4798 11948
4799 11949
4800 11953
4801 11955
4802 11957
4803 11963
4804 11969
4805 11974
4806 11975
4807 11976
4808 11978
4809 11979
4810 11981
4811 11982
4812 11983
4813 11987
4814 11994
4815 11995
4816 11998
4817 12000
4818 12001
4819 12005
4820 12012
4821 12016
4822 12017
4823 12020
4824 12027
4825 12032
4826 12038
4827 12040
4828 12042
4829 12047
4830 12048
4831 12051
4832 12053
4833 12055
4834 12056
4835 12061
4836 12062
4837 12064
4838 12065
4839 12067
4840 12069
4841 12070
4842 12075
4843 12076
4844 12078
4845 12082
4846 12087
4847 12090
4848 12094
4849 12096
4850 12097
4851 12098
4852 12099
4853 12105
4854 12108
4855 12110
4856 12118
4857 12119
4858 12120
4859 12121
4860 12134
4861 12135
4862 12138
4863 12148
4864 12149
4865 12154
4866 12157
4867 12160
4868 12162
4869 12163
4870 12164
4871 12166
4872 12169
4873 12172
4874 12176
4875 12178
4876 12179
4877 12180
4878 12181
4879 12185
4880 12190
4881 12192
4882 12195
4883 12196
4884 12201
4885 12202
4886 12205
4887 12211
4888 12215
4889 12217
4890 12220
4891 12221
4892 12222
4893 12223
4894 12227
4895 12231
4896 12233
4897 12240
4898 12241
4899 12243
4900 12244
4901 12245
4902 12248
4903 12249
4904 12252
4905 12255
4906 12257
4907 12267
4908 12268
4909 12269
4910 12270
4911 12271
4912 12272
4913 12273
4914 12274
4915 12275
4916 12279
4917 12280
4918 12281
4919 12284
4920 12286
4921 12288
4922 12289
4923 12297
4924 12298
4925 12302
4926 12303
4927 12304
4928 12310
4929 12312
4930 12314
4931 12315
4932 12321
4933 12325
4934 12329
4935 12337
4936 12338
4937 12339
4938 12340
4939 12341
4940 12342
4941 12344
4942 12345
4943 12349
4944 12351
4945 12352
4946 12354
4947 12355
4948 12357
4949 12360
4950 12362
4951 12363
4952 12364
4953 12368
4954 12372
4955 12375
4956 12376
4957 12378
4958 12381
4959 12383
4960 12387
4961 12396
4962 12402
4963 12403
4964 12404
4965 12410
4966 12419
4967 12424
4968 12429
4969 12430
4970 12434
4971 12439
4972 12440
4973 12443
4974 12444
4975 12446
4976 12447
4977 12450
4978 12452
4979 12453
4980 12456
4981 12458
4982 12460
4983 12461
4984 12464
4985 12467
4986 12471
4987 12474
4988 12475
4989 12478
4990 12479
4991 12482
4992 12483
4993 12485
4994 12487
4995 12498
4996 12499
4997 12500
4998 12504
4999 12505
5000 12506
5001 12509
5002 12510
5003 12511
5004 12513
5005 12514
5006 12515
5007 12516
5008 12518
5009 12523
5010 12525
5011 12531
5012 12533
5013 12537
5014 12538
5015 12545
5016 12548
5017 12549
5018 12552
5019 12553
5020 12564
5021 12565
5022 12566
5023 12570
5024 12571
5025 12572
5026 12574
5027 12575
5028 12576
5029 12579
5030 12581
5031 12582
5032 12583
5033 12585
5034 12587
5035 12590
5036 12591
5037 12593
5038 12596
5039 12598
5040 12599
5041 12602
5042 12607
5043 12609
5044 12610
5045 12611
5046 12612
5047 12614
5048 12617
5049 12618
5050 12620
5051 12622
5052 12625
5053 12631
5054 12636
5055 12637
5056 12638
5057 12639
5058 12645
5059 12649
5060 12650
5061 12657
5062 12659
5063 12660
5064 12663
5065 12665
5066 12668
5067 12670
5068 12671
5069 12676
5070 12677
5071 12678
5072 12679
5073 12695
5074 12697
5075 12703
5076 12705
5077 12707
5078 12708
5079 12709
5080 12710
5081 12711
5082 12713
5083 12719
5084 12721
5085 12725
5086 12727
5087 12729
5088 12737
5089 12739
5090 12741
5091 12742
5092 12743
5093 12745
5094 12748
5095 12749
5096 12751
5097 12752
5098 12753
5099 12754
5100 12756
5101 12757
5102 12758
5103 12762
5104 12763
5105 12764
5106 12766
5107 12768
5108 12770
5109 12772
5110 12773
5111 12774
5112 12775
5113 12777
5114 12779
5115 12782
5116 12783
5117 12784
5118 12787
5119 12789
5120 12792
5121 12797
5122 12800
5123 12803
5124 12804
5125 12805
5126 12813
5127 12819
5128 12821
5129 12830
5130 12833
5131 12836
5132 12840
5133 12841
5134 12842
5135 12844
5136 12848
5137 12849
5138 12850
5139 12855
5140 12856
5141 12857
5142 12858
5143 12861
5144 12862
5145 12865
5146 12872
5147 12874
5148 12886
5149 12888
5150 12894
5151 12896
5152 12897
5153 12903
5154 12905
5155 12910
5156 12915
5157 12921
5158 12929
5159 12930
5160 12931
5161 12935
5162 12937
5163 12944
5164 12945
5165 12946
5166 12948
5167 12950
5168 12952
5169 12955
5170 12956
5171 12959
5172 12968
5173 12969
5174 12976
5175 12977
5176 12986
5177 12988
5178 12992
5179 12993
5180 12994
5181 12998
5182 13001
5183 13002
5184 13003
5185 13008
5186 13011
5187 13012
5188 13013
5189 13014
5190 13018
5191 13021
5192 13024
5193 13027
5194 13031
5195 13032
5196 13038
5197 13043
5198 13044
5199 13045
5200 13046
5201 13049
5202 13050
5203 13052
5204 13053
5205 13054
5206 13060
5207 13064
5208 13066
5209 13068
5210 13071
5211 13074
5212 13076
5213 13077
5214 13080
5215 13081
5216 13083
5217 13085
5218 13087
5219 13088
5220 13090
5221 13092
5222 13094
5223 13095
5224 13096
5225 13101
5226 13103
5227 13105
5228 13110
5229 13114
5230 13120
5231 13125
5232 13126
5233 13130
5234 13131
5235 13132
5236 13133
5237 13139
5238 13140
5239 13141
5240 13143
5241 13147
5242 13148
5243 13150
5244 13153
5245 13154
5246 13156
5247 13158
5248 13159
5249 13162
5250 13165
5251 13166
5252 13168
5253 13169
5254 13170
5255 13171
5256 13173
5257 13174
5258 13175
5259 13177
5260 13180
5261 13181
5262 13184
5263 13185
5264 13186
5265 13188
5266 13191
5267 13192
5268 13193
5269 13194
5270 13199
5271 13201
5272 13202
5273 13203
5274 13206
5275 13208
5276 13211
5277 13214
5278 13219
5279 13223
5280 13225
5281 13227
5282 13234
5283 13239
5284 13241
5285 13244
5286 13245
5287 13250
5288 13251
5289 13253
5290 13256
5291 13262
5292 13263
5293 13267
5294 13274
5295 13275
5296 13278
5297 13279
5298 13280
5299 13281
5300 13283
5301 13287
5302 13288
5303 13290
5304 13291
5305 13292
5306 13293
5307 13297
5308 13298
5309 13304
5310 13307
5311 13309
5312 13310
5313 13313
5314 13321
5315 13322
5316 13323
5317 13326
5318 13327
5319 13329
5320 13332
5321 13333
5322 13334
5323 13335
5324 13336
5325 13338
5326 13340
5327 13341
5328 13342
5329 13343
5330 13345
5331 13346
5332 13349
5333 13350
5334 13351
5335 13352
5336 13355
5337 13357
5338 13358
5339 13359
5340 13361
5341 13363
5342 13364
5343 13365
5344 13366
5345 13369
5346 13372
5347 13376
5348 13381
5349 13382
5350 13384
5351 13385
5352 13388
5353 13390
5354 13392
5355 13393
5356 13394
5357 13395
5358 13397
5359 13399
5360 13406
5361 13407
5362 13411
5363 13416
5364 13417
5365 13419
5366 13422
5367 13428
5368 13429
5369 13431
5370 13432
5371 13434
5372 13436
5373 13438
5374 13440
5375 13444
5376 13445
5377 13447
5378 13449
5379 13450
5380 13451
5381 13452
5382 13453
5383 13455
5384 13456
5385 13458
5386 13465
5387 13467
5388 13468
5389 13469
5390 13470
5391 13472
5392 13474
5393 13475
5394 13479
5395 13482
5396 13483
5397 13484
5398 13489
5399 13491
5400 13493
5401 13495
5402 13496
5403 13498
5404 13501
5405 13505
5406 13506
5407 13509
5408 13512
5409 13514
5410 13524
5411 13525
5412 13526
5413 13527
5414 13529
5415 13534
5416 13540
5417 13544
5418 13545
5419 13546
5420 13547
5421 13551
5422 13553
5423 13556
5424 13562
5425 13563
5426 13566
5427 13567
5428 13568
5429 13572
5430 13573
5431 13574
5432 13575
5433 13582
5434 13594
5435 13596
5436 13597
5437 13598
5438 13600
5439 13601
5440 13603
5441 13606
5442 13607
5443 13608
5444 13611
5445 13612
5446 13614
5447 13617
5448 13620
5449 13621
5450 13626
5451 13628
5452 13630
5453 13632
5454 13635
5455 13637
5456 13638
5457 13639
5458 13642
5459 13644
5460 13648
5461 13649
5462 13652
5463 13656
5464 13661
5465 13662
5466 13663
5467 13664
5468 13666
5469 13671
5470 13675
5471 13678
5472 13679
5473 13681
5474 13682
5475 13684
5476 13687
5477 13688
5478 13689
5479 13690
5480 13696
5481 13702
5482 13703
5483 13704
5484 13707
5485 13712
5486 13713
5487 13716
5488 13717
5489 13719
5490 13720
5491 13725
5492 13727
5493 13728
5494 13730
5495 13731
5496 13733
5497 13735
5498 13736
5499 13740
5500 13742
5501 13744
5502 13746
5503 13748
5504 13749
5505 13754
5506 13758
5507 13760
5508 13767
5509 13777
5510 13778
5511 13780
5512 13782
5513 13791
5514 13794
5515 13800
5516 13803
5517 13804
5518 13807
5519 13812
5520 13814
5521 13818
5522 13821
5523 13826
5524 13830
5525 13832
5526 13833
5527 13838
5528 13840
5529 13841
5530 13842
5531 13843
5532 13844
5533 13847
5534 13848
5535 13850
5536 13851
5537 13853
5538 13854
5539 13855
5540 13858
5541 13860
5542 13868
5543 13870
5544 13871
5545 13875
5546 13880
5547 13881
5548 13887
5549 13889
5550 13892
5551 13893
5552 13895
5553 13896
5554 13897
5555 13898
5556 13900
5557 13901
5558 13910
5559 13914
5560 13918
5561 13924
5562 13925
5563 13927
5564 13930
5565 13931
5566 13936
5567 13939
5568 13940
5569 13942
5570 13943
5571 13944
5572 13945
5573 13947
5574 13949
5575 13950
5576 13952
5577 13954
5578 13959
5579 13964
5580 13966
5581 13967
5582 13970
5583 13974
5584 13978
5585 13980
5586 13981
5587 13982
5588 13984
5589 13985
5590 13986
5591 13989
5592 13991
5593 13993
5594 13994
5595 14001
5596 14004
5597 14005
5598 14007
5599 14008
5600 14009
5601 14010
5602 14016
5603 14021
5604 14023
5605 14024
5606 14026
5607 14029
5608 14030
5609 14031
5610 14032
5611 14034
5612 14044
5613 14045
5614 14057
5615 14058
5616 14060
5617 14064
5618 14068
5619 14071
5620 14072
5621 14074
5622 14075
5623 14077
5624 14079
5625 14082
5626 14084
5627 14087
5628 14090
5629 14094
5630 14096
5631 14098
5632 14101
5633 14103
5634 14105
5635 14107
5636 14108
5637 14110
5638 14111
5639 14112
5640 14115
5641 14118
5642 14120
5643 14126
5644 14127
5645 14129
5646 14130
5647 14132
5648 14133
5649 14135
5650 14136
5651 14137
5652 14138
5653 14140
5654 14141
5655 14142
5656 14143
5657 14144
5658 14145
5659 14147
5660 14149
5661 14150
5662 14163
5663 14164
5664 14165
5665 14166
5666 14168
5667 14169
5668 14172
5669 14173
5670 14175
5671 14178
5672 14179
5673 14180
5674 14181
5675 14182
5676 14183
5677 14184
5678 14189
5679 14193
5680 14194
5681 14197
5682 14199
5683 14201
5684 14207
5685 14208
5686 14214
5687 14217
5688 14218
5689 14219
5690 14220
5691 14223
5692 14226
5693 14228
5694 14234
5695 14235
5696 14240
5697 14243
5698 14244
5699 14246
5700 14248
5701 14249
5702 14251
5703 14252
5704 14253
5705 14256
5706 14257
5707 14264
5708 14268
5709 14272
5710 14280
5711 14284
5712 14286
5713 14287
5714 14288
5715 14292
5716 14293
5717 14295
5718 14298
5719 14300
5720 14303
5721 14306
5722 14307
5723 14308
5724 14311
5725 14314
5726 14321
5727 14330
5728 14332
5729 14334
5730 14338
5731 14340
5732 14341
5733 14342
5734 14343
5735 14344
5736 14345
5737 14346
5738 14348
5739 14350
5740 14351
5741 14352
5742 14356
5743 14358
5744 14361
5745 14364
5746 14367
5747 14369
5748 14371
5749 14372
5750 14374
5751 14375
5752 14377
5753 14381
5754 14382
5755 14385
5756 14386
5757 14391
5758 14392
5759 14393
5760 14395
5761 14396
5762 14399
5763 14402
5764 14403
5765 14410
5766 14411
5767 14412
5768 14413
5769 14414
5770 14416
5771 14417
5772 14418
5773 14419
5774 14420
5775 14423
5776 14428
5777 14431
5778 14436
5779 14437
5780 14438
5781 14440
5782 14441
5783 14445
5784 14459
5785 14465
5786 14467
5787 14468
5788 14469
5789 14473
5790 14474
5791 14475
5792 14478
5793 14479
5794 14482
5795 14485
5796 14487
5797 14490
5798 14492
5799 14496
5800 14498
5801 14499
5802 14501
5803 14504
5804 14507
5805 14508
5806 14512
5807 14513
5808 14514
5809 14515
5810 14517
5811 14523
5812 14526
5813 14527
5814 14532
5815 14533
5816 14536
5817 14539
5818 14541
5819 14544
5820 14550
5821 14551
5822 14553
5823 14555
5824 14556
5825 14558
5826 14559
5827 14560
5828 14561
5829 14564
5830 14565
5831 14566
5832 14567
5833 14568
5834 14569
5835 14574
5836 14575
5837 14576
5838 14578
5839 14579
5840 14582
5841 14588
5842 14593
5843 14595
5844 14597
5845 14598
5846 14599
5847 14600
5848 14605
5849 14609
5850 14610
5851 14612
5852 14613
5853 14619
5854 14622
5855 14627
5856 14630
5857 14632
5858 14633
5859 14636
5860 14637
5861 14640
5862 14641
5863 14644
5864 14647
5865 14649
5866 14652
5867 14660
5868 14661
5869 14663
5870 14667
5871 14671
5872 14674
5873 14678
5874 14679
5875 14683
5876 14684
5877 14686
5878 14687
5879 14688
5880 14689
5881 14690
5882 14691
5883 14694
5884 14698
5885 14700
5886 14703
5887 14705
5888 14708
5889 14709
5890 14713
5891 14716
5892 14717
5893 14721
5894 14723
5895 14724
5896 14727
5897 14729
5898 14732
5899 14736
5900 14740
5901 14741
5902 14743
5903 14745
5904 14747
5905 14748
5906 14749
5907 14750
5908 14753
5909 14754
5910 14756
5911 14758
5912 14759
5913 14761
5914 14763
5915 14764
5916 14771
5917 14772
5918 14776
5919 14777
5920 14782
5921 14786
5922 14788
5923 14789
5924 14794
5925 14799
5926 14802
5927 14804
5928 14806
5929 14808
5930 14811
5931 14817
5932 14819
5933 14820
5934 14822
5935 14826
5936 14830
5937 14834
5938 14836
5939 14841
5940 14846
5941 14848
5942 14850
5943 14856
5944 14859
5945 14864
5946 14865
5947 14867
5948 14868
5949 14869
5950 14870
5951 14871
5952 14872
5953 14874
5954 14875
5955 14877
5956 14880
5957 14884
5958 14885
5959 14886
5960 14889
5961 14890
5962 14891
5963 14894
5964 14895
5965 14896
5966 14898
5967 14899
5968 14900
5969 14901
5970 14903
5971 14907
5972 14908
5973 14911
5974 14914
5975 14920
5976 14922
5977 14923
5978 14924
5979 14929
5980 14935
5981 14937
5982 14938
5983 14939
5984 14944
5985 14945
5986 14946
5987 14947
5988 14950
5989 14953
5990 14954
5991 14956
5992 14962
5993 14965
5994 14969
5995 14970
5996 14971
5997 14974
5998 14977
5999 14978
6000 14980
6001 14981
6002 14989
6003 14992
6004 14993
6005 14994
6006 15004
6007 15006
6008 15008
6009 15009
6010 15010
6011 15011
6012 15012
6013 15014
6014 15015
6015 15016
6016 15017
6017 15019
6018 15022
6019 15024
6020 15027
6021 15029
6022 15030
6023 15032
6024 15033
6025 15038
6026 15042
6027 15049
6028 15053
6029 15054
6030 15064
6031 15065
6032 15067
6033 15069
6034 15075
6035 15082
6036 15083
6037 15084
6038 15085
6039 15086
6040 15087
6041 15097
6042 15104
6043 15106
6044 15107
6045 15108
6046 15109
6047 15113
6048 15114
6049 15116
6050 15117
6051 15121
6052 15122
6053 15123
6054 15124
6055 15126
6056 15128
6057 15136
6058 15138
6059 15141
6060 15142
6061 15145
6062 15146
6063 15147
6064 15149
6065 15150
6066 15152
6067 15155
6068 15157
6069 15161
6070 15162
6071 15163
6072 15164
6073 15165
6074 15170
6075 15172
6076 15176
6077 15177
6078 15180
6079 15181
6080 15183
6081 15188
6082 15190
6083 15194
6084 15199
6085 15200
6086 15201
6087 15202
6088 15203
6089 15205
6090 15210
6091 15211
6092 15213
6093 15214
6094 15215
6095 15216
6096 15217
6097 15219
6098 15223
6099 15224
6100 15225
6101 15227
6102 15228
6103 15231
6104 15232
6105 15235
6106 15240
6107 15241
6108 15245
6109 15246
6110 15252
6111 15255
6112 15256
6113 15259
6114 15260
6115 15261
6116 15264
6117 15266
6118 15270
6119 15271
6120 15272
6121 15274
6122 15280
6123 15289
6124 15291
6125 15297
6126 15298
6127 15299
6128 15303
6129 15307
6130 15308
6131 15309
6132 15311
6133 15315
6134 15317
6135 15318
6136 15321
6137 15322
6138 15323
6139 15325
6140 15327
6141 15330
6142 15331
6143 15333
6144 15335
6145 15336
6146 15339
6147 15341
6148 15345
6149 15352
6150 15356
6151 15360
6152 15361
6153 15362
6154 15366
6155 15371
6156 15372
6157 15373
6158 15374
6159 15375
6160 15378
6161 15379
6162 15384
6163 15388
6164 15389
6165 15391
6166 15392
6167 15394
6168 15395
6169 15397
6170 15402
6171 15404
6172 15405
6173 15407
6174 15409
6175 15412
6176 15414
6177 15417
6178 15418
6179 15427
6180 15428
6181 15430
6182 15436
6183 15438
6184 15440
6185 15441
6186 15444
6187 15446
6188 15447
6189 15448
6190 15451
6191 15452
6192 15454
6193 15459
6194 15461
6195 15472
6196 15473
6197 15475
6198 15477
6199 15478
6200 15481
6201 15487
6202 15488
6203 15496
6204 15499
6205 15500
6206 15502
6207 15505
6208 15510
6209 15512
6210 15514
6211 15516
6212 15519
6213 15520
6214 15532
6215 15533
6216 15534
6217 15535
6218 15537
6219 15538
6220 15539
6221 15540
6222 15546
6223 15547
6224 15549
6225 15550
6226 15551
6227 15554
6228 15557
6229 15558
6230 15559
6231 15564
6232 15565
6233 15570
6234 15573
6235 15574
6236 15576
6237 15578
6238 15582
6239 15583
6240 15584
6241 15585
6242 15595
6243 15596
6244 15602
6245 15603
6246 15604
6247 15605
6248 15606
6249 15610
6250 15614
6251 15615
6252 15616
6253 15627
6254 15630
6255 15631
6256 15633
6257 15636
6258 15638
6259 15639
6260 15641
6261 15642
6262 15644
6263 15645
6264 15646
6265 15647
6266 15649
6267 15650
6268 15652
6269 15657
6270 15659
6271 15660
6272 15661
6273 15662
6274 15666
6275 15672
6276 15674
6277 15675
6278 15676
6279 15679
6280 15682
6281 15683
6282 15684
6283 15688
6284 15698
6285 15699
6286 15700
6287 15703
6288 15705
6289 15706
6290 15707
6291 15709
6292 15713
6293 15714
6294 15725
6295 15726
6296 15732
6297 15733
6298 15741
6299 15742
6300 15743
6301 15745
6302 15749
6303 15753
6304 15756
6305 15760
6306 15762
6307 15764
6308 15766
6309 15767
6310 15771
6311 15772
6312 15778
6313 15783
6314 15784
6315 15791
6316 15792
6317 15793
6318 15799
6319 15800
6320 15803
6321 15805
6322 15807
6323 15808
6324 15810
6325 15814
6326 15817
6327 15819
6328 15822
6329 15823
6330 15824
6331 15826
6332 15828
6333 15833
6334 15834
6335 15835
6336 15837
6337 15838
6338 15839
6339 15840
6340 15842
6341 15846
6342 15847
6343 15848
6344 15852
6345 15854
6346 15857
6347 15858
6348 15860
6349 15861
6350 15864
6351 15865
6352 15866
6353 15868
6354 15869
6355 15871
6356 15878
6357 15879
6358 15880
6359 15881
6360 15882
6361 15883
6362 15887
6363 15889
6364 15891
6365 15892
6366 15893
6367 15894
6368 15895
6369 15901
6370 15903
6371 15904
6372 15906
6373 15908
6374 15911
6375 15917
6376 15925
6377 15927
6378 15928
6379 15929
6380 15930
6381 15931
6382 15932
6383 15935
6384 15939
6385 15941
6386 15942
6387 15949
6388 15950
6389 15952
6390 15954
6391 15955
6392 15957
6393 15958
6394 15959
6395 15963
6396 15964
6397 15966
6398 15967
6399 15971
6400 15975
6401 15977
6402 15978
6403 15979
6404 15982
6405 15987
6406 15991
6407 15992
6408 15993
6409 15994
6410 15995
6411 15999
6412 16000
6413 16001
6414 16003
6415 16004
6416 16008
6417 16009
6418 16010
6419 16012
6420 16015
6421 16017
6422 16019
6423 16020
6424 16021
6425 16022
6426 16024
6427 16025
6428 16029
6429 16034
6430 16036
6431 16037
6432 16038
6433 16039
6434 16044
6435 16048
6436 16049
6437 16050
6438 16051
6439 16054
6440 16056
6441 16058
6442 16059
6443 16065
6444 16070
6445 16071
6446 16077
6447 16079
6448 16080
6449 16084
6450 16086
6451 16087
6452 16089
6453 16095
6454 16096
6455 16098
6456 16099
6457 16100
6458 16101
6459 16103
6460 16104
6461 16109
6462 16113
6463 16115
6464 16117
6465 16119
6466 16126
6467 16132
6468 16133
6469 16135
6470 16136
6471 16141
6472 16142
6473 16144
6474 16146
6475 16149
6476 16151
6477 16154
6478 16155
6479 16156
6480 16163
6481 16168
6482 16169
6483 16171
6484 16172
6485 16173
6486 16177
6487 16180
6488 16182
6489 16185
6490 16190
6491 16191
6492 16195
6493 16199
6494 16200
6495 16203
6496 16208
6497 16209
6498 16210
6499 16216
6500 16217
6501 16218
6502 16220
6503 16223
6504 16224
6505 16226
6506 16228
6507 16230
6508 16233
6509 16234
6510 16236
6511 16239
6512 16241
6513 16245
6514 16249
6515 16266
6516 16270
6517 16276
6518 16278
6519 16279
6520 16281
6521 16284
6522 16286
6523 16287
6524 16291
6525 16292
6526 16295
6527 16296
6528 16298
6529 16303
6530 16304
6531 16305
6532 16308
6533 16309
6534 16310
6535 16312
6536 16315
6537 16324
6538 16326
6539 16332
6540 16337
6541 16339
6542 16340
6543 16343
6544 16345
6545 16346
6546 16348
6547 16349
6548 16360
6549 16364
6550 16366
6551 16367
6552 16368
6553 16370
6554 16371
6555 16372
6556 16373
6557 16374
6558 16378
6559 16380
6560 16386
6561 16387
6562 16391
6563 16392
6564 16397
6565 16400
6566 16406
6567 16407
6568 16408
6569 16409
6570 16410
6571 16415
6572 16421
6573 16422
6574 16423
6575 16424
6576 16427
6577 16429
6578 16437
6579 16439
6580 16440
6581 16442
6582 16443
6583 16444
6584 16446
6585 16447
6586 16455
6587 16457
6588 16458
6589 16459
6590 16466
6591 16471
6592 16472
6593 16474
6594 16476
6595 16481
6596 16483
6597 16484
6598 16487
6599 16489
6600 16492
6601 16493
6602 16495
6603 16498
6604 16502
6605 16504
6606 16505
6607 16516
6608 16517
6609 16519
6610 16522
6611 16526
6612 16527
6613 16529
6614 16531
6615 16533
6616 16538
6617 16539
6618 16540
6619 16545
6620 16547
6621 16552
6622 16558
6623 16559
6624 16561
6625 16562
6626 16563
6627 16567
6628 16568
6629 16573
6630 16578
6631 16579
6632 16580
6633 16583
6634 16585
6635 16586
6636 16589
6637 16592
6638 16594
6639 16595
6640 16599
6641 16603
6642 16605
6643 16606
6644 16608
6645 16609
6646 16610
6647 16614
6648 16619
6649 16621
6650 16622
6651 16627
6652 16629
6653 16630
6654 16631
6655 16634
6656 16635
6657 16637
6658 16639
6659 16640
6660 16642
6661 16649
6662 16650
6663 16655
6664 16660
6665 16663
6666 16664
6667 16666
6668 16671
6669 16672
6670 16673
6671 16676
6672 16678
6673 16679
6674 16682
6675 16687
6676 16689
6677 16692
6678 16697
6679 16699
6680 16702
6681 16705
6682 16714
6683 16715
6684 16717
6685 16718
6686 16721
6687 16722
6688 16723
6689 16724
6690 16725
6691 16726
6692 16728
6693 16730
6694 16731
6695 16732
6696 16733
6697 16738
6698 16740
6699 16742
6700 16744
6701 16747
6702 16748
6703 16753
6704 16757
6705 16758
6706 16759
6707 16764
6708 16768
6709 16769
6710 16773
6711 16774
6712 16776
6713 16780
6714 16782
6715 16784
6716 16785
6717 16787
6718 16788
6719 16791
6720 16793
6721 16794
6722 16797
6723 16799
6724 16802
6725 16803
6726 16804
6727 16805
6728 16806
6729 16809
6730 16814
6731 16815
6732 16816
6733 16818
6734 16822
6735 16825
6736 16826
6737 16832
6738 16834
6739 16835
6740 16836
6741 16839
6742 16845
6743 16847
6744 16849
6745 16850
6746 16851
6747 16853
6748 16854
6749 16856
6750 16858
6751 16859
6752 16861
6753 16865
6754 16866
6755 16867
6756 16868
6757 16872
6758 16874
6759 16875
6760 16878
6761 16879
6762 16881
6763 16883
6764 16890
6765 16891
6766 16892
6767 16894
6768 16902
6769 16903
6770 16904
6771 16905
6772 16907
6773 16908
6774 16909
6775 16911
6776 16912
6777 16913
6778 16915
6779 16917
6780 16918
6781 16922
6782 16924
6783 16926
6784 16927
6785 16928
6786 16929
6787 16931
6788 16932
6789 16935
6790 16936
6791 16938
6792 16939
6793 16942
6794 16948
6795 16951
6796 16952
6797 16953
6798 16954
6799 16956
6800 16959
6801 16961
6802 16964
6803 16965
6804 16973
6805 16974
6806 16976
6807 16977
6808 16978
6809 16979
6810 16984
6811 16985
6812 16991
6813 16993
6814 16997
6815 16999
6816 17004
6817 17006
6818 17008
6819 17010
6820 17012
6821 17013
6822 17015
6823 17021
6824 17029
6825 17030
6826 17031
6827 17033
6828 17037
6829 17039
6830 17040
6831 17041
6832 17042
6833 17046
6834 17048
6835 17051
6836 17054
6837 17057
6838 17062
6839 17063
6840 17065
6841 17068
6842 17069
6843 17070
6844 17071
6845 17074
6846 17075
6847 17080
6848 17081
6849 17082
6850 17084
6851 17085
6852 17088
6853 17090
6854 17091
6855 17094
6856 17095
6857 17096
6858 17098
6859 17099
6860 17100
6861 17103
6862 17106
6863 17111
6864 17114
6865 17115
6866 17117
6867 17121
6868 17123
6869 17125
6870 17127
6871 17133
6872 17134
6873 17135
6874 17137
6875 17140
6876 17141
6877 17142
6878 17147
6879 17149
6880 17154
6881 17155
6882 17156
6883 17158
6884 17160
6885 17161
6886 17166
6887 17167
6888 17171
6889 17172
6890 17175
6891 17188
6892 17191
6893 17193
6894 17197
6895 17198
6896 17200
6897 17204
6898 17206
6899 17209
6900 17210
6901 17211
6902 17214
6903 17215
6904 17218
6905 17220
6906 17221
6907 17227
6908 17229
6909 17236
6910 17237
6911 17239
6912 17241
6913 17242
6914 17243
6915 17244
6916 17246
6917 17247
6918 17252
6919 17254
6920 17258
6921 17259
6922 17267
6923 17269
6924 17271
6925 17273
6926 17275
6927 17277
6928 17279
6929 17280
6930 17282
6931 17283
6932 17284
6933 17285
6934 17289
6935 17292
6936 17294
6937 17297
6938 17303
6939 17309
6940 17312
6941 17313
6942 17315
6943 17317
6944 17319
6945 17320
6946 17322
6947 17325
6948 17326
6949 17333
6950 17336
6951 17337
6952 17338
6953 17343
6954 17347
6955 17350
6956 17351
6957 17352
6958 17353
6959 17354
6960 17355
6961 17358
6962 17359
6963 17360
6964 17364
6965 17366
6966 17370
6967 17372
6968 17377
6969 17380
6970 17382
6971 17385
6972 17386
6973 17391
6974 17392
6975 17393
6976 17395
6977 17400
6978 17401
6979 17405
6980 17407
6981 17411
6982 17412
6983 17414
6984 17415
6985 17418
6986 17419
6987 17421
6988 17424
6989 17427
6990 17429
6991 17431
6992 17434
6993 17435
6994 17437
6995 17438
6996 17442
6997 17445
6998 17446
6999 17447
7000 17453
7001 17454
7002 17457
7003 17458
7004 17459
7005 17462
7006 17470
7007 17481
7008 17485
7009 17486
7010 17488
7011 17491
7012 17492
7013 17497
7014 17501
7015 17502
7016 17503
7017 17504
7018 17512
7019 17513
7020 17516
7021 17517
7022 17519
7023 17520
7024 17521
7025 17524
7026 17525
7027 17527
7028 17530
7029 17532
7030 17534
7031 17535
7032 17537
7033 17538
7034 17540
7035 17541
7036 17542
7037 17545
7038 17551
7039 17552
7040 17556
7041 17560
7042 17574
7043 17575
7044 17576
7045 17579
7046 17580
7047 17581
7048 17583
7049 17584
7050 17586
7051 17587
7052 17592
7053 17594
7054 17598
7055 17599
7056 17601
7057 17603
7058 17608
7059 17610
7060 17611
7061 17615
7062 17618
7063 17625
7064 17626
7065 17627
7066 17628
7067 17629
7068 17631
7069 17634
7070 17638
7071 17641
7072 17644
7073 17647
7074 17650
7075 17651
7076 17652
7077 17653
7078 17656
7079 17660
7080 17661
7081 17662
7082 17663
7083 17666
7084 17667
7085 17669
7086 17671
7087 17673
7088 17674
7089 17675
7090 17677
7091 17681
7092 17687
7093 17688
7094 17690
7095 17695
7096 17699
7097 17700
7098 17701
7099 17702
7100 17703
7101 17704
7102 17705
7103 17706
7104 17710
7105 17712
7106 17714
7107 17720
7108 17723
7109 17725
7110 17726
7111 17729
7112 17730
7113 17731
7114 17734
7115 17736
7116 17738
7117 17739
7118 17741
7119 17742
7120 17743
7121 17744
7122 17745
7123 17751
7124 17754
7125 17759
7126 17765
7127 17766
7128 17767
7129 17770
7130 17772
7131 17773
7132 17775
7133 17779
7134 17780
7135 17781
7136 17783
7137 17785
7138 17786
7139 17793
7140 17794
7141 17795
7142 17797
7143 17799
7144 17801
7145 17803
7146 17806
7147 17810
7148 17812
7149 17815
7150 17817
7151 17822
7152 17824
7153 17826
7154 17827
7155 17828
7156 17829
7157 17833
7158 17834
7159 17835
7160 17837
7161 17840
7162 17842
7163 17843
7164 17846
7165 17849
7166 17851
7167 17854
7168 17855
7169 17856
7170 17857
7171 17860
7172 17861
7173 17864
7174 17865
7175 17867
7176 17878
7177 17881
7178 17885
7179 17888
7180 17890
7181 17891
7182 17894
7183 17895
7184 17896
7185 17898
7186 17903
7187 17908
7188 17914
7189 17915
7190 17916
7191 17918
7192 17923
7193 17924
7194 17926
7195 17927
7196 17928
7197 17930
7198 17931
7199 17934
7200 17935
7201 17936
7202 17938
7203 17939
7204 17940
7205 17943
7206 17945
7207 17947
7208 17949
7209 17950
7210 17953
7211 17954
7212 17957
7213 17958
7214 17960
7215 17961
7216 17963
7217 17964
7218 17969
7219 17971
7220 17972
7221 17973
7222 17979
7223 17980
7224 17983
7225 17985
7226 17988
7227 17989
7228 17994
7229 17996
7230 17998
7231 18000
7232 18001
7233 18007
7234 18010
7235 18013
7236 18015
7237 18019
7238 18021
7239 18025
7240 18028
7241 18031
7242 18033
7243 18035
7244 18039
7245 18040
7246 18041
7247 18045
7248 18048
7249 18049
7250 18050
7251 18056
7252 18062
7253 18063
7254 18064
7255 18066
7256 18072
7257 18073
7258 18074
7259 18076
7260 18077
7261 18079
7262 18083
7263 18084
7264 18086
7265 18087
7266 18092
7267 18096
7268 18099
7269 18100
7270 18104
7271 18105
7272 18106
7273 18109
7274 18110
7275 18114
7276 18123
7277 18124
7278 18126
7279 18129
7280 18132
7281 18133
7282 18134
7283 18136
7284 18137
7285 18138
7286 18139
7287 18140
7288 18146
7289 18149
7290 18150
7291 18152
7292 18153
7293 18159
7294 18162
7295 18166
7296 18170
7297 18172
7298 18173
7299 18176
7300 18185
7301 18187
7302 18189
7303 18190
7304 18191
7305 18192
7306 18196
7307 18198
7308 18203
7309 18210
7310 18212
7311 18215
7312 18216
7313 18222
7314 18227
7315 18230
7316 18231
7317 18232
7318 18236
7319 18240
7320 18242
7321 18244
7322 18245
7323 18249
7324 18250
7325 18251
7326 18255
7327 18256
7328 18257
7329 18258
7330 18259
7331 18261
7332 18262
7333 18263
7334 18264
7335 18266
7336 18268
7337 18269
7338 18271
7339 18277
7340 18279
7341 18281
7342 18282
7343 18297
7344 18299
7345 18300
7346 18301
7347 18306
7348 18307
7349 18309
7350 18311
7351 18314
7352 18315
7353 18316
7354 18317
7355 18318
7356 18319
7357 18322
7358 18327
7359 18328
7360 18329
7361 18331
7362 18332
7363 18334
7364 18336
7365 18338
7366 18342
7367 18344
7368 18345
7369 18347
7370 18349
7371 18350
7372 18351
7373 18354
7374 18358
7375 18360
7376 18366
7377 18367
7378 18369
7379 18372
7380 18373
7381 18374
7382 18380
7383 18382
7384 18385
7385 18388
7386 18392
7387 18395
7388 18397
7389 18398
7390 18400
7391 18408
7392 18409
7393 18410
7394 18415
7395 18419
7396 18424
7397 18426
7398 18430
7399 18431
7400 18434
7401 18438
7402 18440
7403 18443
7404 18445
7405 18448
7406 18449
7407 18455
7408 18457
7409 18458
7410 18459
7411 18461
7412 18462
7413 18464
7414 18465
7415 18466
7416 18469
