new_label original_label
1 74
2 75
3 76
4 77
5 78
6 79
7 80
8 81
9 82
10 93
11 94
12 95
13 96
14 97
15 98
16 99
17 100
18 101
19 102
20 103
21 104
22 105
23 106
24 107
25 108
26 109
27 110
28 111
29 112
30 113
31 114
32 115
33 116
34 117
35 118
36 119
37 120
38 122
39 136
40 137
41 139
42 147
43 148
44 149
45 150
46 151
47 152
48 153
49 154
50 155
51 156
52 157
53 158
54 159
55 162
56 163
57 164
58 165
59 166
60 167
61 168
62 169
63 171
64 172
65 173
66 174
67 175
68 178
69 181
70 186
71 188
72 189
73 190
74 191
75 192
76 193
77 194
78 196
79 197
80 199
81 200
82 201
83 202
84 203
85 204
86 205
87 206
88 207
89 208
90 209
91 210
92 211
93 212
94 213
95 225
96 226
97 227
98 228
99 229
100 230
101 231
102 232
103 233
104 235
105 236
106 241
107 244
108 245
109 246
110 248
111 249
112 250
113 251
114 252
115 253
116 254
117 255
118 256
119 257
120 258
121 259
122 260
123 261
124 262
125 263
126 265
127 266
128 267
129 271
130 272
131 273
132 274
133 275
134 276
135 277
136 278
137 279
138 280
139 281
140 282
141 283
142 284
143 285
144 286
145 302
146 313
147 327
148 336
149 337
150 338
151 339
152 340
153 345
154 346
155 347
156 348
157 349
158 372
159 373
160 374
161 375
162 376
163 377
164 383
165 384
166 385
167 386
168 387
169 388
170 389
171 390
172 391
173 392
174 393
175 394
176 395
177 396
178 397
179 398
180 399
181 400
182 401
183 402
184 403
185 404
186 405
187 406
188 407
189 408
190 409
191 410
192 411
193 412
194 413
195 414
196 415
197 416
198 417
199 418
200 419
201 433
202 434
203 435
204 436
205 437
206 438
207 439
208 440
209 441
210 442
211 443
212 444
213 445
214 446
215 447
216 448
217 449
218 450
219 451
220 452
221 463
222 464
223 465
224 466
225 467
226 468
227 469
228 470
229 471
230 472
231 484
232 485
233 486
234 487
235 488
236 489
237 490
238 491
239 492
240 493
241 494
242 495
243 496
244 497
245 498
246 499
247 500
248 501
249 502
250 503
251 515
252 516
253 517
254 518
255 519
256 522
257 523
258 524
259 525
260 526
261 527
262 528
263 529
264 530
265 531
266 532
267 533
268 534
269 535
270 536
271 537
272 538
273 539
274 540
275 541
276 542
277 543
278 544
279 545
280 546
281 554
282 555
283 560
284 561
285 562
286 563
287 564
288 566
289 567
290 568
291 569
292 570
293 571
294 572
295 573
296 597
297 598
298 599
299 600
300 601
301 602
302 603
303 604
304 605
305 606
306 607
307 608
308 609
309 610
310 611
311 612
312 613
313 614
314 615
315 618
316 619
317 620
318 621
319 622
320 623
321 624
322 625
323 626
324 630
325 631
326 632
327 634
328 635
329 636
330 637
331 639
332 645
333 646
334 647
335 656
336 657
337 659
338 660
339 661
340 662
341 663
342 664
343 665
344 666
345 667
346 668
347 669
348 670
349 671
350 672
351 687
352 688
353 689
354 690
355 691
356 692
357 693
358 694
359 695
360 716
361 717
362 718
363 719
364 720
365 721
366 722
367 723
368 724
369 725
370 726
371 727
372 728
373 729
374 730
375 731
376 732
377 733
378 762
379 763
380 766
381 767
382 768
383 769
384 770
385 771
386 772
387 778
388 779
389 780
390 782
391 783
392 784
393 785
394 786
395 787
396 788
397 789
398 790
399 791
400 793
401 794
402 795
403 796
404 797
405 798
406 799
407 800
408 801
409 802
410 803
411 806
412 823
413 824
414 825
415 826
416 827
417 828
418 829
419 830
420 831
421 832
422 833
423 834
424 835
425 836
426 837
427 838
428 839
429 840
430 841
431 843
432 844
433 845
434 846
435 847
436 848
437 849
438 858
439 859
440 860
441 861
442 862
443 863
444 864
445 865
446 866
447 867
448 868
449 869
450 870
451 871
452 872
453 873
454 874
455 875
456 876
457 877
458 878
459 879
460 880
461 881
462 882
463 883
464 884
465 885
466 886
467 887
468 891
469 896
470 906
471 907
472 908
473 909
474 910
475 911
476 912
477 913
478 914
479 915
480 916
481 917
482 918
483 919
484 920
485 921
486 922
487 923
488 924
489 925
490 926
491 941
492 942
493 943
494 944
495 956
496 957
497 958
498 959
499 960
500 961
501 962
502 963
503 964
504 965
505 966
506 980
507 981
508 982
509 983
510 986
511 987
512 988
513 989
514 990
515 991
516 992
517 993
518 994
519 995
520 996
521 1008
522 1009
523 1010
524 1018
525 1019
526 1022
527 1023
528 1024
529 1025
530 1026
531 1027
532 1028
533 1029
534 1030
535 1031
536 1044
537 1047
538 1048
539 1056
540 1057
541 1061
542 1068
543 1069
544 1070
545 1071
546 1072
547 1073
548 1074
549 1075
550 1076
551 1077
552 1091
553 1092
554 1107
555 1108
556 1114
557 1115
558 1116
559 1117
560 1118
561 1119
562 1120
563 1122
564 1123
565 1124
566 1126
567 1127
568 1128
569 1129
570 1130
571 1131
572 1132
573 1133
574 1134
575 1135
576 1136
577 1137
578 1141
579 1143
580 1150
581 1151
582 1152
583 1166
584 1167
585 1168
586 1169
587 1170
588 1171
589 1172
590 1173
591 1174
592 1177
593 1178
594 1179
595 1180
596 1181
597 1182
598 1183
599 1184
600 1185
601 1193
602 1195
603 1196
604 1197
605 1198
606 1199
607 1200
608 1201
609 1202
610 1203
611 1206
612 1207
613 1208
614 1209
615 1221
616 1223
617 1227
618 1228
619 1229
620 1230
621 1237
622 1238
623 1240
624 1254
625 1255
626 1256
627 1257
628 1258
629 1259
630 1288
631 1289
632 1290
633 1291
634 1292
635 1293
636 1294
637 1298
638 1299
639 1300
640 1301
641 1302
642 1303
643 1304
644 1305
645 1306
646 1307
647 1308
648 1310
649 1325
650 1326
651 1327
652 1328
653 1329
654 1330
655 1331
656 1334
657 1337
658 1338
659 1339
660 1343
661 1344
662 1345
663 1346
664 1347
665 1348
666 1349
667 1365
668 1389
669 1390
670 1391
671 1392
672 1404
673 1405
674 1406
675 1411
676 1412
677 1413
678 1414
679 1415
680 1420
681 1424
682 1425
683 1426
684 1445
685 1446
686 1447
687 1448
688 1449
689 1450
690 1452
691 1453
692 1454
693 1455
694 1461
695 1462
696 1463
697 1464
698 1465
699 1469
700 1489
701 1490
702 1491
703 1492
704 1493
705 1518
706 1524
707 1525
708 1526
709 1527
710 1528
711 1529
712 1530
713 1533
714 1537
715 1539
716 1541
717 1542
718 1543
719 1544
720 1545
721 1546
722 1547
723 1548
724 1549
725 1550
726 1551
727 1552
728 1553
729 1554
730 1555
731 1556
732 1557
733 1558
734 1559
735 1560
736 1561
737 1565
738 1566
739 1571
740 1574
741 1575
742 1576
743 1577
744 1579
745 1580
746 1581
747 1582
748 1583
749 1584
750 1585
751 1586
752 1587
753 1591
754 1594
755 1595
756 1596
757 1597
758 1598
759 1600
760 1601
761 1602
762 1603
763 1604
764 1605
765 1606
766 1607
767 1608
768 1609
769 1610
770 1611
771 1612
772 1613
773 1614
774 1615
775 1616
776 1617
777 1618
778 1619
779 1620
780 1621
781 1622
782 1623
783 1624
784 1625
785 1626
786 1627
787 1628
788 1629
789 1630
790 1631
791 1632
792 1633
793 1634
794 1635
795 1636
796 1637
797 1638
798 1639
799 1640
800 1641
801 1644
802 1645
803 1646
804 1647
805 1648
806 1649
807 1650
808 1651
809 1652
810 1653
811 1654
812 1655
813 1656
814 1657
815 1658
816 1659
817 1660
818 1661
819 1662
820 1665
821 1666
822 1668
823 1670
824 1689
825 1696
826 1698
827 1699
828 1700
829 1701
830 1702
831 1703
832 1704
833 1705
834 1706
835 1707
836 1711
837 1712
838 1716
839 1721
840 1722
841 1723
842 1724
843 1725
844 1726
845 1727
846 1728
847 1737
848 1740
849 1741
850 1742
851 1746
852 1749
853 1750
854 1751
855 1752
856 1754
857 1755
858 1756
859 1757
860 1758
861 1759
862 1760
863 1761
864 1762
865 1763
866 1764
867 1765
868 1766
869 1767
870 1768
871 1770
872 1771
873 1772
874 1773
875 1776
876 1777
877 1778
878 1779
879 1780
880 1781
881 1782
882 1789
883 1790
884 1791
885 1792
886 1794
887 1795
888 1796
889 1797
890 1803
891 1804
892 1806
893 1807
894 1817
895 1821
896 1823
897 1824
898 1825
899 1826
900 1827
901 1828
902 1829
903 1830
904 1831
905 1832
906 1833
907 1834
908 1835
909 1836
910 1837
911 1838
912 1839
913 1840
914 1841
915 1849
916 1857
917 1858
918 1859
919 1860
920 1861
921 1862
922 1863
923 1865
924 1866
925 1867
926 1868
927 1869
928 1870
929 1871
930 1872
931 1874
932 1875
933 1876
934 1877
935 1878
936 1879
937 1880
938 1881
939 1885
940 1886
941 1887
942 1888
943 1889
944 1890
945 1894
946 1896
947 1897
948 1898
949 1899
950 1900
951 1905
952 1906
953 1910
954 1911
955 1912
956 1920
957 1921
958 1924
959 1931
960 1932
961 1933
962 1934
963 1935
964 1936
965 1937
966 1945
967 1950
968 1951
969 1956
970 1960
971 1961
972 1962
973 1963
974 1968
975 1969
976 1970
977 1971
978 1972
979 1973
980 1974
981 1975
982 1976
983 1977
984 1978
985 1979
986 1980
987 1981
988 1982
989 1983
990 1984
991 1985
992 1986
993 1987
994 1990
995 1992
996 1993
997 1994
998 1995
999 1996
1000 1997
1001 1998
1002 1999
1003 2000
1004 2001
1005 2002
1006 2003
1007 2004
1008 2005
1009 2006
1010 2007
1011 2008
1012 2009
1013 2010
1014 2011
1015 2012
1016 2013
1017 2014
1018 2015
1019 2016
1020 2017
1021 2018
1022 2019
1023 2020
1024 2021
1025 2023
1026 2024
1027 2025
1028 2026
1029 2027
1030 2028
1031 2029
1032 2030
1033 2040
1034 2042
1035 2043
1036 2044
1037 2046
1038 2047
1039 2049
1040 2050
1041 2052
1042 2053
1043 2055
1044 2057
1045 2059
1046 2081
1047 2082
1048 2085
1049 2088
1050 2089
1051 2106
1052 2109
1053 2110
1054 2111
1055 2115
1056 2116
1057 2124
1058 2130
1059 2131
1060 2132
1061 2133
1062 2138
1063 2139
1064 2140
1065 2148
1066 2157
1067 2158
1068 2159
1069 2160
1070 2161
1071 2162
1072 2163
1073 2164
1074 2166
1075 2167
1076 2168
1077 2173
1078 2174
1079 2175
1080 2176
1081 2177
1082 2178
1083 2179
1084 2180
1085 2181
1086 2182
1087 2183
1088 2185
1089 2186
1090 2191
1091 2192
1092 2193
1093 2194
1094 2195
1095 2208
1096 2209
1097 2210
1098 2211
1099 2215
1100 2216
1101 2234
1102 2235
1103 2236
1104 2237
1105 2241
1106 2243
1107 2244
1108 2245
1109 2247
1110 2248
1111 2250
1112 2251
1113 2252
1114 2253
1115 2254
1116 2255
1117 2256
1118 2257
1119 2258
1120 2261
1121 2262
1122 2263
1123 2264
1124 2266
1125 2267
1126 2270
1127 2271
1128 2272
1129 2273
1130 2274
1131 2275
1132 2290
1133 2291
1134 2292
1135 2293
1136 2294
1137 2295
1138 2296
1139 2297
1140 2299
1141 2300
1142 2303
1143 2304
1144 2313
1145 2314
1146 2315
1147 2316
1148 2317
1149 2318
1150 2319
1151 2320
1152 2322
1153 2323
1154 2324
1155 2325
1156 2326
1157 2327
1158 2328
1159 2329
1160 2330
1161 2331
1162 2332
1163 2338
1164 2339
1165 2340
1166 2341
1167 2342
1168 2343
1169 2344
1170 2347
1171 2348
1172 2351
1173 2352
1174 2353
1175 2354
1176 2355
1177 2356
1178 2357
1179 2358
1180 2359
1181 2360
1182 2361
1183 2362
1184 2363
1185 2364
1186 2365
1187 2366
1188 2367
1189 2368
1190 2374
1191 2378
1192 2379
1193 2380
1194 2381
1195 2382
1196 2383
1197 2384
1198 2386
1199 2387
1200 2388
1201 2389
1202 2390
1203 2391
1204 2392
1205 2393
1206 2395
1207 2396
1208 2397
1209 2399
1210 2400
1211 2411
1212 2415
1213 2416
1214 2423
1215 2424
1216 2425
1217 2426
1218 2428
1219 2430
1220 2431
1221 2432
1222 2433
1223 2437
1224 2438
1225 2439
1226 2440
1227 2445
1228 2446
1229 2451
1230 2452
1231 2453
1232 2454
1233 2455
1234 2456
1235 2460
1236 2464
1237 2465
1238 2466
1239 2474
1240 2476
1241 2477
1242 2480
1243 2481
1244 2488
1245 2492
1246 2493
1247 2494
1248 2495
1249 2496
1250 2498
1251 2499
1252 2500
1253 2501
1254 2502
1255 2503
1256 2510
1257 2511
1258 2513
1259 2514
1260 2515
1261 2516
1262 2517
1263 2518
1264 2523
1265 2524
1266 2525
1267 2526
1268 2527
1269 2528
1270 2529
1271 2530
1272 2531
1273 2532
1274 2533
1275 2534
1276 2535
1277 2536
1278 2537
1279 2538
1280 2539
1281 2540
1282 2541
1283 2542
1284 2543
1285 2544
1286 2545
1287 2546
1288 2547
1289 2548
1290 2549
1291 2550
1292 2551
1293 2552
1294 2553
1295 2556
1296 2557
1297 2566
1298 2567
1299 2568
1300 2569
1301 2570
1302 2572
1303 2573
1304 2574
1305 2576
1306 2579
1307 2580
1308 2581
1309 2582
1310 2585
1311 2586
1312 2587
1313 2588
1314 2589
1315 2590
1316 2591
1317 2592
1318 2593
1319 2594
1320 2595
1321 2596
1322 2597
1323 2598
1324 2599
1325 2601
1326 2602
1327 2603
1328 2604
1329 2605
1330 2606
1331 2607
1332 2608
1333 2609
1334 2610
1335 2613
1336 2614
1337 2615
1338 2616
1339 2618
1340 2619
1341 2620
1342 2625
1343 2626
1344 2627
1345 2628
1346 2633
1347 2634
1348 2635
1349 2636
1350 2637
1351 2645
1352 2646
1353 2647
1354 2650
1355 2651
1356 2654
1357 2655
1358 2656
1359 2657
1360 2658
1361 2659
1362 2666
1363 2667
1364 2668
1365 2672
1366 2673
1367 2674
1368 2675
1369 2676
1370 2684
1371 2685
1372 2686
1373 2688
1374 2689
1375 2694
1376 2695
1377 2696
1378 2697
1379 2698
1380 2699
1381 2700
1382 2703
1383 2704
1384 2705
1385 2708
1386 2715
1387 2718
1388 2719
1389 2726
1390 2729
1391 2731
1392 2732
1393 2733
1394 2734
1395 2735
1396 2736
1397 2737
1398 2738
1399 2741
1400 2742
1401 2743
1402 2744
1403 2745
1404 2774
1405 2775
1406 2776
1407 2778
1408 2780
1409 2781
1410 2794
1411 2797
1412 2798
1413 2799
1414 2800
1415 2801
1416 2803
1417 2804
1418 2805
1419 2806
1420 2807
1421 2808
1422 2810
1423 2814
1424 2815
1425 2816
1426 2817
1427 2818
1428 2819
1429 2820
1430 2821
1431 2822
1432 2823
1433 2824
1434 2826
1435 2827
1436 2829
1437 2830
1438 2831
1439 2832
1440 2834
1441 2835
1442 2836
1443 2837
1444 2839
1445 2840
1446 2841
1447 2842
1448 2843
1449 2846
1450 2847
1451 2848
1452 2852
1453 2853
1454 2854
1455 2855
1456 2858
1457 2859
1458 2860
1459 2861
1460 2862
1461 2863
1462 2864
1463 2865
1464 2866
1465 2867
1466 2868
1467 2869
1468 2872
1469 2873
1470 2874
1471 2880
1472 2881
1473 2882
1474 2883
1475 2884
1476 2885
1477 2886
1478 2893
1479 2896
1480 2897
1481 2898
1482 2899
1483 2900
1484 2901
1485 2902
1486 2903
1487 2904
1488 2906
1489 2907
1490 2908
1491 2909
1492 2912
1493 2913
1494 2914
1495 2915
1496 2916
1497 2917
1498 2919
1499 2920
1500 2921
1501 2922
1502 2923
1503 2924
1504 2925
1505 2927
1506 2931
1507 2934
1508 2935
1509 2936
1510 2937
1511 2944
1512 2945
1513 2951
1514 2952
1515 2953
1516 2954
1517 2955
1518 2956
1519 2957
1520 2970
1521 2971
1522 2972
1523 2974
1524 2975
1525 2976
1526 2984
1527 2986
1528 2987
1529 2988
1530 2997
1531 2998
1532 2999
1533 3000
1534 3001
1535 3006
1536 3007
1537 3008
1538 3009
1539 3010
1540 3011
1541 3012
1542 3013
1543 3014
1544 3015
1545 3016
1546 3017
1547 3020
1548 3024
1549 3025
1550 3026
1551 3027
1552 3028
1553 3030
1554 3031
1555 3032
1556 3033
1557 3034
1558 3035
1559 3036
1560 3037
1561 3038
1562 3042
1563 3043
1564 3045
1565 3051
1566 3052
1567 3053
1568 3054
1569 3059
1570 3060
1571 3061
1572 3062
1573 3063
1574 3065
1575 3066
1576 3067
1577 3070
1578 3071
1579 3076
1580 3087
1581 3088
1582 3089
1583 3090
1584 3091
1585 3092
1586 3093
1587 3094
1588 3095
1589 3097
1590 3098
1591 3099
1592 3104
1593 3105
1594 3106
1595 3107
1596 3108
1597 3109
1598 3110
1599 3111
1600 3112
1601 3113
1602 3114
1603 3132
1604 3133
1605 3135
1606 3136
1607 3137
1608 3138
1609 3140
1610 3144
1611 3145
1612 3146
1613 3147
1614 3149
1615 3150
1616 3151
1617 3152
1618 3153
1619 3154
1620 3155
1621 3156
1622 3157
1623 3158
1624 3159
1625 3160
1626 3161
1627 3162
1628 3163
1629 3164
1630 3165
1631 3166
1632 3167
1633 3180
1634 3187
1635 3188
1636 3189
1637 3195
1638 3196
1639 3197
1640 3198
1641 3204
1642 3205
1643 3206
1644 3208
1645 3209
1646 3212
1647 3213
1648 3214
1649 3215
1650 3218
1651 3219
1652 3220
1653 3221
1654 3222
1655 3223
1656 3225
1657 3226
1658 3227
1659 3228
1660 3230
1661 3231
1662 3234
1663 3235
1664 3236
1665 3237
1666 3238
1667 3239
1668 3241
1669 3242
1670 3247
1671 3249
1672 3250
1673 3251
1674 3252
1675 3253
1676 3254
1677 3255
1678 3256
1679 3257
1680 3258
1681 3259
1682 3260
1683 3267
1684 3268
1685 3270
1686 3273
1687 3274
1688 3275
1689 3278
1690 3279
1691 3280
1692 3281
1693 3282
1694 3283
1695 3284
1696 3285
1697 3286
1698 3291
1699 3292
1700 3297
1701 3298
1702 3299
1703 3302
1704 3307
1705 3308
1706 3311
1707 3312
1708 3313
1709 3319
1710 3323
1711 3324
1712 3325
1713 3326
1714 3327
1715 3328
1716 3329
1717 3331
1718 3332
1719 3333
1720 3335
1721 3336
1722 3337
1723 3338
1724 3339
1725 3346
1726 3347
1727 3348
1728 3349
1729 3350
1730 3351
1731 3352
1732 3353
1733 3354
1734 3360
1735 3361
1736 3362
1737 3363
1738 3364
1739 3365
1740 3366
1741 3367
1742 3368
1743 3369
1744 3370
1745 3371
1746 3373
1747 3375
1748 3377
1749 3378
1750 3383
1751 3385
1752 3386
1753 3387
1754 3388
1755 3389
1756 3390
1757 3396
1758 3400
1759 3401
1760 3402
1761 3403
1762 3404
1763 3405
1764 3408
1765 3409
1766 3410
1767 3411
1768 3412
1769 3413
1770 3414
1771 3415
1772 3417
1773 3433
1774 3434
1775 3435
1776 3438
1777 3439
1778 3441
1779 3442
1780 3443
1781 3444
1782 3446
1783 3447
1784 3448
1785 3449
1786 3451
1787 3452
1788 3453
1789 3454
1790 3461
1791 3465
1792 3467
1793 3468
1794 3469
1795 3470
1796 3471
1797 3472
1798 3473
1799 3476
1800 3477
1801 3479
1802 3480
1803 3481
1804 3482
1805 3483
1806 3484
1807 3485
1808 3486
1809 3487
1810 3488
1811 3489
1812 3491
1813 3492
1814 3494
1815 3495
1816 3496
1817 3497
1818 3498
1819 3499
1820 3500
1821 3502
1822 3503
1823 3504
1824 3507
1825 3508
1826 3509
1827 3518
1828 3521
1829 3522
1830 3523
1831 3524
1832 3525
1833 3526
1834 3528
1835 3529
1836 3537
1837 3538
1838 3540
1839 3542
1840 3545
1841 3546
1842 3547
1843 3551
1844 3555
1845 3556
1846 3557
1847 3558
1848 3559
1849 3560
1850 3561
1851 3562
1852 3563
1853 3564
1854 3570
1855 3572
1856 3573
1857 3574
1858 3575
1859 3576
1860 3577
1861 3578
1862 3579
1863 3581
1864 3582
1865 3583
1866 3584
1867 3588
1868 3589
1869 3590
1870 3591
1871 3594
1872 3595
1873 3601
1874 3602
1875 3603
1876 3604
1877 3605
1878 3617
1879 3624
1880 3628
1881 3629
1882 3630
1883 3638
1884 3642
1885 3644
1886 3647
1887 3648
1888 3649
1889 3650
1890 3651
1891 3664
1892 3665
1893 3666
1894 3667
1895 3668
1896 3669
1897 3670
1898 3671
1899 3673
1900 3674
1901 3676
1902 3677
1903 3678
1904 3679
1905 3680
1906 3681
1907 3682
1908 3684
1909 3686
1910 3687
1911 3688
1912 3689
1913 3690
1914 3695
1915 3696
1916 3697
1917 3698
1918 3699
1919 3700
1920 3701
1921 3703
1922 3705
1923 3709
1924 3710
1925 3716
1926 3717
1927 3718
1928 3722
1929 3726
1930 3727
1931 3728
1932 3729
1933 3730
1934 3732
1935 3733
1936 3738
1937 3739
1938 3740
1939 3741
1940 3742
1941 3745
1942 3746
1943 3747
1944 3748
1945 3751
1946 3754
1947 3755
1948 3756
1949 3757
1950 3758
1951 3759
1952 3760
1953 3761
1954 3762
1955 3763
1956 3765
1957 3766
1958 3767
1959 3768
1960 3771
1961 3772
1962 3773
1963 3774
1964 3775
1965 3776
1966 3777
1967 3778
1968 3782
1969 3785
1970 3786
1971 3787
1972 3795
1973 3796
1974 3797
1975 3798
1976 3799
1977 3800
1978 3801
1979 3802
1980 3806
1981 3813
1982 3814
1983 3818
1984 3819
1985 3820
1986 3821
1987 3822
1988 3823
1989 3825
1990 3827
1991 3828
1992 3833
1993 3838
1994 3839
1995 3844
1996 3846
1997 3847
1998 3848
1999 3849
2000 3850
2001 3853
2002 3854
2003 3855
2004 3856
2005 3859
2006 3860
2007 3861
2008 3862
2009 3863
2010 3866
2011 3867
2012 3868
2013 3869
2014 3874
2015 3875
2016 3876
2017 3877
2018 3879
2019 3884
2020 3885
2021 3886
2022 3890
2023 3892
2024 3893
2025 3894
2026 3895
2027 3899
2028 3901
2029 3902
2030 3903
2031 3904
2032 3905
2033 3906
2034 3910
2035 3911
2036 3912
2037 3913
2038 3914
2039 3924
2040 3925
2041 3926
2042 3932
2043 3935
2044 3936
2045 3937
2046 3938
2047 3939
2048 3940
2049 3941
2050 3942
2051 3943
2052 3945
2053 3946
2054 3951
2055 3952
2056 3968
2057 3969
2058 3970
2059 3971
2060 3973
2061 3974
2062 3975
2063 3976
2064 3977
2065 3978
2066 3980
2067 3981
2068 3982
2069 3983
2070 3984
2071 3985
2072 3987
2073 3988
2074 3990
2075 3992
2076 3993
2077 3994
2078 3995
2079 3996
2080 3997
2081 3998
2082 3999
2083 4000
2084 4002
2085 4011
2086 4012
2087 4013
2088 4014
2089 4015
2090 4016
2091 4017
2092 4020
2093 4024
2094 4025
2095 4026
2096 4027
2097 4028
2098 4032
2099 4033
2100 4034
2101 4035
2102 4036
2103 4038
2104 4042
2105 4044
2106 4045
2107 4046
2108 4047
2109 4048
2110 4049
2111 4050
2112 4058
2113 4060
2114 4061
2115 4063
2116 4064
2117 4065
2118 4066
2119 4067
2120 4077
2121 4078
2122 4079
2123 4081
2124 4083
2125 4084
2126 4085
2127 4086
2128 4087
2129 4088
2130 4089
2131 4090
2132 4092
2133 4093
2134 4094
2135 4095
2136 4099
2137 4100
2138 4106
2139 4107
2140 4108
2141 4109
2142 4111
2143 4112
2144 4113
2145 4114
2146 4115
2147 4116
2148 4117
2149 4118
2150 4119
2151 4121
2152 4122
2153 4123
2154 4135
2155 4136
2156 4139
2157 4140
2158 4142
2159 4143
2160 4146
2161 4148
2162 4149
2163 4151
2164 4152
2165 4156
2166 4164
2167 4165
2168 4166
2169 4167
2170 4168
2171 4171
2172 4175
2173 4176
2174 4177
2175 4178
2176 4179
2177 4180
2178 4181
2179 4183
2180 4184
2181 4185
2182 4186
2183 4188
2184 4189
2185 4190
2186 4193
2187 4194
2188 4195
2189 4196
2190 4197
2191 4198
2192 4199
2193 4201
2194 4202
2195 4203
2196 4205
2197 4206
2198 4210
2199 4211
2200 4212
2201 4213
2202 4214
2203 4216
2204 4217
2205 4218
2206 4219
2207 4223
2208 4230
2209 4231
2210 4232
2211 4233
2212 4235
2213 4236
2214 4237
2215 4238
2216 4243
2217 4244
2218 4247
2219 4248
2220 4254
2221 4255
2222 4256
2223 4257
2224 4263
2225 4264
2226 4268
2227 4273
2228 4276
2229 4277
2230 4280
2231 4284
2232 4293
2233 4295
2234 4297
2235 4298
2236 4299
2237 4301
2238 4302
2239 4303
2240 4304
2241 4305
2242 4306
2243 4312
2244 4313
2245 4314
2246 4315
2247 4316
2248 4317
2249 4319
2250 4320
2251 4326
2252 4327
2253 4328
2254 4329
2255 4330
2256 4331
2257 4332
2258 4333
2259 4334
2260 4341
2261 4342
2262 4350
2263 4351
2264 4352
2265 4354
2266 4355
2267 4360
2268 4361
2269 4363
2270 4368
2271 4369
2272 4370
2273 4372
2274 4373
2275 4374
2276 4378
2277 4380
2278 4381
2279 4382
2280 4383
2281 4384
2282 4385
2283 4386
2284 4387
2285 4389
2286 4390
2287 4397
2288 4398
2289 4399
2290 4400
2291 4401
2292 4402
2293 4403
2294 4404
2295 4405
2296 4408
2297 4409
2298 4417
2299 4421
2300 4423
2301 4426
2302 4429
2303 4433
2304 4434
2305 4438
2306 4441
2307 4442
2308 4443
2309 4444
2310 4445
2311 4446
2312 4447
2313 4454
2314 4455
2315 4456
2316 4459
2317 4460
2318 4461
2319 4462
2320 4463
2321 4464
2322 4465
2323 4466
2324 4467
2325 4468
2326 4469
2327 4470
2328 4473
2329 4475
2330 4480
2331 4481
2332 4484
2333 4485
2334 4486
2335 4487
2336 4488
2337 4494
2338 4496
2339 4497
2340 4498
2341 4500
2342 4501
2343 4504
2344 4505
2345 4506
2346 4509
2347 4511
2348 4512
2349 4513
2350 4514
2351 4516
2352 4517
2353 4519
2354 4520
2355 4526
2356 4527
2357 4528
2358 4529
2359 4530
2360 4531
2361 4533
2362 4534
2363 4538
2364 4539
2365 4540
2366 4541
2367 4545
2368 4548
2369 4551
2370 4556
2371 4559
2372 4560
2373 4565
2374 4566
2375 4567
2376 4569
2377 4570
2378 4571
2379 4572
2380 4573
2381 4574
2382 4575
2383 4576
2384 4577
2385 4578
2386 4579
2387 4581
2388 4582
2389 4583
2390 4584
2391 4587
2392 4588
2393 4589
2394 4590
2395 4596
2396 4597
2397 4598
2398 4599
2399 4601
2400 4604
2401 4605
2402 4606
2403 4607
2404 4610
2405 4613
2406 4614
2407 4615
2408 4616
2409 4617
2410 4619
2411 4622
2412 4623
2413 4626
2414 4627
2415 4628
2416 4630
2417 4634
2418 4635
2419 4636
2420 4637
2421 4638
2422 4641
2423 4642
2424 4645
2425 4649
2426 4650
2427 4651
2428 4652
2429 4653
2430 4656
2431 4662
2432 4669
2433 4670
2434 4671
2435 4673
2436 4674
2437 4680
2438 4684
2439 4685
2440 4686
2441 4688
2442 4689
2443 4690
2444 4691
2445 4692
2446 4693
2447 4694
2448 4695
2449 4696
2450 4697
2451 4698
2452 4699
2453 4700
2454 4701
2455 4702
2456 4703
2457 4706
2458 4707
2459 4708
2460 4709
2461 4710
2462 4715
2463 4716
2464 4717
2465 4721
2466 4724
2467 4726
2468 4727
2469 4728
2470 4731
2471 4733
2472 4734
2473 4735
2474 4736
2475 4737
2476 4739
2477 4740
2478 4741
2479 4742
2480 4743
2481 4744
2482 4745
2483 4746
2484 4748
2485 4749
2486 4750
2487 4751
2488 4753
2489 4754
2490 4758
2491 4759
2492 4760
2493 4761
2494 4764
2495 4765
2496 4766
2497 4767
2498 4768
2499 4769
2500 4770
2501 4772
2502 4773
2503 4774
2504 4775
2505 4776
2506 4777
2507 4778
2508 4780
2509 4781
2510 4782
2511 4783
2512 4786
2513 4792
2514 4795
2515 4796
2516 4798
2517 4799
2518 4800
2519 4801
2520 4803
2521 4804
2522 4805
2523 4807
2524 4809
2525 4811
2526 4816
2527 4818
2528 4819
2529 4820
2530 4821
2531 4822
2532 4823
2533 4824
2534 4825
2535 4826
2536 4827
2537 4828
2538 4829
2539 4830
2540 4834
2541 4835
2542 4836
2543 4837
2544 4839
2545 4841
2546 4842
2547 4843
2548 4844
2549 4845
2550 4846
2551 4847
2552 4848
2553 4849
2554 4850
2555 4851
2556 4852
2557 4853
2558 4856
2559 4859
2560 4861
2561 4863
2562 4864
2563 4865
2564 4866
2565 4868
2566 4871
2567 4875
2568 4876
2569 4877
2570 4878
2571 4879
2572 4880
2573 4881
2574 4886
2575 4892
2576 4894
2577 4895
2578 4896
2579 4897
2580 4898
2581 4899
2582 4900
2583 4901
2584 4902
2585 4903
2586 4904
2587 4905
2588 4906
2589 4907
2590 4908
2591 4912
2592 4913
2593 4925
2594 4926
2595 4927
2596 4928
2597 4930
2598 4933
2599 4934
2600 4935
2601 4936
2602 4942
2603 4943
2604 4944
2605 4945
2606 4946
2607 4949
2608 4951
2609 4952
2610 4956
2611 4959
2612 4965
2613 4967
2614 4969
2615 4970
2616 4974
2617 4976
2618 4977
2619 4978
2620 4981
2621 4983
2622 4988
2623 4989
2624 4992
2625 4993
2626 4994
2627 4995
2628 4996
2629 4997
2630 4998
2631 4999
2632 5000
2633 5001
2634 5002
2635 5004
2636 5008
2637 5009
2638 5015
2639 5016
2640 5019
2641 5020
2642 5021
2643 5023
2644 5024
2645 5027
2646 5028
2647 5030
2648 5036
2649 5037
2650 5039
2651 5040
2652 5041
2653 5042
2654 5043
2655 5044
2656 5048
2657 5049
2658 5050
2659 5052
2660 5053
2661 5054
2662 5055
2663 5056
2664 5057
2665 5058
2666 5059
2667 5060
2668 5061
2669 5062
2670 5063
2671 5066
2672 5067
2673 5068
2674 5069
2675 5070
2676 5071
2677 5073
2678 5074
2679 5075
2680 5077
2681 5078
2682 5081
2683 5082
2684 5083
2685 5084
2686 5085
2687 5086
2688 5087
2689 5088
2690 5089
2691 5096
2692 5097
2693 5099
2694 5100
2695 5101
2696 5102
2697 5103
2698 5104
2699 5105
2700 5112
2701 5113
2702 5115
2703 5119
2704 5120
2705 5121
2706 5122
2707 5127
2708 5128
2709 5130
2710 5131
2711 5132
2712 5133
2713 5134
2714 5135
2715 5136
2716 5137
2717 5138
2718 5139
2719 5140
2720 5144
2721 5153
2722 5154
2723 5156
2724 5168
2725 5169
2726 5172
2727 5173
2728 5174
2729 5179
2730 5180
2731 5183
2732 5184
2733 5187
2734 5193
2735 5194
2736 5195
2737 5196
2738 5197
2739 5201
2740 5202
2741 5203
2742 5205
2743 5206
2744 5207
2745 5208
2746 5212
2747 5215
2748 5216
2749 5218
2750 5219
2751 5220
2752 5221
2753 5222
2754 5223
2755 5224
2756 5225
2757 5228
2758 5230
2759 5232
2760 5233
2761 5238
2762 5241
2763 5243
2764 5244
2765 5247
2766 5251
2767 5254
2768 5257
2769 5258
2770 5262
2771 5263
2772 5265
2773 5269
2774 5270
2775 5271
2776 5272
2777 5274
2778 5275
2779 5277
2780 5278
2781 5279
2782 5280
2783 5281
2784 5282
2785 5283
2786 5285
2787 5286
2788 5291
2789 5292
2790 5293
2791 5294
2792 5295
2793 5296
2794 5297
2795 5300
2796 5301
2797 5302
2798 5307
2799 5309
2800 5314
2801 5316
2802 5318
2803 5319
2804 5320
2805 5321
2806 5322
2807 5326
2808 5327
2809 5328
2810 5330
2811 5331
2812 5332
2813 5333
2814 5337
2815 5339
2816 5340
2817 5341
2818 5347
2819 5348
2820 5349
2821 5352
2822 5353
2823 5355
2824 5358
2825 5359
2826 5363
2827 5368
2828 5374
2829 5375
2830 5376
2831 5377
2832 5378
2833 5380
2834 5381
2835 5382
2836 5383
2837 5384
2838 5386
2839 5387
2840 5388
2841 5389
2842 5390
2843 5391
2844 5392
2845 5393
2846 5394
2847 5397
2848 5398
2849 5399
2850 5403
2851 5404
2852 5405
2853 5406
2854 5407
2855 5411
2856 5412
2857 5416
2858 5418
2859 5419
2860 5424
2861 5427
2862 5437
2863 5438
2864 5439
2865 5442
2866 5445
2867 5446
2868 5450
2869 5451
2870 5458
2871 5460
2872 5468
2873 5469
2874 5470
2875 5476
2876 5479
2877 5480
2878 5481
2879 5482
2880 5483
2881 5484
2882 5493
2883 5494
2884 5495
2885 5496
2886 5497
2887 5499
2888 5500
2889 5501
2890 5502
2891 5505
2892 5506
2893 5510
2894 5511
2895 5512
2896 5513
2897 5515
2898 5522
2899 5524
2900 5526
2901 5528
2902 5529
2903 5531
2904 5532
2905 5535
2906 5537
2907 5539
2908 5540
2909 5541
2910 5542
2911 5543
2912 5545
2913 5546
2914 5547
2915 5548
2916 5550
2917 5551
2918 5554
2919 5555
2920 5556
2921 5557
2922 5558
2923 5560
2924 5561
2925 5562
2926 5563
2927 5564
2928 5565
2929 5566
2930 5567
2931 5568
2932 5569
2933 5573
2934 5574
2935 5576
2936 5577
2937 5584
2938 5587
2939 5588
2940 5589
2941 5595
2942 5596
2943 5599
2944 5600
2945 5601
2946 5602
2947 5608
2948 5609
2949 5610
2950 5611
2951 5612
2952 5613
2953 5614
2954 5615
2955 5624
2956 5625
2957 5626
2958 5630
2959 5638
2960 5639
2961 5644
2962 5645
2963 5647
2964 5649
2965 5650
2966 5651
2967 5654
2968 5656
2969 5657
2970 5658
2971 5659
2972 5662
2973 5664
2974 5665
2975 5666
2976 5668
2977 5669
2978 5670
2979 5673
2980 5674
2981 5675
2982 5676
2983 5682
2984 5683
2985 5684
2986 5690
2987 5691
2988 5692
2989 5693
2990 5697
2991 5702
2992 5705
2993 5708
2994 5709
2995 5710
2996 5711
2997 5712
2998 5715
2999 5716
3000 5717
3001 5722
3002 5723
3003 5724
3004 5725
3005 5726
3006 5732
3007 5737
3008 5741
3009 5742
3010 5743
3011 5744
3012 5745
3013 5746
3014 5747
3015 5748
3016 5749
3017 5750
3018 5751
3019 5752
3020 5753
3021 5755
3022 5756
3023 5757
3024 5758
3025 5760
3026 5761
3027 5763
3028 5764
3029 5765
3030 5768
3031 5769
3032 5770
3033 5771
3034 5780
3035 5781
3036 5782
3037 5783
3038 5784
3039 5790
3040 5791
3041 5792
3042 5793
3043 5794
3044 5795
3045 5800
3046 5803
3047 5807
3048 5808
3049 5809
3050 5810
3051 5811
3052 5812
3053 5813
3054 5814
3055 5816
3056 5817
3057 5818
3058 5819
3059 5825
3060 5826
3061 5828
3062 5830
3063 5831
3064 5835
3065 5837
3066 5843
3067 5844
3068 5848
3069 5849
3070 5851
3071 5852
3072 5857
3073 5858
3074 5859
3075 5860
3076 5861
3077 5862
3078 5863
3079 5868
3080 5869
3081 5870
3082 5876
3083 5893
3084 5894
3085 5895
3086 5897
3087 5899
3088 5900
3089 5905
3090 5907
3091 5908
3092 5910
3093 5912
3094 5913
3095 5914
3096 5915
3097 5919
3098 5920
3099 5922
3100 5923
3101 5926
3102 5929
3103 5931
3104 5933
3105 5934
3106 5937
3107 5938
3108 5942
3109 5943
3110 5944
3111 5954
3112 5955
3113 5957
3114 5959
3115 5960
3116 5961
3117 5962
3118 5965
3119 5966
3120 5967
3121 5968
3122 5969
3123 5970
3124 5971
3125 5973
3126 5974
3127 5979
3128 5982
3129 5985
3130 5988
3131 5995
3132 5996
3133 5998
3134 5999
3135 6000
3136 6001
3137 6004
3138 6005
3139 6006
3140 6007
3141 6008
3142 6009
3143 6012
3144 6013
3145 6015
3146 6017
3147 6018
3148 6020
3149 6022
3150 6023
3151 6024
3152 6025
3153 6026
3154 6027
3155 6032
3156 6033
3157 6035
3158 6036
3159 6037
3160 6045
3161 6046
3162 6047
3163 6049
3164 6053
3165 6055
3166 6060
3167 6064
3168 6065
3169 6066
3170 6069
3171 6070
3172 6071
3173 6072
3174 6073
3175 6074
3176 6077
3177 6079
3178 6080
3179 6084
3180 6088
3181 6091
3182 6092
3183 6093
3184 6098
3185 6099
3186 6102
3187 6103
3188 6108
3189 6109
3190 6110
3191 6115
3192 6116
3193 6120
3194 6125
3195 6126
3196 6127
3197 6132
3198 6133
3199 6135
3200 6136
3201 6137
3202 6138
3203 6140
3204 6147
3205 6148
3206 6153
3207 6154
3208 6155
3209 6157
3210 6158
3211 6159
3212 6160
3213 6166
3214 6167
3215 6168
3216 6169
3217 6170
3218 6174
3219 6180
3220 6181
3221 6184
3222 6187
3223 6188
3224 6189
3225 6190
3226 6191
3227 6192
3228 6195
3229 6196
3230 6197
3231 6209
3232 6212
3233 6213
3234 6214
3235 6215
3236 6217
3237 6218
3238 6219
3239 6221
3240 6222
3241 6226
3242 6231
3243 6232
3244 6236
3245 6237
3246 6239
3247 6240
3248 6242
3249 6243
3250 6244
3251 6250
3252 6251
3253 6258
3254 6262
3255 6263
3256 6269
3257 6270
3258 6273
3259 6275
3260 6276
3261 6277
3262 6279
3263 6280
3264 6288
3265 6289
3266 6293
3267 6298
3268 6302
3269 6304
3270 6306
3271 6307
3272 6309
3273 6311
3274 6312
3275 6314
3276 6318
3277 6319
3278 6324
3279 6325
3280 6326
3281 6329
3282 6331
3283 6332
3284 6336
3285 6337
3286 6338
3287 6339
3288 6342
3289 6345
3290 6349
3291 6350
3292 6351
3293 6352
3294 6362
3295 6363
3296 6364
3297 6365
3298 6367
3299 6370
3300 6371
3301 6372
3302 6373
3303 6374
3304 6375
3305 6376
3306 6378
3307 6380
3308 6382
3309 6383
3310 6384
3311 6385
3312 6386
3313 6392
3314 6393
3315 6394
3316 6399
3317 6401
3318 6404
3319 6408
3320 6409
3321 6414
3322 6416
3323 6417
3324 6418
3325 6419
3326 6420
3327 6421
3328 6424
3329 6426
3330 6428
3331 6430
3332 6431
3333 6432
3334 6439
3335 6440
3336 6445
3337 6446
3338 6447
3339 6451
3340 6453
3341 6454
3342 6455
3343 6457
3344 6459
3345 6461
3346 6462
3347 6463
3348 6465
3349 6471
3350 6475
3351 6476
3352 6477
3353 6478
3354 6479
3355 6481
3356 6482
3357 6483
3358 6486
3359 6489
3360 6490
3361 6491
3362 6496
3363 6502
3364 6504
3365 6507
3366 6508
3367 6509
3368 6510
3369 6511
3370 6512
3371 6513
3372 6516
3373 6517
3374 6518
3375 6519
3376 6520
3377 6521
3378 6522
3379 6523
3380 6524
3381 6525
3382 6526
3383 6527
3384 6528
3385 6529
3386 6531
3387 6532
3388 6535
3389 6542
3390 6543
3391 6544
3392 6545
3393 6547
3394 6548
3395 6549
3396 6550
3397 6552
3398 6554
3399 6555
3400 6556
3401 6557
3402 6559
3403 6560
3404 6561
3405 6562
3406 6563
3407 6564
3408 6565
3409 6572
3410 6574
3411 6575
3412 6576
3413 6577
3414 6578
3415 6579
3416 6583
3417 6584
3418 6586
3419 6587
3420 6588
3421 6589
3422 6591
3423 6592
3424 6593
3425 6594
3426 6600
3427 6601
3428 6603
3429 6604
3430 6605
3431 6606
3432 6607
3433 6608
3434 6609
3435 6612
3436 6613
3437 6614
3438 6615
3439 6618
3440 6620
3441 6624
3442 6628
3443 6629
3444 6633
3445 6634
3446 6635
3447 6636
3448 6638
3449 6639
3450 6640
3451 6641
3452 6643
3453 6647
3454 6653
3455 6654
3456 6655
3457 6656
3458 6657
3459 6660
3460 6661
3461 6668
3462 6673
3463 6675
3464 6676
3465 6677
3466 6678
3467 6681
3468 6682
3469 6683
3470 6684
3471 6685
3472 6690
3473 6691
3474 6692
3475 6695
3476 6699
3477 6711
3478 6714
3479 6715
3480 6716
3481 6717
3482 6718
3483 6727
3484 6730
3485 6731
3486 6732
3487 6733
3488 6738
3489 6739
3490 6740
3491 6742
3492 6743
3493 6744
3494 6745
3495 6746
3496 6748
3497 6749
3498 6750
3499 6751
3500 6753
3501 6755
3502 6756
3503 6758
3504 6759
3505 6761
3506 6762
3507 6763
3508 6764
3509 6765
3510 6770
3511 6773
3512 6774
3513 6775
3514 6777
3515 6778
3516 6780
3517 6783
3518 6784
3519 6785
3520 6787
3521 6789
3522 6790
3523 6792
3524 6794
3525 6798
3526 6799
3527 6800
3528 6801
3529 6802
3530 6803
3531 6804
3532 6805
3533 6806
3534 6807
3535 6810
3536 6811
3537 6812
3538 6815
3539 6818
3540 6820
3541 6824
3542 6825
3543 6826
3544 6828
3545 6829
3546 6830
3547 6831
3548 6832
3549 6833
3550 6842
3551 6843
3552 6844
3553 6846
3554 6850
3555 6851
3556 6854
3557 6855
3558 6858
3559 6859
3560 6860
3561 6861
3562 6862
3563 6864
3564 6866
3565 6867
3566 6868
3567 6870
3568 6874
3569 6875
3570 6876
3571 6877
3572 6881
3573 6886
3574 6891
3575 6893
3576 6894
3577 6895
3578 6899
3579 6900
3580 6901
3581 6903
3582 6904
3583 6906
3584 6907
3585 6908
3586 6909
3587 6910
3588 6911
3589 6912
3590 6914
3591 6916
3592 6917
3593 6918
3594 6919
3595 6922
3596 6924
3597 6928
3598 6930
3599 6931
3600 6932
3601 6933
3602 6935
3603 6936
3604 6937
3605 6938
3606 6939
3607 6941
3608 6942
3609 6943
3610 6945
3611 6949
3612 6952
3613 6955
3614 6956
3615 6957
3616 6958
3617 6959
3618 6963
3619 6964
3620 6965
3621 6966
3622 6968
3623 6969
3624 6971
3625 6972
3626 6973
3627 6974
3628 6979
3629 6985
3630 6986
3631 6988
3632 6989
3633 6991
3634 6993
3635 6994
3636 6995
3637 6996
3638 6998
3639 7000
3640 7005
3641 7006
3642 7007
3643 7009
3644 7010
3645 7011
3646 7012
3647 7014
3648 7016
3649 7017
3650 7018
3651 7019
3652 7025
3653 7026
3654 7027
3655 7028
3656 7030
3657 7032
3658 7037
3659 7038
3660 7041
3661 7042
3662 7045
3663 7046
3664 7049
3665 7050
3666 7055
3667 7061
3668 7063
3669 7064
3670 7068
3671 7069
3672 7071
3673 7072
3674 7073
3675 7074
3676 7075
3677 7080
3678 7081
3679 7082
3680 7084
3681 7086
3682 7088
3683 7093
3684 7094
3685 7095
3686 7097
3687 7098
3688 7109
3689 7110
3690 7111
3691 7114
3692 7115
3693 7116
3694 7120
3695 7121
3696 7123
3697 7124
3698 7125
3699 7126
3700 7127
3701 7128
3702 7129
3703 7131
3704 7132
3705 7133
3706 7135
3707 7136
3708 7137
3709 7146
3710 7147
3711 7149
3712 7156
3713 7157
3714 7158
3715 7159
3716 7160
3717 7162
3718 7164
3719 7165
3720 7166
3721 7171
3722 7176
3723 7177
3724 7183
3725 7185
3726 7187
3727 7188
3728 7190
3729 7194
3730 7195
3731 7196
3732 7197
3733 7198
3734 7203
3735 7213
3736 7215
3737 7219
3738 7220
3739 7221
3740 7222
3741 7228
3742 7230
3743 7232
3744 7233
3745 7235
3746 7236
3747 7237
3748 7238
3749 7242
3750 7246
3751 7247
3752 7248
3753 7251
3754 7253
3755 7254
3756 7255
3757 7258
3758 7267
3759 7271
3760 7272
3761 7273
3762 7275
3763 7276
3764 7279
3765 7280
3766 7281
3767 7282
3768 7283
3769 7284
3770 7285
3771 7287
3772 7288
3773 7290
3774 7292
3775 7293
3776 7296
3777 7304
3778 7309
3779 7310
3780 7311
3781 7313
3782 7315
3783 7316
3784 7317
3785 7318
3786 7319
3787 7323
3788 7324
3789 7325
3790 7327
3791 7330
3792 7331
3793 7332
3794 7336
3795 7337
3796 7338
3797 7339
3798 7340
3799 7342
3800 7348
3801 7349
3802 7350
3803 7351
3804 7352
3805 7353
3806 7355
3807 7357
3808 7360
3809 7363
3810 7364
3811 7365
3812 7366
3813 7367
3814 7368
3815 7369
3816 7378
3817 7380
3818 7381
3819 7382
3820 7383
3821 7384
3822 7386
3823 7387
3824 7388
3825 7389
3826 7390
3827 7392
3828 7394
3829 7397
3830 7398
3831 7399
3832 7404
3833 7405
3834 7407
3835 7411
3836 7412
3837 7413
3838 7414
3839 7418
3840 7426
3841 7427
3842 7428
3843 7433
3844 7434
3845 7437
3846 7443
3847 7444
3848 7445
3849 7447
3850 7448
3851 7449
3852 7450
3853 7451
3854 7452
3855 7457
3856 7458
3857 7459
3858 7460
3859 7462
3860 7466
3861 7470
3862 7471
3863 7476
3864 7477
3865 7481
3866 7482
3867 7483
3868 7484
3869 7496
3870 7497
3871 7498
3872 7499
3873 7500
3874 7501
3875 7502
3876 7503
3877 7504
3878 7505
3879 7507
3880 7511
3881 7514
3882 7515
3883 7522
3884 7526
3885 7527
3886 7528
3887 7529
3888 7530
3889 7531
3890 7533
3891 7534
3892 7535
3893 7536
3894 7538
3895 7545
3896 7546
3897 7547
3898 7548
3899 7549
3900 7550
3901 7552
3902 7553
3903 7554
3904 7559
3905 7562
3906 7570
3907 7573
3908 7574
3909 7578
3910 7579
3911 7580
3912 7581
3913 7583
3914 7584
3915 7585
3916 7586
3917 7587
3918 7589
3919 7592
3920 7598
3921 7599
3922 7600
3923 7601
3924 7602
3925 7603
3926 7604
3927 7608
3928 7609
3929 7610
3930 7612
3931 7613
3932 7615
3933 7616
3934 7622
3935 7625
3936 7626
3937 7627
3938 7629
3939 7632
3940 7633
3941 7634
3942 7636
3943 7637
3944 7641
3945 7645
3946 7649
3947 7655
3948 7657
3949 7658
3950 7661
3951 7665
3952 7667
3953 7668
3954 7669
3955 7670
3956 7671
3957 7676
3958 7677
3959 7680
3960 7681
3961 7682
3962 7683
3963 7686
3964 7688
3965 7694
3966 7695
3967 7696
3968 7697
3969 7698
3970 7699
3971 7700
3972 7701
3973 7702
3974 7704
3975 7705
3976 7706
3977 7707
3978 7709
3979 7710
3980 7712
3981 7713
3982 7714
3983 7716
3984 7718
3985 7719
3986 7720
3987 7725
3988 7726
3989 7727
3990 7732
3991 7736
3992 7737
3993 7741
3994 7745
3995 7750
3996 7756
3997 7757
3998 7760
3999 7761
4000 7764
4001 7765
4002 7766
4003 7768
4004 7771
4005 7774
4006 7779
4007 7781
4008 7782
4009 7785
4010 7786
4011 7793
4012 7794
4013 7798
4014 7799
4015 7800
4016 7801
4017 7802
4018 7804
4019 7806
4020 7810
4021 7814
4022 7815
4023 7820
4024 7822
4025 7823
4026 7827
4027 7828
4028 7829
4029 7831
4030 7832
4031 7833
4032 7835
4033 7836
4034 7837
4035 7838
4036 7853
4037 7855
4038 7856
4039 7857
4040 7858
4041 7860
4042 7862
4043 7863
4044 7865
4045 7868
4046 7869
4047 7871
4048 7872
4049 7873
4050 7875
4051 7876
4052 7877
4053 7878
4054 7879
4055 7880
4056 7881
4057 7883
4058 7884
4059 7886
4060 7890
4061 7891
4062 7892
4063 7893
4064 7894
4065 7899
4066 7901
4067 7902
4068 7905
4069 7906
4070 7907
4071 7909
4072 7912
4073 7913
4074 7918
4075 7920
4076 7921
4077 7923
4078 7924
4079 7925
4080 7928
4081 7929
4082 7932
4083 7933
4084 7934
4085 7940
4086 7943
4087 7944
4088 7946
4089 7950
4090 7951
4091 7952
4092 7953
4093 7958
4094 7959
4095 7962
4096 7963
4097 7964
4098 7965
4099 7966
4100 7967
4101 7968
4102 7969
4103 7970
4104 7971
4105 7973
4106 7974
4107 7989
4108 7991
4109 7992
4110 7993
4111 7994
4112 7995
4113 7997
4114 7998
4115 7999
4116 8001
4117 8006
4118 8009
4119 8011
4120 8020
4121 8022
4122 8023
4123 8025
4124 8039
4125 8046
4126 8050
4127 8051
4128 8053
4129 8058
4130 8059
4131 8060
4132 8061
4133 8062
4134 8063
4135 8065
4136 8069
4137 8070
4138 8072
4139 8074
4140 8077
4141 8078
4142 8079
4143 8083
4144 8084
4145 8085
4146 8086
4147 8087
4148 8088
4149 8089
4150 8090
4151 8091
4152 8100
4153 8101
4154 8102
4155 8105
4156 8110
4157 8112
4158 8114
4159 8115
4160 8116
4161 8120
4162 8122
4163 8124
4164 8125
4165 8126
4166 8127
4167 8128
4168 8130
4169 8131
4170 8132
4171 8134
4172 8135
4173 8138
4174 8139
4175 8142
4176 8143
4177 8145
4178 8146
4179 8148
4180 8149
4181 8150
4182 8151
4183 8152
4184 8156
4185 8162
4186 8164
4187 8167
4188 8171
4189 8176
4190 8178
4191 8179
4192 8180
4193 8182
4194 8183
4195 8191
4196 8192
4197 8193
4198 8194
4199 8195
4200 8196
4201 8197
4202 8199
4203 8200
4204 8203
4205 8208
4206 8209
4207 8210
4208 8211
4209 8213
4210 8214
4211 8215
4212 8216
4213 8217
4214 8220
4215 8221
4216 8224
4217 8225
4218 8227
4219 8228
4220 8229
4221 8231
4222 8232
4223 8233
4224 8234
4225 8236
4226 8245
4227 8246
4228 8247
4229 8249
4230 8250
4231 8251
4232 8255
4233 8256
4234 8257
4235 8259
4236 8262
4237 8263
4238 8264
4239 8265
4240 8266
4241 8267
4242 8268
4243 8271
4244 8272
4245 8273
4246 8274
4247 8277
4248 8278
4249 8279
4250 8280
4251 8281
4252 8285
4253 8286
4254 8290
4255 8291
4256 8294
4257 8295
4258 8297
4259 8298
4260 8302
4261 8304
4262 8310
4263 8311
4264 8312
4265 8313
4266 8314
4267 8318
4268 8320
4269 8321
4270 8322
4271 8323
4272 8326
4273 8329
4274 8334
4275 8335
4276 8336
4277 8338
4278 8341
4279 8343
4280 8345
4281 8347
4282 8348
4283 8353
4284 8354
4285 8358
4286 8359
4287 8365
4288 8366
4289 8367
4290 8368
4291 8370
4292 8371
4293 8372
4294 8373
4295 8376
4296 8377
4297 8379
4298 8381
4299 8383
4300 8384
4301 8385
4302 8389
4303 8394
4304 8395
4305 8398
4306 8400
4307 8401
4308 8408
4309 8409
4310 8410
4311 8411
4312 8413
4313 8415
4314 8418
4315 8420
4316 8421
4317 8424
4318 8426
4319 8427
4320 8428
4321 8429
4322 8430
4323 8431
4324 8432
4325 8439
4326 8444
4327 8448
4328 8449
4329 8450
4330 8453
4331 8454
4332 8455
4333 8456
4334 8457
4335 8459
4336 8460
4337 8462
4338 8466
4339 8467
4340 8469
4341 8470
4342 8475
4343 8477
4344 8478
4345 8479
4346 8483
4347 8487
4348 8488
4349 8495
4350 8499
4351 8500
4352 8501
4353 8502
4354 8504
4355 8506
4356 8508
4357 8509
4358 8510
4359 8511
4360 8512
4361 8514
4362 8515
4363 8516
4364 8517
4365 8518
4366 8521
4367 8522
4368 8524
4369 8525
4370 8528
4371 8529
4372 8532
4373 8533
4374 8535
4375 8536
4376 8537
4377 8539
4378 8540
4379 8541
4380 8546
4381 8549
4382 8551
4383 8552
4384 8554
4385 8556
4386 8557
4387 8558
4388 8559
4389 8560
4390 8562
4391 8568
4392 8569
4393 8570
4394 8574
4395 8575
4396 8576
4397 8578
4398 8579
4399 8580
4400 8581
4401 8582
4402 8583
4403 8584
4404 8585
4405 8588
4406 8592
4407 8593
4408 8594
4409 8597
4410 8598
4411 8599
4412 8603
4413 8604
4414 8606
4415 8607
4416 8608
4417 8609
4418 8610
4419 8617
4420 8619
4421 8621
4422 8622
4423 8623
4424 8624
4425 8625
4426 8632
4427 8634
4428 8636
4429 8640
4430 8642
4431 8643
4432 8647
4433 8648
4434 8650
4435 8651
4436 8652
4437 8654
4438 8655
4439 8657
4440 8663
4441 8666
4442 8671
4443 8674
4444 8676
4445 8677
4446 8683
4447 8690
4448 8696
4449 8699
4450 8703
4451 8707
4452 8710
4453 8711
4454 8712
4455 8713
4456 8714
4457 8715
4458 8716
4459 8717
4460 8718
4461 8721
4462 8722
4463 8724
4464 8726
4465 8727
4466 8730
4467 8740
4468 8741
4469 8742
4470 8743
4471 8744
4472 8745
4473 8749
4474 8750
4475 8751
4476 8752
4477 8753
4478 8757
4479 8762
4480 8764
4481 8765
4482 8770
4483 8775
4484 8776
4485 8777
4486 8778
4487 8779
4488 8780
4489 8781
4490 8782
4491 8783
4492 8785
4493 8787
4494 8789
4495 8790
4496 8792
4497 8796
4498 8801
4499 8802
4500 8804
4501 8809
4502 8811
4503 8812
4504 8813
4505 8815
4506 8816
4507 8817
4508 8818
4509 8819
4510 8824
4511 8825
4512 8826
4513 8830
4514 8832
4515 8833
4516 8834
4517 8837
4518 8838
4519 8839
4520 8840
4521 8842
4522 8843
4523 8845
4524 8849
4525 8851
4526 8852
4527 8853
4528 8854
4529 8855
4530 8856
4531 8858
4532 8859
4533 8860
4534 8861
4535 8866
4536 8867
4537 8871
4538 8872
4539 8873
4540 8874
4541 8875
4542 8876
4543 8877
4544 8878
4545 8882
4546 8885
4547 8886
4548 8889
4549 8891
4550 8892
4551 8893
4552 8896
4553 8897
4554 8898
4555 8899
4556 8902
4557 8904
4558 8907
4559 8909
4560 8912
4561 8913
4562 8914
4563 8915
4564 8916
4565 8917
4566 8918
4567 8919
4568 8921
4569 8922
4570 8923
4571 8925
4572 8927
4573 8928
4574 8932
4575 8933
4576 8934
4577 8941
4578 8942
4579 8943
4580 8944
4581 8945
4582 8946
4583 8947
4584 8948
4585 8949
4586 8955
4587 8956
4588 8959
4589 8963
4590 8964
4591 8966
4592 8968
4593 8969
4594 8971
4595 8972
4596 8974
4597 8978
4598 8980
4599 8982
4600 8986
4601 8988
4602 8989
4603 8992
4604 8993
4605 8994
4606 8998
4607 8999
4608 9000
4609 9001
4610 9005
4611 9008
4612 9011
4613 9012
4614 9013
4615 9015
4616 9016
4617 9017
4618 9021
4619 9026
4620 9029
4621 9030
4622 9033
4623 9038
4624 9039
4625 9040
4626 9043
4627 9044
4628 9051
4629 9055
4630 9056
4631 9059
4632 9060
4633 9069
4634 9070
4635 9071
4636 9072
4637 9073
4638 9074
4639 9078
4640 9079
4641 9080
4642 9081
4643 9084
4644 9086
4645 9091
4646 9095
4647 9096
4648 9097
4649 9100
4650 9102
4651 9103
4652 9104
4653 9105
4654 9106
4655 9107
4656 9109
4657 9111
4658 9112
4659 9116
4660 9118
4661 9123
4662 9124
4663 9129
4664 9131
4665 9145
4666 9146
4667 9148
4668 9150
4669 9151
4670 9152
4671 9154
4672 9156
4673 9160
4674 9161
4675 9162
4676 9163
4677 9165
4678 9167
4679 9169
4680 9170
4681 9171
4682 9173
4683 9176
4684 9177
4685 9180
4686 9182
4687 9183
4688 9185
4689 9186
4690 9188
4691 9190
4692 9191
4693 9192
4694 9194
4695 9195
4696 9197
4697 9198
4698 9200
4699 9201
4700 9203
4701 9204
4702 9205
4703 9207
4704 9212
4705 9218
4706 9219
4707 9220
4708 9227
4709 9228
4710 9229
4711 9231
4712 9232
4713 9233
4714 9237
4715 9240
4716 9242
4717 9243
4718 9244
4719 9245
4720 9246
4721 9248
4722 9253
4723 9254
4724 9255
4725 9256
4726 9258
4727 9259
4728 9260
4729 9270
4730 9271
4731 9272
4732 9273
4733 9274
4734 9277
4735 9281
4736 9283
4737 9285
4738 9286
4739 9287
4740 9288
4741 9290
4742 9292
4743 9293
4744 9296
4745 9300
4746 9301
4747 9302
4748 9303
4749 9305
4750 9306
4751 9310
4752 9311
4753 9312
4754 9315
4755 9316
4756 9317
4757 9318
4758 9319
4759 9320
4760 9324
4761 9328
4762 9329
4763 9330
4764 9333
4765 9337
4766 9342
4767 9343
4768 9345
4769 9349
4770 9350
4771 9351
4772 9353
4773 9354
4774 9361
4775 9363
4776 9364
4777 9365
4778 9366
4779 9367
4780 9369
4781 9373
4782 9378
4783 9380
4784 9382
4785 9383
4786 9386
4787 9387
4788 9389
4789 9390
4790 9394
4791 9395
4792 9396
4793 9397
4794 9398
4795 9399
4796 9400
4797 9401
4798 9404
4799 9405
4800 9406
4801 9408
4802 9409
4803 9410
4804 9412
4805 9413
4806 9414
4807 9416
4808 9419
4809 9423
4810 9425
4811 9428
4812 9429
4813 9430
4814 9431
4815 9433
4816 9434
4817 9435
4818 9436
4819 9437
4820 9438
4821 9442
4822 9443
4823 9444
4824 9445
4825 9449
4826 9450
4827 9457
4828 9460
4829 9465
4830 9466
4831 9469
4832 9470
4833 9474
4834 9475
4835 9476
4836 9478
4837 9479
4838 9480
4839 9481
4840 9482
4841 9488
4842 9492
4843 9493
4844 9495
4845 9496
4846 9497
4847 9498
4848 9500
4849 9503
4850 9504
4851 9506
4852 9507
4853 9509
4854 9510
4855 9511
4856 9516
4857 9519
4858 9520
4859 9521
4860 9523
4861 9524
4862 9525
4863 9526
4864 9530
4865 9532
4866 9533
4867 9534
4868 9535
4869 9537
4870 9539
4871 9542
4872 9543
4873 9544
4874 9546
4875 9547
4876 9548
4877 9549
4878 9550
4879 9553
4880 9555
4881 9556
4882 9560
4883 9561
4884 9562
4885 9566
4886 9567
4887 9568
4888 9569
4889 9570
4890 9573
4891 9575
4892 9576
4893 9579
4894 9580
4895 9583
4896 9584
4897 9585
4898 9589
4899 9593
4900 9596
4901 9599
4902 9600
4903 9601
4904 9603
4905 9604
4906 9605
4907 9607
4908 9616
4909 9617
4910 9618
4911 9620
4912 9622
4913 9624
4914 9625
4915 9626
4916 9627
4917 9630
4918 9631
4919 9633
4920 9634
4921 9635
4922 9636
4923 9641
4924 9642
4925 9643
4926 9645
4927 9647
4928 9648
4929 9651
4930 9652
4931 9653
4932 9654
4933 9655
4934 9656
4935 9659
4936 9660
4937 9661
4938 9663
4939 9666
4940 9670
4941 9672
4942 9675
4943 9677
4944 9681
4945 9682
4946 9683
4947 9687
4948 9688
4949 9690
4950 9696
4951 9697
4952 9700
4953 9702
4954 9703
4955 9707
4956 9708
4957 9709
4958 9711
4959 9712
4960 9713
4961 9714
4962 9716
4963 9719
4964 9720
4965 9722
4966 9724
4967 9728
4968 9730
4969 9732
4970 9735
4971 9736
4972 9737
4973 9738
4974 9739
4975 9741
4976 9743
4977 9744
4978 9745
4979 9746
4980 9749
4981 9751
4982 9752
4983 9754
4984 9755
4985 9759
4986 9760
4987 9764
4988 9765
4989 9766
4990 9767
4991 9770
4992 9772
4993 9774
4994 9776
4995 9781
4996 9783
4997 9784
4998 9785
4999 9789
5000 9792
5001 9793
5002 9794
5003 9795
5004 9796
5005 9799
5006 9800
5007 9801
5008 9802
5009 9806
5010 9807
5011 9809
5012 9812
5013 9813
5014 9818
5015 9819
5016 9820
5017 9821
5018 9822
5019 9825
5020 9831
5021 9832
5022 9833
5023 9834
5024 9839
5025 9842
5026 9846
5027 9847
5028 9848
5029 9849
5030 9850
5031 9854
5032 9856
5033 9858
5034 9859
5035 9860
5036 9862
5037 9864
5038 9865
5039 9866
5040 9867
5041 9868
5042 9869
5043 9871
5044 9873
5045 9874
5046 9879
5047 9880
5048 9881
5049 9883
5050 9884
5051 9885
5052 9888
5053 9889
5054 9890
5055 9893
5056 9895
5057 9896
5058 9898
5059 9899
5060 9900
5061 9902
5062 9904
5063 9905
5064 9906
5065 9909
5066 9911
5067 9912
5068 9916
5069 9920
5070 9924
5071 9926
5072 9928
5073 9929
5074 9930
5075 9934
5076 9937
5077 9938
5078 9945
5079 9948
5080 9951
5081 9956
5082 9961
5083 9967
5084 9968
5085 9972
5086 9975
5087 9976
5088 9980
5089 9981
5090 9987
5091 9990
5092 9994
5093 9997
5094 9998
5095 10001
5096 10004
5097 10005
5098 10009
5099 10011
5100 10012
5101 10015
5102 10016
5103 10018
5104 10022
5105 10023
5106 10027
5107 10029
5108 10030
5109 10031
5110 10034
5111 10036
5112 10040
5113 10041
5114 10042
5115 10043
5116 10044
5117 10047
5118 10048
5119 10050
5120 10051
5121 10053
5122 10055
5123 10056
5124 10057
5125 10058
5126 10065
5127 10066
5128 10068
5129 10073
5130 10074
5131 10080
5132 10092
5133 10093
5134 10095
5135 10096
5136 10100
5137 10101
5138 10102
5139 10107
5140 10108
5141 10109
5142 10112
5143 10113
5144 10114
5145 10115
5146 10119
5147 10120
5148 10121
5149 10128
5150 10129
5151 10130
5152 10132
5153 10137
5154 10138
5155 10143
5156 10145
5157 10149
5158 10150
5159 10151
5160 10153
5161 10155
5162 10158
5163 10160
5164 10161
5165 10162
5166 10163
5167 10166
5168 10173
5169 10174
5170 10175
5171 10177
5172 10178
5173 10180
5174 10184
5175 10185
5176 10186
5177 10189
5178 10191
5179 10192
5180 10193
5181 10200
5182 10201
5183 10203
5184 10204
5185 10205
5186 10206
5187 10207
5188 10208
5189 10209
5190 10210
5191 10211
5192 10212
5193 10213
5194 10218
5195 10219
5196 10227
5197 10229
5198 10234
5199 10235
5200 10238
5201 10239
5202 10241
5203 10246
5204 10248
5205 10249
5206 10250
5207 10251
5208 10252
5209 10253
5210 10254
5211 10255
5212 10256
5213 10257
5214 10259
5215 10260
5216 10261
5217 10264
5218 10273
5219 10275
5220 10276
5221 10280
5222 10281
5223 10283
5224 10285
5225 10286
5226 10287
5227 10288
5228 10290
5229 10291
5230 10292
5231 10293
5232 10295
5233 10296
5234 10298
5235 10300
5236 10303
5237 10306
5238 10308
5239 10310
5240 10314
5241 10316
5242 10319
5243 10320
5244 10322
5245 10323
5246 10324
5247 10325
5248 10331
5249 10332
5250 10335
5251 10336
5252 10337
5253 10338
5254 10339
5255 10347
5256 10349
5257 10351
5258 10352
5259 10354
5260 10356
5261 10361
5262 10363
5263 10364
5264 10365
5265 10366
5266 10367
5267 10369
5268 10370
5269 10371
5270 10372
5271 10374
5272 10375
5273 10376
5274 10377
5275 10379
5276 10381
5277 10382
5278 10383
5279 10385
5280 10387
5281 10388
5282 10389
5283 10390
5284 10392
5285 10393
5286 10394
5287 10395
5288 10396
5289 10402
5290 10405
5291 10406
5292 10407
5293 10410
5294 10412
5295 10413
5296 10416
5297 10417
5298 10420
5299 10421
5300 10422
5301 10426
5302 10433
5303 10434
5304 10435
5305 10437
5306 10439
5307 10440
5308 10441
5309 10442
5310 10444
5311 10445
5312 10450
5313 10451
5314 10452
5315 10455
5316 10458
5317 10463
5318 10464
5319 10466
5320 10467
5321 10468
5322 10469
5323 10470
5324 10471
5325 10472
5326 10479
5327 10484
5328 10486
5329 10487
5330 10488
5331 10491
5332 10492
5333 10493
5334 10494
5335 10495
5336 10496
5337 10497
5338 10498
5339 10500
5340 10505
5341 10506
5342 10508
5343 10511
5344 10512
5345 10513
5346 10514
5347 10516
5348 10517
5349 10518
5350 10519
5351 10520
5352 10522
5353 10524
5354 10525
5355 10527
5356 10529
5357 10530
5358 10533
5359 10534
5360 10536
5361 10538
5362 10545
5363 10546
5364 10547
5365 10550
5366 10552
5367 10554
5368 10556
5369 10557
5370 10558
5371 10559
5372 10561
5373 10562
5374 10565
5375 10567
5376 10573
5377 10576
5378 10578
5379 10579
5380 10580
5381 10581
5382 10584
5383 10591
5384 10592
5385 10593
5386 10594
5387 10596
5388 10598
5389 10600
5390 10601
5391 10605
5392 10606
5393 10607
5394 10609
5395 10610
5396 10611
5397 10613
5398 10615
5399 10618
5400 10620
5401 10621
5402 10627
5403 10630
5404 10632
5405 10635
5406 10636
5407 10637
5408 10638
5409 10639
5410 10641
5411 10644
5412 10646
5413 10648
5414 10649
5415 10650
5416 10653
5417 10656
5418 10659
5419 10661
5420 10662
5421 10664
5422 10666
5423 10668
5424 10670
5425 10671
5426 10672
5427 10676
5428 10677
5429 10678
5430 10680
5431 10681
5432 10682
5433 10683
5434 10684
5435 10685
5436 10688
5437 10689
5438 10690
5439 10692
5440 10693
5441 10694
5442 10698
5443 10700
5444 10701
5445 10702
5446 10705
5447 10706
5448 10711
5449 10712
5450 10713
5451 10716
5452 10721
5453 10724
5454 10725
5455 10728
5456 10729
5457 10734
5458 10735
5459 10736
5460 10737
5461 10738
5462 10739
5463 10741
5464 10742
5465 10743
5466 10744
5467 10746
5468 10748
5469 10751
5470 10755
5471 10756
5472 10758
5473 10759
5474 10760
5475 10761
5476 10764
5477 10765
5478 10766
5479 10767
5480 10768
5481 10769
5482 10770
5483 10771
5484 10773
5485 10774
5486 10778
5487 10779
5488 10785
5489 10786
5490 10787
5491 10791
5492 10794
5493 10795
5494 10796
5495 10797
5496 10800
5497 10802
5498 10803
5499 10807
5500 10808
5501 10812
5502 10813
5503 10814
5504 10815
5505 10818
5506 10826
5507 10828
5508 10829
5509 10833
5510 10834
5511 10837
5512 10838
5513 10839
5514 10842
5515 10843
5516 10844
5517 10846
5518 10847
5519 10853
5520 10854
5521 10858
5522 10859
5523 10861
5524 10864
5525 10865
5526 10866
5527 10867
5528 10875
5529 10876
5530 10881
5531 10883
5532 10886
5533 10888
5534 10889
5535 10890
5536 10891
5537 10892
5538 10893
5539 10894
5540 10895
5541 10896
5542 10897
5543 10898
5544 10901
5545 10904
5546 10906
5547 10907
5548 10909
5549 10912
5550 10916
5551 10918
5552 10919
5553 10920
5554 10922
5555 10927
5556 10928
5557 10930
5558 10932
5559 10934
5560 10935
5561 10936
5562 10937
5563 10939
5564 10940
5565 10943
5566 10944
5567 10945
5568 10949
5569 10950
5570 10951
5571 10952
5572 10954
5573 10955
5574 10958
5575 10960
5576 10963
5577 10966
5578 10968
5579 10969
5580 10971
5581 10972
5582 10973
5583 10975
5584 10976
5585 10977
5586 10981
5587 10982
5588 10983
5589 10984
5590 10985
5591 10988
5592 10991
5593 10994
5594 11002
5595 11003
5596 11007
5597 11010
5598 11011
5599 11016
5600 11018
5601 11019
5602 11020
5603 11022
5604 11024
5605 11027
5606 11029
5607 11036
5608 11037
5609 11039
5610 11041
5611 11043
5612 11047
5613 11050
5614 11051
5615 11054
5616 11055
5617 11057
5618 11059
5619 11060
5620 11061
5621 11062
5622 11063
5623 11065
5624 11067
5625 11069
5626 11072
5627 11073
5628 11074
5629 11075
5630 11079
5631 11080
5632 11081
5633 11086
5634 11088
5635 11090
5636 11092
5637 11093
5638 11094
5639 11097
5640 11098
5641 11100
5642 11101
5643 11104
5644 11105
5645 11112
5646 11116
5647 11117
5648 11123
5649 11125
5650 11126
5651 11127
5652 11131
5653 11134
5654 11136
5655 11137
5656 11139
5657 11140
5658 11141
5659 11142
5660 11146
5661 11150
5662 11151
5663 11152
5664 11153
5665 11154
5666 11155
5667 11159
5668 11161
5669 11165
5670 11167
5671 11168
5672 11170
5673 11171
5674 11174
5675 11176
5676 11177
5677 11178
5678 11180
5679 11182
5680 11183
5681 11184
5682 11185
5683 11186
5684 11189
5685 11192
5686 11194
5687 11195
5688 11197
5689 11198
5690 11199
5691 11205
5692 11214
5693 11215
5694 11217
5695 11221
5696 11223
5697 11225
5698 11226
5699 11228
5700 11230
5701 11232
5702 11235
5703 11237
5704 11238
5705 11239
5706 11242
5707 11243
5708 11246
5709 11249
5710 11250
5711 11251
5712 11252
5713 11254
5714 11256
5715 11260
5716 11261
5717 11262
5718 11265
5719 11266
5720 11268
5721 11270
5722 11274
5723 11281
5724 11282
5725 11285
5726 11286
5727 11288
5728 11290
5729 11292
5730 11293
5731 11296
5732 11298
5733 11299
5734 11300
5735 11301
5736 11304
5737 11307
5738 11308
5739 11309
5740 11311
5741 11312
5742 11313
5743 11314
5744 11316
5745 11317
5746 11320
5747 11321
5748 11322
5749 11323
5750 11324
5751 11328
5752 11329
5753 11330
5754 11336
5755 11337
5756 11339
5757 11342
5758 11344
5759 11346
5760 11347
5761 11350
5762 11351
5763 11352
5764 11361
5765 11362
5766 11363
5767 11365
5768 11367
5769 11368
5770 11372
5771 11373
5772 11375
5773 11376
5774 11377
5775 11379
5776 11381
5777 11383
5778 11384
5779 11389
5780 11391
5781 11392
5782 11393
5783 11395
5784 11400
5785 11403
5786 11405
5787 11407
5788 11409
5789 11410
5790 11412
5791 11413
5792 11418
5793 11419
5794 11420
5795 11421
5796 11426
5797 11427
5798 11428
5799 11429
5800 11432
5801 11435
5802 11439
5803 11440
5804 11442
5805 11443
5806 11446
5807 11449
5808 11451
5809 11456
5810 11458
5811 11459
5812 11460
5813 11463
5814 11469
5815 11471
5816 11473
5817 11474
5818 11475
5819 11482
5820 11488
5821 11489
5822 11493
5823 11494
5824 11497
5825 11500
5826 11501
5827 11507
5828 11509
5829 11511
5830 11514
5831 11515
5832 11516
5833 11517
5834 11518
5835 11519
5836 11521
5837 11523
5838 11530
5839 11535
5840 11537
5841 11540
5842 11542
5843 11544
5844 11545
5845 11549
5846 11550
5847 11551
5848 11554
5849 11555
5850 11556
5851 11558
5852 11559
5853 11563
5854 11564
5855 11567
5856 11570
5857 11571
5858 11572
5859 11573
5860 11575
5861 11576
5862 11577
5863 11578
5864 11579
5865 11581
5866 11582
5867 11585
5868 11586
5869 11587
5870 11588
5871 11589
5872 11590
5873 11592
5874 11596
5875 11598
5876 11599
5877 11604
5878 11608
5879 11612
5880 11614
5881 11615
5882 11616
5883 11617
5884 11619
5885 11620
5886 11621
5887 11622
5888 11623
5889 11624
5890 11626
5891 11629
5892 11632
5893 11633
5894 11636
5895 11638
5896 11639
5897 11641
5898 11642
5899 11644
5900 11645
5901 11649
5902 11652
5903 11659
5904 11660
5905 11661
5906 11664
5907 11665
5908 11667
5909 11672
5910 11673
5911 11674
5912 11677
5913 11681
5914 11683
5915 11684
5916 11690
5917 11691
5918 11693
5919 11694
5920 11696
5921 11699
5922 11700
5923 11702
5924 11704
5925 11706
5926 11707
5927 11710
5928 11713
5929 11714
5930 11716
5931 11717
5932 11719
5933 11721
5934 11722
5935 11723
5936 11727
5937 11728
5938 11729
5939 11730
5940 11731
5941 11732
5942 11733
5943 11734
5944 11735
5945 11737
5946 11741
5947 11742
5948 11744
5949 11745
5950 11754
5951 11758
5952 11760
5953 11761
5954 11762
5955 11764
5956 11765
5957 11771
5958 11773
5959 11774
5960 11777
5961 11779
5962 11780
5963 11781
5964 11782
5965 11783
5966 11784
5967 11786
5968 11787
5969 11789
5970 11790
5971 11791
5972 11795
5973 11802
5974 11810
5975 11815
5976 11816
5977 11818
5978 11819
5979 11820
5980 11822
5981 11824
5982 11825
5983 11828
5984 11830
5985 11837
5986 11838
5987 11839
5988 11842
5989 11843
5990 11844
5991 11845
5992 11846
5993 11850
5994 11852
5995 11854
5996 11858
5997 11860
5998 11861
5999 11864
6000 11866
6001 11867
6002 11869
6003 11870
6004 11873
6005 11874
6006 11876
6007 11877
6008 11878
6009 11879
6010 11884
6011 11891
6012 11897
6013 11899
6014 11901
6015 11902
6016 11903
6017 11904
6018 11905
6019 11908
6020 11909
6021 11910
6022 11911
6023 11917
6024 11919
6025 11920
6026 11921
6027 11925
6028 11926
6029 11931
6030 11933
6031 11934
6032 11935
6033 11943
6034 11952
6035 11953
6036 11955
6037 11956
6038 11957
6039 11960
6040 11961
6041 11970
6042 11971
6043 11975
6044 11976
6045 11977
6046 11979
6047 11982
6048 11983
6049 11984
6050 11985
6051 11988
6052 11990
6053 11993
6054 11998
6055 12003
6056 12004
6057 12005
6058 12007
6059 12008
6060 12009
6061 12010
6062 12012
6063 12013
6064 12022
6065 12025
6066 12026
6067 12027
6068 12028
6069 12037
6070 12039
6071 12041
6072 12043
6073 12045
6074 12046
6075 12047
6076 12048
6077 12051
6078 12057
6079 12058
6080 12062
6081 12066
6082 12067
6083 12068
6084 12069
6085 12070
6086 12072
6087 12073
6088 12074
6089 12076
6090 12078
6091 12080
6092 12086
6093 12087
6094 12088
6095 12092
6096 12093
6097 12097
6098 12100
6099 12101
6100 12102
6101 12104
6102 12105
6103 12113
6104 12114
6105 12115
6106 12116
6107 12118
6108 12121
6109 12122
6110 12124
6111 12126
6112 12132
6113 12137
6114 12139
6115 12141
6116 12144
6117 12149
6118 12150
6119 12151
6120 12153
6121 12154
6122 12155
6123 12156
6124 12157
6125 12164
6126 12165
6127 12168
6128 12171
6129 12172
6130 12173
6131 12175
6132 12178
6133 12179
6134 12180
6135 12181
6136 12183
6137 12184
6138 12186
6139 12187
6140 12188
6141 12192
6142 12193
6143 12196
6144 12198
6145 12199
6146 12203
6147 12204
6148 12205
6149 12209
6150 12213
6151 12214
6152 12216
6153 12217
6154 12219
6155 12222
6156 12230
6157 12233
6158 12234
6159 12235
6160 12240
6161 12249
6162 12250
6163 12251
6164 12252
6165 12256
6166 12259
6167 12262
6168 12265
6169 12272
6170 12273
6171 12274
6172 12275
6173 12277
6174 12278
6175 12279
6176 12281
6177 12282
6178 12284
6179 12288
6180 12289
6181 12290
6182 12291
6183 12294
6184 12295
6185 12296
6186 12297
6187 12298
6188 12302
6189 12304
6190 12306
6191 12308
6192 12311
6193 12312
6194 12314
6195 12316
6196 12318
6197 12321
6198 12322
6199 12325
6200 12326
6201 12330
6202 12332
6203 12333
6204 12335
6205 12336
6206 12339
6207 12342
6208 12348
6209 12349
6210 12350
6211 12351
6212 12352
6213 12353
6214 12354
6215 12356
6216 12358
6217 12360
6218 12365
6219 12366
6220 12368
6221 12369
6222 12371
6223 12372
6224 12373
6225 12378
6226 12380
6227 12381
6228 12382
6229 12383
6230 12386
6231 12388
6232 12392
6233 12395
6234 12396
6235 12399
6236 12401
6237 12402
6238 12407
6239 12411
6240 12412
6241 12413
6242 12415
6243 12416
6244 12420
6245 12421
6246 12422
6247 12423
6248 12427
6249 12430
6250 12431
6251 12434
6252 12436
6253 12438
6254 12442
6255 12443
6256 12444
6257 12447
6258 12449
6259 12451
6260 12454
6261 12455
6262 12459
6263 12464
6264 12465
6265 12466
6266 12469
6267 12472
6268 12477
6269 12479
6270 12484
6271 12486
6272 12487
6273 12491
6274 12492
6275 12493
6276 12494
6277 12495
6278 12496
6279 12498
6280 12500
6281 12501
6282 12504
6283 12507
6284 12511
6285 12512
6286 12513
6287 12516
6288 12522
6289 12524
6290 12525
6291 12526
6292 12528
6293 12529
6294 12530
6295 12534
6296 12535
6297 12537
6298 12548
6299 12549
6300 12550
6301 12551
6302 12555
6303 12556
6304 12557
6305 12561
6306 12562
6307 12563
6308 12564
6309 12565
6310 12566
6311 12570
6312 12572
6313 12577
6314 12579
6315 12589
6316 12590
6317 12593
6318 12594
6319 12595
6320 12597
6321 12599
6322 12600
6323 12605
6324 12606
6325 12607
6326 12608
6327 12609
6328 12611
6329 12612
6330 12613
6331 12617
6332 12618
6333 12620
6334 12621
6335 12622
6336 12623
6337 12624
6338 12625
6339 12627
6340 12633
6341 12636
6342 12637
6343 12638
6344 12639
6345 12641
6346 12645
6347 12647
6348 12648
6349 12649
6350 12650
6351 12651
6352 12655
6353 12656
6354 12657
6355 12659
6356 12660
6357 12664
6358 12665
6359 12667
6360 12668
6361 12669
6362 12671
6363 12672
6364 12673
6365 12676
6366 12680
6367 12683
6368 12684
6369 12687
6370 12690
6371 12691
6372 12693
6373 12694
6374 12697
6375 12698
6376 12699
6377 12700
6378 12701
6379 12704
6380 12708
6381 12710
6382 12711
6383 12714
6384 12715
6385 12718
6386 12722
6387 12724
6388 12726
6389 12727
6390 12729
6391 12730
6392 12733
6393 12735
6394 12736
6395 12737
6396 12740
6397 12741
6398 12742
6399 12743
6400 12744
6401 12747
6402 12756
6403 12757
6404 12758
6405 12759
6406 12760
6407 12761
6408 12763
6409 12764
6410 12765
6411 12766
6412 12767
6413 12768
6414 12771
6415 12773
6416 12775
6417 12777
6418 12782
6419 12785
6420 12786
6421 12788
6422 12789
6423 12791
6424 12793
6425 12797
6426 12802
6427 12805
6428 12806
6429 12812
6430 12813
6431 12815
6432 12816
6433 12818
6434 12821
6435 12824
6436 12826
6437 12827
6438 12828
6439 12829
6440 12831
6441 12834
6442 12836
6443 12837
6444 12839
6445 12840
6446 12841
6447 12847
6448 12849
6449 12850
6450 12852
6451 12855
6452 12856
6453 12858
6454 12859
6455 12860
6456 12861
6457 12862
6458 12865
6459 12867
6460 12868
6461 12870
6462 12873
6463 12876
6464 12877
6465 12878
6466 12879
6467 12881
6468 12882
6469 12886
6470 12890
6471 12892
6472 12893
6473 12895
6474 12899
6475 12903
6476 12905
6477 12908
6478 12909
6479 12910
6480 12911
6481 12912
6482 12913
6483 12914
6484 12915
6485 12916
6486 12918
6487 12919
6488 12920
6489 12921
6490 12922
6491 12923
6492 12925
6493 12927
6494 12928
6495 12929
6496 12930
6497 12931
6498 12933
6499 12935
6500 12938
6501 12940
6502 12941
6503 12942
6504 12943
6505 12945
6506 12946
6507 12947
6508 12948
6509 12949
6510 12950
6511 12951
6512 12952
6513 12958
6514 12959
6515 12961
6516 12963
6517 12965
6518 12967
6519 12970
6520 12971
6521 12974
6522 12976
6523 12977
6524 12980
6525 12981
6526 12982
6527 12984
6528 12987
6529 12988
6530 12989
6531 12991
6532 12993
6533 12999
6534 13000
6535 13001
6536 13005
6537 13008
6538 13009
6539 13011
6540 13013
6541 13014
6542 13015
6543 13016
6544 13021
6545 13022
6546 13023
6547 13024
6548 13028
6549 13029
6550 13033
6551 13035
6552 13036
6553 13037
6554 13038
6555 13041
6556 13042
6557 13047
6558 13048
6559 13050
6560 13051
6561 13053
6562 13055
6563 13057
6564 13061
6565 13063
6566 13064
6567 13065
6568 13067
6569 13073
6570 13074
6571 13076
6572 13077
6573 13078
6574 13080
6575 13084
6576 13085
6577 13086
6578 13087
6579 13090
6580 13092
6581 13097
6582 13098
6583 13101
6584 13102
6585 13104
6586 13105
6587 13110
6588 13113
6589 13115
6590 13116
6591 13117
6592 13125
6593 13127
6594 13131
6595 13140
6596 13141
6597 13142
6598 13143
6599 13144
6600 13145
6601 13146
6602 13148
6603 13150
6604 13152
6605 13153
6606 13157
6607 13158
6608 13159
6609 13160
6610 13162
6611 13163
6612 13165
6613 13166
6614 13167
6615 13169
6616 13171
6617 13172
6618 13173
6619 13174
6620 13175
6621 13177
6622 13178
6623 13179
6624 13180
6625 13181
6626 13183
6627 13184
6628 13185
6629 13186
6630 13187
6631 13188
6632 13189
6633 13190
6634 13193
6635 13194
6636 13196
6637 13198
6638 13205
6639 13206
6640 13210
6641 13212
6642 13213
6643 13214
6644 13216
6645 13218
6646 13219
6647 13223
6648 13224
6649 13227
6650 13228
6651 13230
6652 13236
6653 13237
6654 13239
6655 13242
6656 13243
6657 13244
6658 13246
6659 13252
6660 13257
6661 13259
6662 13262
6663 13266
6664 13268
6665 13274
6666 13275
6667 13277
6668 13278
6669 13281
6670 13282
6671 13283
6672 13284
6673 13285
6674 13287
6675 13290
6676 13291
6677 13295
6678 13296
6679 13301
6680 13303
6681 13304
6682 13305
6683 13306
6684 13307
6685 13312
6686 13313
6687 13315
6688 13322
6689 13330
6690 13331
6691 13332
6692 13334
6693 13335
6694 13336
6695 13346
6696 13347
6697 13352
6698 13355
6699 13356
6700 13359
6701 13360
6702 13362
6703 13365
6704 13368
6705 13369
6706 13370
6707 13376
6708 13382
6709 13383
6710 13384
6711 13385
6712 13387
6713 13388
6714 13390
6715 13391
6716 13392
6717 13393
6718 13394
6719 13395
6720 13397
6721 13398
6722 13400
6723 13403
6724 13407
6725 13409
6726 13410
6727 13416
6728 13418
6729 13422
6730 13425
6731 13426
6732 13427
6733 13428
6734 13431
6735 13432
6736 13433
6737 13436
6738 13438
6739 13439
6740 13440
6741 13442
6742 13444
6743 13446
6744 13447
6745 13448
6746 13450
6747 13452
6748 13454
6749 13455
6750 13458
6751 13460
6752 13461
6753 13465
6754 13468
6755 13469
6756 13470
6757 13472
6758 13474
6759 13475
6760 13476
6761 13478
6762 13480
6763 13485
6764 13487
6765 13488
6766 13491
6767 13492
6768 13493
6769 13496
6770 13497
6771 13504
6772 13511
6773 13513
6774 13517
6775 13519
6776 13522
6777 13523
6778 13524
6779 13527
6780 13530
6781 13531
6782 13532
6783 13533
6784 13538
6785 13539
6786 13542
6787 13543
6788 13544
6789 13550
6790 13552
6791 13554
6792 13558
6793 13559
6794 13561
6795 13562
6796 13563
6797 13564
6798 13568
6799 13570
6800 13571
6801 13572
6802 13574
6803 13575
6804 13577
6805 13584
6806 13585
6807 13587
6808 13589
6809 13592
6810 13593
6811 13597
6812 13603
6813 13606
6814 13607
6815 13609
6816 13610
6817 13611
6818 13613
6819 13615
6820 13616
6821 13617
6822 13618
6823 13620
6824 13622
6825 13627
6826 13628
6827 13629
6828 13630
6829 13632
6830 13633
6831 13634
6832 13638
6833 13639
6834 13647
6835 13650
6836 13653
6837 13654
6838 13657
6839 13659
6840 13666
6841 13671
6842 13672
6843 13673
6844 13674
6845 13675
6846 13678
6847 13680
6848 13681
6849 13682
6850 13689
6851 13690
6852 13697
6853 13699
6854 13704
6855 13705
6856 13709
6857 13711
6858 13712
6859 13714
6860 13716
6861 13720
6862 13721
6863 13722
6864 13724
6865 13725
6866 13726
6867 13727
6868 13732
6869 13733
6870 13742
6871 13743
6872 13745
6873 13746
6874 13747
6875 13748
6876 13752
6877 13754
6878 13762
6879 13764
6880 13766
6881 13768
6882 13771
6883 13772
6884 13775
6885 13783
6886 13787
6887 13792
6888 13793
6889 13795
6890 13797
6891 13800
6892 13802
6893 13804
6894 13808
6895 13809
6896 13810
6897 13812
6898 13813
6899 13814
6900 13815
6901 13817
6902 13819
6903 13821
6904 13823
6905 13825
6906 13827
6907 13829
6908 13830
6909 13832
6910 13833
6911 13834
6912 13840
6913 13842
6914 13845
6915 13846
6916 13847
6917 13850
6918 13851
6919 13854
6920 13855
6921 13856
6922 13860
6923 13869
6924 13870
6925 13871
6926 13881
6927 13883
6928 13884
6929 13885
6930 13886
6931 13888
6932 13889
6933 13890
6934 13891
6935 13892
6936 13893
6937 13894
6938 13897
6939 13900
6940 13901
6941 13905
6942 13906
6943 13907
6944 13908
6945 13912
6946 13913
6947 13915
6948 13916
6949 13917
6950 13921
6951 13923
6952 13926
6953 13927
6954 13935
6955 13939
6956 13941
6957 13944
6958 13948
6959 13953
6960 13957
6961 13958
6962 13966
6963 13967
6964 13973
6965 13974
6966 13975
6967 13976
6968 13977
6969 13978
6970 13981
6971 13984
6972 13986
6973 13991
6974 13992
6975 13993
6976 13996
6977 14006
6978 14008
6979 14009
6980 14010
6981 14011
6982 14014
6983 14019
6984 14020
6985 14021
6986 14023
6987 14024
6988 14025
6989 14028
6990 14029
6991 14031
6992 14032
6993 14033
6994 14035
6995 14036
6996 14037
6997 14038
6998 14040
6999 14041
7000 14043
7001 14056
7002 14057
7003 14058
7004 14060
7005 14062
7006 14065
7007 14066
7008 14067
7009 14068
7010 14073
7011 14075
7012 14078
7013 14079
7014 14080
7015 14081
7016 14082
7017 14083
7018 14084
7019 14085
7020 14086
7021 14087
7022 14088
7023 14089
7024 14090
7025 14091
7026 14093
7027 14097
7028 14101
7029 14102
7030 14104
7031 14106
7032 14109
7033 14113
7034 14115
7035 14117
7036 14120
7037 14121
7038 14122
7039 14123
7040 14124
7041 14125
7042 14126
7043 14127
7044 14130
7045 14131
7046 14132
7047 14136
7048 14137
7049 14138
7050 14139
7051 14142
7052 14148
7053 14150
7054 14151
7055 14153
7056 14154
7057 14157
7058 14159
7059 14160
7060 14161
7061 14165
7062 14168
7063 14169
7064 14170
7065 14177
7066 14178
7067 14181
7068 14182
7069 14183
7070 14184
7071 14185
7072 14186
7073 14187
7074 14188
7075 14191
7076 14193
7077 14195
7078 14197
7079 14198
7080 14199
7081 14200
7082 14201
7083 14203
7084 14204
7085 14205
7086 14208
7087 14211
7088 14214
7089 14219
7090 14220
7091 14221
7092 14222
7093 14230
7094 14232
7095 14233
7096 14234
7097 14235
7098 14240
7099 14243
7100 14246
7101 14248
7102 14249
7103 14250
7104 14253
7105 14254
7106 14255
7107 14257
7108 14258
7109 14261
7110 14267
7111 14268
7112 14270
7113 14272
7114 14277
7115 14280
7116 14281
7117 14283
7118 14291
7119 14294
7120 14295
7121 14296
7122 14297
7123 14299
7124 14301
7125 14304
7126 14305
7127 14306
7128 14307
7129 14310
7130 14311
7131 14314
7132 14316
7133 14321
7134 14322
7135 14323
7136 14326
7137 14327
7138 14328
7139 14329
7140 14331
7141 14334
7142 14337
7143 14338
7144 14339
7145 14340
7146 14341
7147 14342
7148 14344
7149 14345
7150 14346
7151 14347
7152 14349
7153 14350
7154 14351
7155 14353
7156 14354
7157 14355
7158 14356
7159 14359
7160 14360
7161 14363
7162 14364
7163 14367
7164 14369
7165 14371
7166 14372
7167 14375
7168 14376
7169 14377
7170 14378
7171 14381
7172 14382
7173 14383
7174 14384
7175 14386
7176 14393
7177 14394
7178 14395
7179 14396
7180 14398
7181 14401
7182 14403
7183 14405
7184 14406
7185 14410
7186 14413
7187 14414
7188 14415
7189 14417
7190 14418
7191 14419
7192 14421
7193 14422
7194 14426
7195 14428
7196 14432
7197 14437
7198 14439
7199 14441
7200 14442
7201 14443
7202 14445
7203 14450
7204 14452
7205 14453
7206 14457
7207 14458
7208 14460
7209 14461
7210 14463
7211 14464
7212 14466
7213 14467
7214 14468
7215 14469
7216 14470
7217 14471
7218 14473
7219 14476
7220 14479
7221 14481
7222 14482
7223 14483
7224 14485
7225 14486
7226 14487
7227 14488
7228 14492
7229 14493
7230 14494
7231 14497
7232 14498
7233 14499
7234 14500
7235 14501
7236 14506
7237 14507
7238 14508
7239 14512
7240 14513
7241 14516
7242 14517
7243 14521
7244 14525
7245 14526
7246 14527
7247 14529
7248 14530
7249 14533
7250 14535
7251 14537
7252 14538
7253 14546
7254 14547
7255 14548
7256 14550
7257 14551
7258 14558
7259 14559
7260 14562
7261 14563
7262 14565
7263 14566
7264 14568
7265 14572
7266 14573
7267 14574
7268 14575
7269 14578
7270 14579
7271 14584
7272 14586
7273 14587
7274 14588
7275 14591
7276 14592
7277 14593
7278 14594
7279 14595
7280 14596
7281 14599
7282 14600
7283 14603
7284 14605
7285 14606
7286 14611
7287 14612
7288 14613
7289 14616
7290 14617
7291 14618
7292 14619
7293 14626
